Noise,SigD,SigI,PSNR
1,2.0,2.0,125.1471855
1,2.0,2.0,123.530837894
1,2.0,2.0,129.52604231
1,2.0,2.0,125.215774994
1,2.0,2.0,129.047026079
1,2.0,2.5,131.031021015
1,2.0,2.5,128.282639343
1,2.0,2.5,127.135940899
1,2.0,2.5,124.21702887
1,2.0,2.5,127.877561363
1,2.0,3.0,125.133244094
1,2.0,3.0,131.872785993
1,2.0,3.0,128.301790313
1,2.0,3.0,127.773451984
1,2.0,3.0,129.100795972
1,2.5,2.0,130.742367497
1,2.5,2.0,126.781296221
1,2.5,2.0,129.942431572
1,2.5,2.0,132.164768409
1,2.5,2.0,123.784152697
1,2.5,2.5,127.319776404
1,2.5,2.5,121.883867123
1,2.5,2.5,123.485680837
1,2.5,2.5,128.602317456
1,2.5,2.5,122.497204457
1,2.5,3.0,124.563765854
1,2.5,3.0,128.379421783
1,2.5,3.0,130.764381463
1,2.5,3.0,124.276010786
1,2.5,3.0,125.768968241
1,3.0,2.0,127.622560607
1,3.0,2.0,124.93046617
1,3.0,2.0,127.505449234
1,3.0,2.0,123.895808157
1,3.0,2.0,125.399008058
1,3.0,2.5,127.864829592
1,3.0,2.5,128.658030209
1,3.0,2.5,130.266139021
1,3.0,2.5,121.933759255
1,3.0,2.5,124.037345105
1,3.0,3.0,124.499086695
1,3.0,3.0,126.39975273
1,3.0,3.0,124.391111468
1,3.0,3.0,124.008514389
1,3.0,3.0,123.21546328
5,2.0,2.0,95.7732105588
5,2.0,2.0,96.6523653655
5,2.0,2.0,96.7350650756
5,2.0,2.0,94.7176691542
5,2.0,2.0,97.4331795818
5,2.0,2.5,94.3334012828
5,2.0,2.5,94.9942647268
5,2.0,2.5,96.8637638785
5,2.0,2.5,96.1281674218
5,2.0,2.5,91.6877342531
5,2.0,3.0,91.1701797202
5,2.0,3.0,95.3232869404
5,2.0,3.0,92.6921130629
5,2.0,3.0,90.9577012478
5,2.0,3.0,90.5695146643
5,2.5,2.0,96.6983312056
5,2.5,2.0,93.6152237591
5,2.5,2.0,95.6904259677
5,2.5,2.0,100.579276351
5,2.5,2.0,98.6966887049
5,2.5,2.5,94.6356158427
5,2.5,2.5,96.3506261065
5,2.5,2.5,100.733066124
5,2.5,2.5,100.186213476
5,2.5,2.5,95.5320730984
5,2.5,3.0,94.3139880403
5,2.5,3.0,99.3974377725
5,2.5,3.0,96.6346324815
5,2.5,3.0,98.1271578449
5,2.5,3.0,100.665111573
5,3.0,2.0,94.5375519809
5,3.0,2.0,97.7112111074
5,3.0,2.0,95.4635885551
5,3.0,2.0,95.725556757
5,3.0,2.0,100.399631751
5,3.0,2.5,102.414586331
5,3.0,2.5,102.815370453
5,3.0,2.5,93.4180357399
5,3.0,2.5,94.115551085
5,3.0,2.5,98.248752719
5,3.0,3.0,99.5599834689
5,3.0,3.0,99.5914168683
5,3.0,3.0,99.3230959679
5,3.0,3.0,92.2503711832
5,3.0,3.0,97.6210338348
10,2.0,2.0,79.5306090187
10,2.0,2.0,74.7145329401
10,2.0,2.0,80.0981555947
10,2.0,2.0,74.4240823282
10,2.0,2.0,79.2195813494
10,2.0,2.5,79.32346536
10,2.0,2.5,78.0480446101
10,2.0,2.5,78.1950553245
10,2.0,2.5,77.9082539473
10,2.0,2.5,77.9093468693
10,2.0,3.0,74.6075008603
10,2.0,3.0,74.9100989283
10,2.0,3.0,76.6094636907
10,2.0,3.0,75.2433138003
10,2.0,3.0,77.8200613658
10,2.5,2.0,80.5637844013
10,2.5,2.0,82.7093120249
10,2.5,2.0,78.7784636461
10,2.5,2.0,85.2564990485
10,2.5,2.0,76.6019684107
10,2.5,2.5,74.7408750378
10,2.5,2.5,83.0871831893
10,2.5,2.5,74.1635382414
10,2.5,2.5,78.3108235461
10,2.5,2.5,78.6906012852
10,2.5,3.0,73.8353438126
10,2.5,3.0,83.5599419192
10,2.5,3.0,78.4855685791
10,2.5,3.0,75.9904578724
10,2.5,3.0,82.7131432279
10,3.0,2.0,77.4802743677
10,3.0,2.0,84.2394709133
10,3.0,2.0,81.3742227764
10,3.0,2.0,75.2856021438
10,3.0,2.0,89.8353600365
10,3.0,2.5,81.4760053227
10,3.0,2.5,74.6642048189
10,3.0,2.5,77.0994065048
10,3.0,2.5,79.6402899324
10,3.0,2.5,72.995926368
10,3.0,3.0,79.3201721715
10,3.0,3.0,77.1824687142
10,3.0,3.0,75.7485010688
10,3.0,3.0,75.0928034985
10,3.0,3.0,79.1279643346
20,2.0,2.0,58.2200781564
20,2.0,2.0,60.2755338084
20,2.0,2.0,57.6989251009
20,2.0,2.0,60.6604955198
20,2.0,2.0,63.5101443574
20,2.0,2.5,59.9942455984
20,2.0,2.5,65.6899419565
20,2.0,2.5,63.6237907215
20,2.0,2.5,61.1056463219
20,2.0,2.5,63.4815352004
20,2.0,3.0,64.4501733449
20,2.0,3.0,58.5558095731
20,2.0,3.0,60.2645995377
20,2.0,3.0,60.5944045374
20,2.0,3.0,63.0712605599
20,2.5,2.0,56.3513379535
20,2.5,2.0,61.6282217515
20,2.5,2.0,57.5417877895
20,2.5,2.0,61.825389596
20,2.5,2.0,64.0696850502
20,2.5,2.5,65.303893109
20,2.5,2.5,65.392166593
20,2.5,2.5,60.7713002022
20,2.5,2.5,61.5956413101
20,2.5,2.5,61.0637308927
20,2.5,3.0,62.556030473
20,2.5,3.0,59.6511056158
20,2.5,3.0,60.0562884576
20,2.5,3.0,64.7180924763
20,2.5,3.0,60.8298896949
20,3.0,2.0,63.8618229431
20,3.0,2.0,64.1896590775
20,3.0,2.0,62.3403489487
20,3.0,2.0,66.0683358907
20,3.0,2.0,63.7507750371
20,3.0,2.5,67.4882747323
20,3.0,2.5,63.1249195798
20,3.0,2.5,64.4407891587
20,3.0,2.5,63.6063412473
20,3.0,2.5,66.2254069151
20,3.0,3.0,65.5806495933
20,3.0,3.0,64.6023971013
20,3.0,3.0,63.6434372035
20,3.0,3.0,63.8555269654
20,3.0,3.0,64.6964377521
30,2.0,2.0,54.0635318246
30,2.0,2.0,55.6804147381
30,2.0,2.0,56.8808235063
30,2.0,2.0,55.7702896444
30,2.0,2.0,53.7375423361
30,2.0,2.5,55.7095162419
30,2.0,2.5,56.7348750287
30,2.0,2.5,54.1920841789
30,2.0,2.5,58.2262443096
30,2.0,2.5,54.1446820915
30,2.0,3.0,57.776912433
30,2.0,3.0,50.2457008066
30,2.0,3.0,52.7783286685
30,2.0,3.0,52.5611119963
30,2.0,3.0,51.6930076777
30,2.5,2.0,54.8314066177
30,2.5,2.0,60.0779926676
30,2.5,2.0,52.8810184138
30,2.5,2.0,61.7091894013
30,2.5,2.0,59.6028720495
30,2.5,2.5,61.9329317991
30,2.5,2.5,55.004429012
30,2.5,2.5,57.2963621591
30,2.5,2.5,55.9788847529
30,2.5,2.5,59.4749663593
30,2.5,3.0,59.261024185
30,2.5,3.0,57.4533108542
30,2.5,3.0,58.3672521963
30,2.5,3.0,52.1566639518
30,2.5,3.0,53.5345718337
30,3.0,2.0,56.8387691243
30,3.0,2.0,54.5025583211
30,3.0,2.0,56.9823673436
30,3.0,2.0,56.739850382
30,3.0,2.0,59.47831346
30,3.0,2.5,56.5806657281
30,3.0,2.5,56.3717261344
30,3.0,2.5,56.2192486448
30,3.0,2.5,55.6952483501
30,3.0,2.5,53.954602636
30,3.0,3.0,55.8002699839
30,3.0,3.0,56.6519123778
30,3.0,3.0,58.1255433601
30,3.0,3.0,59.0221452478
30,3.0,3.0,56.5981804416
1,2.0,2.0,129.236983712
1,2.0,2.0,128.112835022
1,2.0,2.0,123.65000071
1,2.0,2.0,126.941981355
1,2.0,2.0,129.432051747
1,2.0,2.5,128.414166973
1,2.0,2.5,128.042470632
1,2.0,2.5,126.754717638
1,2.0,2.5,127.371337281
1,2.0,2.5,126.846000395
1,2.0,3.0,123.755014909
1,2.0,3.0,125.236671727
1,2.0,3.0,125.328287704
1,2.0,3.0,127.002699226
1,2.0,3.0,124.544930583
1,2.5,2.0,126.138459586
1,2.5,2.0,126.47987074
1,2.5,2.0,122.539864957
1,2.5,2.0,125.44854458
1,2.5,2.0,126.914720177
1,2.5,2.5,128.125655242
1,2.5,2.5,124.622329163
1,2.5,2.5,129.255964485
1,2.5,2.5,122.444415031
1,2.5,2.5,129.376239335
1,2.5,3.0,129.467897956
1,2.5,3.0,125.654652992
1,2.5,3.0,126.238734994
1,2.5,3.0,122.436826737
1,2.5,3.0,120.881670862
1,3.0,2.0,124.552994878
1,3.0,2.0,130.782674607
1,3.0,2.0,126.761806169
1,3.0,2.0,125.427707916
1,3.0,2.0,125.042526072
1,3.0,2.5,120.707126478
1,3.0,2.5,125.765530244
1,3.0,2.5,130.64985297
1,3.0,2.5,129.405413234
1,3.0,2.5,122.069161079
1,3.0,3.0,122.19078348
1,3.0,3.0,126.493228992
1,3.0,3.0,121.521117433
1,3.0,3.0,131.246061758
1,3.0,3.0,127.350493078
5,2.0,2.0,93.1391335232
5,2.0,2.0,90.7132565717
5,2.0,2.0,97.4564386657
5,2.0,2.0,95.1855085422
5,2.0,2.0,95.822750138
5,2.0,2.5,97.2825461754
5,2.0,2.5,99.3394744047
5,2.0,2.5,96.1509941604
5,2.0,2.5,96.7708923411
5,2.0,2.5,98.5970008957
5,2.0,3.0,96.4887015817
5,2.0,3.0,95.8770302575
5,2.0,3.0,95.1107793407
5,2.0,3.0,90.725958333
5,2.0,3.0,93.0403172756
5,2.5,2.0,94.5107240328
5,2.5,2.0,97.2855131568
5,2.5,2.0,98.8727399017
5,2.5,2.0,96.0182931306
5,2.5,2.0,98.634763785
5,2.5,2.5,96.5929806365
5,2.5,2.5,99.2789486485
5,2.5,2.5,92.8537535469
5,2.5,2.5,95.3811808609
5,2.5,2.5,91.1417907913
5,2.5,3.0,99.3171818021
5,2.5,3.0,94.5213244646
5,2.5,3.0,93.1096638206
5,2.5,3.0,98.3588405276
5,2.5,3.0,101.617453437
5,3.0,2.0,94.8174861967
5,3.0,2.0,97.5471140118
5,3.0,2.0,99.6388488625
5,3.0,2.0,95.895122678
5,3.0,2.0,96.6076885955
5,3.0,2.5,99.6285524131
5,3.0,2.5,104.857357737
5,3.0,2.5,98.81955714
5,3.0,2.5,102.744248333
5,3.0,2.5,96.0746552476
5,3.0,3.0,97.8038399021
5,3.0,3.0,92.6070932432
5,3.0,3.0,93.8172595939
5,3.0,3.0,96.4833454861
5,3.0,3.0,96.5071246264
10,2.0,2.0,80.0979970811
10,2.0,2.0,75.1540372796
10,2.0,2.0,76.2916774314
10,2.0,2.0,78.6437215019
10,2.0,2.0,76.4387370264
10,2.0,2.5,74.3652599987
10,2.0,2.5,77.9688981271
10,2.0,2.5,77.3916633728
10,2.0,2.5,77.7601905423
10,2.0,2.5,75.8139393584
10,2.0,3.0,81.8990759106
10,2.0,3.0,79.3423656242
10,2.0,3.0,74.4046479958
10,2.0,3.0,75.6259063736
10,2.0,3.0,78.7750840858
10,2.5,2.0,77.3429127099
10,2.5,2.0,79.6630728628
10,2.5,2.0,70.5845231367
10,2.5,2.0,80.5044850627
10,2.5,2.0,75.975657093
10,2.5,2.5,82.013485036
10,2.5,2.5,76.3634715243
10,2.5,2.5,74.6109880875
10,2.5,2.5,79.4516114814
10,2.5,2.5,78.2525966372
10,2.5,3.0,73.912960525
10,2.5,3.0,74.8907461863
10,2.5,3.0,77.736324935
10,2.5,3.0,76.8890836995
10,2.5,3.0,80.3731326874
10,3.0,2.0,78.4165849881
10,3.0,2.0,73.8274785848
10,3.0,2.0,82.3945063687
10,3.0,2.0,79.1346963971
10,3.0,2.0,79.8899830287
10,3.0,2.5,78.9662972374
10,3.0,2.5,71.8500404736
10,3.0,2.5,75.3461344276
10,3.0,2.5,80.7941618164
10,3.0,2.5,81.7236313238
10,3.0,3.0,79.8484373353
10,3.0,3.0,74.2031339051
10,3.0,3.0,80.8365997292
10,3.0,3.0,82.9057165213
10,3.0,3.0,74.7881604993
20,2.0,2.0,65.4648220406
20,2.0,2.0,65.6519443125
20,2.0,2.0,60.9825506039
20,2.0,2.0,61.8651430043
20,2.0,2.0,59.7818494464
20,2.0,2.5,62.2476454265
20,2.0,2.5,59.5192338126
20,2.0,2.5,65.5306058039
20,2.0,2.5,61.4590157379
20,2.0,2.5,62.6068522767
20,2.0,3.0,66.8787607966
20,2.0,3.0,60.5714218704
20,2.0,3.0,66.0550282864
20,2.0,3.0,60.4697965242
20,2.0,3.0,64.1362143303
20,2.5,2.0,61.9431197432
20,2.5,2.0,63.5932277505
20,2.5,2.0,58.822230986
20,2.5,2.0,61.9912312138
20,2.5,2.0,57.3804222754
20,2.5,2.5,63.1093610962
20,2.5,2.5,63.9170814996
20,2.5,2.5,61.3444363516
20,2.5,2.5,62.5049035019
20,2.5,2.5,61.2266967976
20,2.5,3.0,58.9177317705
20,2.5,3.0,63.535464015
20,2.5,3.0,60.0460865033
20,2.5,3.0,62.4088881125
20,2.5,3.0,60.4352956402
20,3.0,2.0,65.2838521967
20,3.0,2.0,63.0374104932
20,3.0,2.0,69.6357686823
20,3.0,2.0,64.5260397065
20,3.0,2.0,63.4826528652
20,3.0,2.5,59.9960612339
20,3.0,2.5,62.0892418059
20,3.0,2.5,61.1527518661
20,3.0,2.5,61.9501197571
20,3.0,2.5,65.4450544866
20,3.0,3.0,63.1534731616
20,3.0,3.0,60.1547456459
20,3.0,3.0,60.2041838633
20,3.0,3.0,69.0217361502
20,3.0,3.0,64.2501283869
30,2.0,2.0,53.5472371961
30,2.0,2.0,58.1331194017
30,2.0,2.0,56.0624621972
30,2.0,2.0,59.644517372
30,2.0,2.0,58.0976198102
30,2.0,2.5,49.9767864418
30,2.0,2.5,54.935400688
30,2.0,2.5,54.6863075276
30,2.0,2.5,57.2457912944
30,2.0,2.5,54.0799123567
30,2.0,3.0,52.2010860801
30,2.0,3.0,53.0659237289
30,2.0,3.0,53.7874352285
30,2.0,3.0,54.8547324304
30,2.0,3.0,56.0853503631
30,2.5,2.0,61.7114717871
30,2.5,2.0,57.0083412514
30,2.5,2.0,61.7530437612
30,2.5,2.0,52.3307930886
30,2.5,2.0,57.1036361462
30,2.5,2.5,56.5219740149
30,2.5,2.5,54.5626111957
30,2.5,2.5,55.8325180278
30,2.5,2.5,58.9349237492
30,2.5,2.5,54.1656203628
30,2.5,3.0,56.7722093626
30,2.5,3.0,53.1913421242
30,2.5,3.0,61.2568464125
30,2.5,3.0,55.577459421
30,2.5,3.0,55.5051646012
30,3.0,2.0,59.5486347386
30,3.0,2.0,59.2129731212
30,3.0,2.0,55.7854822574
30,3.0,2.0,59.5971522495
30,3.0,2.0,59.1353242578
30,3.0,2.5,59.842448698
30,3.0,2.5,56.5787242381
30,3.0,2.5,61.0435974321
30,3.0,2.5,57.9313746689
30,3.0,2.5,55.8821061795
30,3.0,3.0,56.5621672944
30,3.0,3.0,53.5906490077
30,3.0,3.0,58.567222755
30,3.0,3.0,54.7193468942
30,3.0,3.0,58.9010342069
1,2.8,1.8,125.740613947
1,2.8,1.8,125.824762694
1,2.8,1.8,126.301387269
1,2.8,1.8,123.402880754
1,2.8,1.8,129.348276404
1,2.8,2.0,131.259780712
1,2.8,2.0,126.3742303
1,2.8,2.0,131.298923524
1,2.8,2.0,127.308230279
1,2.8,2.0,122.99940711
1,2.8,2.2,122.804872328
1,2.8,2.2,124.093104564
1,2.8,2.2,126.874343127
1,2.8,2.2,127.199054223
1,2.8,2.2,126.313153209
1,3.0,1.8,126.737433062
1,3.0,1.8,122.668236833
1,3.0,1.8,128.321605163
1,3.0,1.8,126.872551581
1,3.0,1.8,124.314928185
1,3.0,2.0,126.511200568
1,3.0,2.0,128.122521039
1,3.0,2.0,127.75468647
1,3.0,2.0,124.505183848
1,3.0,2.0,122.485686246
1,3.0,2.2,125.379014189
1,3.0,2.2,122.222726578
1,3.0,2.2,129.017574462
1,3.0,2.2,123.718287723
1,3.0,2.2,125.70870937
1,3.2,1.8,125.904319899
1,3.2,1.8,130.395738191
1,3.2,1.8,119.775028991
1,3.2,1.8,132.49934982
1,3.2,1.8,127.016517358
1,3.2,2.0,127.746606753
1,3.2,2.0,124.167808668
1,3.2,2.0,123.306346374
1,3.2,2.0,123.802286097
1,3.2,2.0,123.419964581
1,3.2,2.2,125.88629858
1,3.2,2.2,120.512737051
1,3.2,2.2,121.610412057
1,3.2,2.2,129.202235775
1,3.2,2.2,124.66578272
5,2.8,1.8,99.3646972695
5,2.8,1.8,104.050088552
5,2.8,1.8,98.5448772267
5,2.8,1.8,98.1284823603
5,2.8,1.8,100.478190175
5,2.8,2.0,98.645384663
5,2.8,2.0,100.837746195
5,2.8,2.0,97.6184162973
5,2.8,2.0,98.8582241666
5,2.8,2.0,97.732312241
5,2.8,2.2,99.4191443015
5,2.8,2.2,99.6375983592
5,2.8,2.2,102.304494628
5,2.8,2.2,99.7848908361
5,2.8,2.2,102.569797467
5,3.0,1.8,101.372363818
5,3.0,1.8,99.2972701869
5,3.0,1.8,99.6852706753
5,3.0,1.8,100.265718568
5,3.0,1.8,97.1041294448
5,3.0,2.0,98.8843335996
5,3.0,2.0,99.4368584613
5,3.0,2.0,99.917678353
5,3.0,2.0,95.6162971812
5,3.0,2.0,97.8234300777
5,3.0,2.2,89.9318266514
5,3.0,2.2,96.9561082531
5,3.0,2.2,105.3457373
5,3.0,2.2,102.59303821
5,3.0,2.2,97.6354580027
5,3.2,1.8,96.2806617233
5,3.2,1.8,99.2545649304
5,3.2,1.8,104.910659141
5,3.2,1.8,96.529662281
5,3.2,1.8,96.9335851008
5,3.2,2.0,100.889612453
5,3.2,2.0,95.1156652886
5,3.2,2.0,94.7314661193
5,3.2,2.0,100.91696306
5,3.2,2.0,99.6500701227
5,3.2,2.2,106.701911994
5,3.2,2.2,95.5364642358
5,3.2,2.2,105.323520446
5,3.2,2.2,96.3436676256
5,3.2,2.2,99.311001515
10,2.8,1.8,83.0470367924
10,2.8,1.8,78.321607965
10,2.8,1.8,83.425627787
10,2.8,1.8,80.3292455579
10,2.8,1.8,81.2891416788
10,2.8,2.0,83.6755644276
10,2.8,2.0,81.0466000912
10,2.8,2.0,78.141372387
10,2.8,2.0,78.0569712566
10,2.8,2.0,87.5491880539
10,2.8,2.2,81.919179323
10,2.8,2.2,71.5492562162
10,2.8,2.2,74.1276176925
10,2.8,2.2,80.3173027079
10,2.8,2.2,77.7730258068
10,3.0,1.8,85.4200702851
10,3.0,1.8,82.2703041934
10,3.0,1.8,81.8192696158
10,3.0,1.8,75.9475436932
10,3.0,1.8,74.072427168
10,3.0,2.0,80.2913681272
10,3.0,2.0,81.0536163583
10,3.0,2.0,79.3662150201
10,3.0,2.0,78.7395862928
10,3.0,2.0,82.3543526382
10,3.0,2.2,76.7861054009
10,3.0,2.2,79.7773925534
10,3.0,2.2,70.9236631279
10,3.0,2.2,78.6440815452
10,3.0,2.2,86.5355686182
10,3.2,1.8,76.8950079003
10,3.2,1.8,80.691752931
10,3.2,1.8,80.477822958
10,3.2,1.8,83.5899360983
10,3.2,1.8,81.1287046066
10,3.2,2.0,77.1004129362
10,3.2,2.0,78.4433434813
10,3.2,2.0,82.5247219409
10,3.2,2.0,83.9079639701
10,3.2,2.0,82.1232889462
10,3.2,2.2,80.3745582597
10,3.2,2.2,80.564519218
10,3.2,2.2,80.2473001506
10,3.2,2.2,77.5748468716
10,3.2,2.2,74.3630922256
20,2.8,1.8,62.6193212878
20,2.8,1.8,65.9521956117
20,2.8,1.8,65.5667824661
20,2.8,1.8,61.070428318
20,2.8,1.8,68.171609264
20,2.8,2.0,64.1583611353
20,2.8,2.0,68.5663273659
20,2.8,2.0,64.7086152632
20,2.8,2.0,64.8558809417
20,2.8,2.0,62.2728646377
20,2.8,2.2,64.8030432723
20,2.8,2.2,64.0903573776
20,2.8,2.2,61.5884376697
20,2.8,2.2,65.0812225431
20,2.8,2.2,60.2387587589
20,3.0,1.8,64.1688396012
20,3.0,1.8,59.4240371399
20,3.0,1.8,67.5188211764
20,3.0,1.8,64.0285285533
20,3.0,1.8,58.8676318372
20,3.0,2.0,63.58287367
20,3.0,2.0,66.5103216693
20,3.0,2.0,60.0169012112
20,3.0,2.0,62.5444777078
20,3.0,2.0,66.9789609271
20,3.0,2.2,61.2037012113
20,3.0,2.2,63.8303139192
20,3.0,2.2,64.1274879208
20,3.0,2.2,66.551460436
20,3.0,2.2,64.131529595
20,3.2,1.8,62.974611947
20,3.2,1.8,63.4989402675
20,3.2,1.8,64.7799890778
20,3.2,1.8,63.3037142189
20,3.2,1.8,60.2193906254
20,3.2,2.0,61.5817246608
20,3.2,2.0,61.1301775126
20,3.2,2.0,63.4021763296
20,3.2,2.0,63.5121678527
20,3.2,2.0,63.795424781
20,3.2,2.2,61.1610632514
20,3.2,2.2,69.0538615965
20,3.2,2.2,64.7603442101
20,3.2,2.2,68.5103336192
20,3.2,2.2,62.5471406907
30,2.8,1.8,57.4196120931
30,2.8,1.8,52.6325334684
30,2.8,1.8,52.4834431741
30,2.8,1.8,54.8076977497
30,2.8,1.8,50.9421942315
30,2.8,2.0,58.6843214504
30,2.8,2.0,52.790967669
30,2.8,2.0,58.2148257988
30,2.8,2.0,54.2962687907
30,2.8,2.0,57.0908353638
30,2.8,2.2,56.172685173
30,2.8,2.2,53.7531035742
30,2.8,2.2,55.3881747157
30,2.8,2.2,57.5979343021
30,2.8,2.2,56.7354746634
30,3.0,1.8,57.7112349547
30,3.0,1.8,52.7341760563
30,3.0,1.8,57.1016325394
30,3.0,1.8,56.2612424148
30,3.0,1.8,53.0779760353
30,3.0,2.0,57.9370239052
30,3.0,2.0,55.905262229
30,3.0,2.0,61.6118097352
30,3.0,2.0,53.9815896816
30,3.0,2.0,56.7451993446
30,3.0,2.2,56.2970368391
30,3.0,2.2,56.7191774821
30,3.0,2.2,56.4907293584
30,3.0,2.2,60.8641439199
30,3.0,2.2,57.6031189157
30,3.2,1.8,57.0428048758
30,3.2,1.8,59.7190430925
30,3.2,1.8,55.4375680278
30,3.2,1.8,53.0646281182
30,3.2,1.8,54.2797608642
30,3.2,2.0,55.1821928515
30,3.2,2.0,59.5877679245
30,3.2,2.0,54.0897005095
30,3.2,2.0,60.6365843016
30,3.2,2.0,57.6775925931
30,3.2,2.2,58.7144524232
30,3.2,2.2,56.6635012871
30,3.2,2.2,58.866769442
30,3.2,2.2,59.0371622308
30,3.2,2.2,57.1787399651
1,2.8,1.8,128.107009153
1,2.8,1.8,128.554744031
1,2.8,1.8,125.296340612
1,2.8,1.8,128.794168922
1,2.8,1.8,125.628456721
1,2.8,2.0,127.408271726
1,2.8,2.0,127.376226463
1,2.8,2.0,130.11482652
1,2.8,2.0,125.51667875
1,2.8,2.0,124.484586284
1,2.8,2.2,122.620998794
1,2.8,2.2,124.611727091
1,2.8,2.2,120.619934585
1,2.8,2.2,125.893840891
1,2.8,2.2,127.312060208
1,3.0,1.8,128.002727539
1,3.0,1.8,126.562085179
1,3.0,1.8,128.213934046
1,3.0,1.8,128.056120295
1,3.0,1.8,128.391441956
1,3.0,2.0,128.184592353
1,3.0,2.0,124.707537869
1,3.0,2.0,121.060238787
1,3.0,2.0,122.286094289
1,3.0,2.0,124.728732269
1,3.0,2.2,127.194101081
1,3.0,2.2,125.157254157
1,3.0,2.2,121.289254991
1,3.0,2.2,123.307698705
1,3.0,2.2,125.433031025
1,3.2,1.8,124.297698458
1,3.2,1.8,128.076073528
1,3.2,1.8,126.528395394
1,3.2,1.8,121.164018866
1,3.2,1.8,123.961469839
1,3.2,2.0,128.358443229
1,3.2,2.0,123.336943895
1,3.2,2.0,126.464473542
1,3.2,2.0,128.072272702
1,3.2,2.0,130.644716588
1,3.2,2.2,123.82793844
1,3.2,2.2,124.956858773
1,3.2,2.2,128.036125198
1,3.2,2.2,123.3770287
1,3.2,2.2,125.746370556
5,2.8,1.8,103.890904611
5,2.8,1.8,98.2396272006
5,2.8,1.8,97.1621521268
5,2.8,1.8,99.6969568347
5,2.8,1.8,103.927273676
5,2.8,2.0,98.6389970768
5,2.8,2.0,96.4303242617
5,2.8,2.0,99.7619193969
5,2.8,2.0,96.3212979072
5,2.8,2.0,97.4332254101
5,2.8,2.2,105.498929243
5,2.8,2.2,95.5910106902
5,2.8,2.2,100.771768035
5,2.8,2.2,100.987175193
5,2.8,2.2,94.4620917474
5,3.0,1.8,102.773184954
5,3.0,1.8,101.958802945
5,3.0,1.8,101.702287129
5,3.0,1.8,99.2055755007
5,3.0,1.8,98.4136332074
5,3.0,2.0,97.480878105
5,3.0,2.0,100.06086222
5,3.0,2.0,100.416342273
5,3.0,2.0,94.8329517592
5,3.0,2.0,100.029889887
5,3.0,2.2,99.359695089
5,3.0,2.2,100.11095301
5,3.0,2.2,98.7315022295
5,3.0,2.2,100.050188108
5,3.0,2.2,97.9028631914
5,3.2,1.8,98.4961681556
5,3.2,1.8,100.309505419
5,3.2,1.8,96.9929524168
5,3.2,1.8,97.4508717978
5,3.2,1.8,93.9079985073
5,3.2,2.0,101.286404369
5,3.2,2.0,95.5066418214
5,3.2,2.0,98.8092811006
5,3.2,2.0,98.3904223245
5,3.2,2.0,93.7950391317
5,3.2,2.2,97.5126738883
5,3.2,2.2,98.1886558783
5,3.2,2.2,95.9155953848
5,3.2,2.2,102.534872968
5,3.2,2.2,98.0648351582
10,2.8,1.8,83.0358289625
10,2.8,1.8,79.2619489754
10,2.8,1.8,79.6472454249
10,2.8,1.8,77.1215787088
10,2.8,1.8,78.772501097
10,2.8,2.0,78.8535012371
10,2.8,2.0,77.7820497103
10,2.8,2.0,83.8062506827
10,2.8,2.0,79.0280063006
10,2.8,2.0,79.3800276408
10,2.8,2.2,77.0361825338
10,2.8,2.2,77.0810522262
10,2.8,2.2,74.9851410935
10,2.8,2.2,75.4929742919
10,2.8,2.2,78.0027556722
10,3.0,1.8,80.3641377765
10,3.0,1.8,81.4497891997
10,3.0,1.8,84.0473237916
10,3.0,1.8,80.4609075093
10,3.0,1.8,84.1129656097
10,3.0,2.0,73.9179919925
10,3.0,2.0,79.3444004396
10,3.0,2.0,84.2059229185
10,3.0,2.0,85.0560595716
10,3.0,2.0,79.4992341689
10,3.0,2.2,80.2356565072
10,3.0,2.2,86.5473199688
10,3.0,2.2,77.5065039174
10,3.0,2.2,79.2662928189
10,3.0,2.2,80.768717032
10,3.2,1.8,87.1952377014
10,3.2,1.8,82.7737807897
10,3.2,1.8,86.3553322995
10,3.2,1.8,79.9817960901
10,3.2,1.8,86.0100076059
10,3.2,2.0,76.472306397
10,3.2,2.0,82.1841095194
10,3.2,2.0,77.776458481
10,3.2,2.0,72.3615266456
10,3.2,2.0,83.7256970564
10,3.2,2.2,81.8127648703
10,3.2,2.2,80.7279181549
10,3.2,2.2,78.1261256573
10,3.2,2.2,84.654197164
10,3.2,2.2,80.2809049472
20,2.8,1.8,62.657662414
20,2.8,1.8,61.4595722256
20,2.8,1.8,64.6546649874
20,2.8,1.8,69.06907461
20,2.8,1.8,70.2580583092
20,2.8,2.0,66.09710601
20,2.8,2.0,61.759761077
20,2.8,2.0,63.968893269
20,2.8,2.0,59.1812248703
20,2.8,2.0,64.1583527033
20,2.8,2.2,66.8331274542
20,2.8,2.2,60.0929417432
20,2.8,2.2,65.4900715491
20,2.8,2.2,60.7815035396
20,2.8,2.2,60.4632753175
20,3.0,1.8,65.767999466
20,3.0,1.8,65.022526624
20,3.0,1.8,63.2653284913
20,3.0,1.8,66.7545736522
20,3.0,1.8,61.4145009519
20,3.0,2.0,62.783374393
20,3.0,2.0,66.4064186639
20,3.0,2.0,70.7261262041
20,3.0,2.0,64.4143924758
20,3.0,2.0,65.2915612739
20,3.0,2.2,69.0411569885
20,3.0,2.2,61.2643395384
20,3.0,2.2,62.856485131
20,3.0,2.2,61.9864847927
20,3.0,2.2,65.0078867698
20,3.2,1.8,62.1806635449
20,3.2,1.8,65.5601174481
20,3.2,1.8,62.7722191214
20,3.2,1.8,68.6892532091
20,3.2,1.8,65.0161022224
20,3.2,2.0,69.1425577844
20,3.2,2.0,62.586914481
20,3.2,2.0,67.7972263627
20,3.2,2.0,59.9252319593
20,3.2,2.0,60.6216290365
20,3.2,2.2,59.8657291818
20,3.2,2.2,64.9419327619
20,3.2,2.2,58.2344901948
20,3.2,2.2,59.2999408155
20,3.2,2.2,64.251685359
30,2.8,1.8,58.0478270071
30,2.8,1.8,58.0760411975
30,2.8,1.8,55.2304657011
30,2.8,1.8,58.7304528086
30,2.8,1.8,53.3981886313
30,2.8,2.0,57.2061452989
30,2.8,2.0,58.6981139574
30,2.8,2.0,56.6550403465
30,2.8,2.0,57.6632907348
30,2.8,2.0,57.2314068601
30,2.8,2.2,57.1693706219
30,2.8,2.2,58.4805605867
30,2.8,2.2,55.1090350111
30,2.8,2.2,55.4271585207
30,2.8,2.2,55.0665006248
30,3.0,1.8,61.0490007085
30,3.0,1.8,57.7996716986
30,3.0,1.8,55.8074322679
30,3.0,1.8,55.0679766254
30,3.0,1.8,57.0372478673
30,3.0,2.0,54.2171775794
30,3.0,2.0,59.1717322315
30,3.0,2.0,55.8287728699
30,3.0,2.0,56.8632656713
30,3.0,2.0,56.0334034787
30,3.0,2.2,55.5030886324
30,3.0,2.2,54.5547055083
30,3.0,2.2,53.0688620131
30,3.0,2.2,55.0996542986
30,3.0,2.2,57.4457074859
30,3.2,1.8,60.2049885552
30,3.2,1.8,59.8301505766
30,3.2,1.8,57.9327551299
30,3.2,1.8,60.8382269776
30,3.2,1.8,54.9038213856
30,3.2,2.0,55.3683024668
30,3.2,2.0,55.4871983215
30,3.2,2.0,66.008777594
30,3.2,2.0,56.1150895476
30,3.2,2.0,56.0144950953
30,3.2,2.2,59.6081417459
30,3.2,2.2,57.2552546368
30,3.2,2.2,58.0079673624
30,3.2,2.2,50.390206507
30,3.2,2.2,56.8234322557
1,2.8,1.6,122.873048708
1,2.8,1.6,128.026581737
1,2.8,1.6,125.669353837
1,2.8,1.6,128.471044315
1,2.8,1.6,130.348026863
1,2.8,1.8,128.934726044
1,2.8,1.8,125.934707499
1,2.8,1.8,125.960872663
1,2.8,1.8,124.503072098
1,2.8,1.8,124.801859289
1,2.8,2.0,124.15735765
1,2.8,2.0,129.56319699
1,2.8,2.0,124.911349381
1,2.8,2.0,126.735342066
1,2.8,2.0,130.30119994
1,3.0,1.6,123.489806561
1,3.0,1.6,124.541446443
1,3.0,1.6,122.317623346
1,3.0,1.6,128.957061233
1,3.0,1.6,123.696808365
1,3.0,1.8,131.956621448
1,3.0,1.8,124.957433083
1,3.0,1.8,122.488476589
1,3.0,1.8,124.524061407
1,3.0,1.8,124.505045879
1,3.0,2.0,128.365185333
1,3.0,2.0,126.384430103
1,3.0,2.0,125.519085072
1,3.0,2.0,124.306190447
1,3.0,2.0,127.903086578
1,3.2,1.6,123.161185555
1,3.2,1.6,128.191352358
1,3.2,1.6,125.118007083
1,3.2,1.6,123.673533495
1,3.2,1.6,120.742092093
1,3.2,1.8,126.302270855
1,3.2,1.8,126.046264337
1,3.2,1.8,123.481106765
1,3.2,1.8,120.601596863
1,3.2,1.8,124.004086829
1,3.2,2.0,123.945863363
1,3.2,2.0,124.853547373
1,3.2,2.0,125.986461973
1,3.2,2.0,122.344599087
1,3.2,2.0,124.020843894
5,2.8,1.6,98.8643290091
5,2.8,1.6,96.0601759704
5,2.8,1.6,96.7360929497
5,2.8,1.6,97.3761240734
5,2.8,1.6,94.0197881583
5,2.8,1.8,95.1001861451
5,2.8,1.8,101.866797857
5,2.8,1.8,106.498797196
5,2.8,1.8,99.2896245919
5,2.8,1.8,94.3337202642
5,2.8,2.0,99.0944849436
5,2.8,2.0,96.2785540216
5,2.8,2.0,96.239141831
5,2.8,2.0,92.5211781997
5,2.8,2.0,98.7381549917
5,3.0,1.6,99.5711793831
5,3.0,1.6,99.1259241283
5,3.0,1.6,100.149548809
5,3.0,1.6,98.1035931654
5,3.0,1.6,101.739533814
5,3.0,1.8,99.0642552536
5,3.0,1.8,102.523882843
5,3.0,1.8,98.7275273988
5,3.0,1.8,101.892458768
5,3.0,1.8,97.3304711588
5,3.0,2.0,96.5097023226
5,3.0,2.0,99.4874203252
5,3.0,2.0,101.929577115
5,3.0,2.0,102.205343457
5,3.0,2.0,98.5836667177
5,3.2,1.6,97.6901578169
5,3.2,1.6,96.7490886426
5,3.2,1.6,99.5809532032
5,3.2,1.6,95.0786654245
5,3.2,1.6,103.040046049
5,3.2,1.8,100.944987849
5,3.2,1.8,101.649161681
5,3.2,1.8,95.451437129
5,3.2,1.8,99.0390509409
5,3.2,1.8,103.744715095
5,3.2,2.0,97.8430095931
5,3.2,2.0,100.974102701
5,3.2,2.0,95.2608788883
5,3.2,2.0,98.6247462921
5,3.2,2.0,104.519579485
10,2.8,1.6,75.730616063
10,2.8,1.6,75.2114126018
10,2.8,1.6,74.8997003514
10,2.8,1.6,80.7134167295
10,2.8,1.6,80.3226638007
10,2.8,1.8,76.6780365067
10,2.8,1.8,79.8042108679
10,2.8,1.8,81.2388193023
10,2.8,1.8,74.0482553905
10,2.8,1.8,86.8682294596
10,2.8,2.0,80.9715762158
10,2.8,2.0,77.1921738297
10,2.8,2.0,84.9137050148
10,2.8,2.0,78.7927687613
10,2.8,2.0,83.2417524353
10,3.0,1.6,80.2395424339
10,3.0,1.6,80.8987465122
10,3.0,1.6,80.5275066912
10,3.0,1.6,76.8168257177
10,3.0,1.6,78.0862230559
10,3.0,1.8,79.9904500905
10,3.0,1.8,79.5609078185
10,3.0,1.8,82.8984465611
10,3.0,1.8,81.013852849
10,3.0,1.8,81.7574908373
10,3.0,2.0,84.5228617899
10,3.0,2.0,75.1665353604
10,3.0,2.0,86.9785340761
10,3.0,2.0,75.5765820487
10,3.0,2.0,86.9757946156
10,3.2,1.6,76.3316177023
10,3.2,1.6,78.6139040781
10,3.2,1.6,86.7722383306
10,3.2,1.6,76.1002955494
10,3.2,1.6,83.9603411177
10,3.2,1.8,83.1200974314
10,3.2,1.8,81.1803627545
10,3.2,1.8,82.4977441024
10,3.2,1.8,79.4562722935
10,3.2,1.8,82.8945192785
10,3.2,2.0,83.8502790292
10,3.2,2.0,76.1005511547
10,3.2,2.0,84.6708707572
10,3.2,2.0,76.8683820239
10,3.2,2.0,85.1654026206
20,2.8,1.6,67.1835502635
20,2.8,1.6,60.4076363049
20,2.8,1.6,57.8005267632
20,2.8,1.6,63.0847848604
20,2.8,1.6,60.7648465095
20,2.8,1.8,64.0256446029
20,2.8,1.8,61.310166785
20,2.8,1.8,62.5417944992
20,2.8,1.8,62.0845465194
20,2.8,1.8,62.1781129824
20,2.8,2.0,68.939432276
20,2.8,2.0,63.4160796143
20,2.8,2.0,61.7268740394
20,2.8,2.0,63.2910507642
20,2.8,2.0,65.2446620053
20,3.0,1.6,63.804517497
20,3.0,1.6,66.1208854982
20,3.0,1.6,58.4683439116
20,3.0,1.6,63.5563476662
20,3.0,1.6,62.192327465
20,3.0,1.8,62.9690680628
20,3.0,1.8,67.6725532704
20,3.0,1.8,64.2707282352
20,3.0,1.8,61.3469522346
20,3.0,1.8,62.7024939428
20,3.0,2.0,67.2773727172
20,3.0,2.0,62.3026880954
20,3.0,2.0,63.0317465774
20,3.0,2.0,71.6699537115
20,3.0,2.0,61.282910499
20,3.2,1.6,64.4834879179
20,3.2,1.6,65.0326890334
20,3.2,1.6,61.0253333958
20,3.2,1.6,62.5443943954
20,3.2,1.6,67.4120621995
20,3.2,1.8,64.8874082765
20,3.2,1.8,63.8628193602
20,3.2,1.8,68.4341981935
20,3.2,1.8,66.756796137
20,3.2,1.8,66.3266328241
20,3.2,2.0,64.0494082768
20,3.2,2.0,62.535197472
20,3.2,2.0,70.1749739151
20,3.2,2.0,64.1208359252
20,3.2,2.0,59.5516974056
30,2.8,1.6,52.9982037887
30,2.8,1.6,52.5358451686
30,2.8,1.6,59.8768780495
30,2.8,1.6,59.4684023559
30,2.8,1.6,55.9396883737
30,2.8,1.8,58.2954295748
30,2.8,1.8,54.4138484948
30,2.8,1.8,54.0488051453
30,2.8,1.8,59.753002881
30,2.8,1.8,58.8810547134
30,2.8,2.0,61.1956581086
30,2.8,2.0,61.5931520125
30,2.8,2.0,59.432573497
30,2.8,2.0,53.7249372018
30,2.8,2.0,53.6403544101
30,3.0,1.6,61.6638078728
30,3.0,1.6,54.5421097658
30,3.0,1.6,58.594637724
30,3.0,1.6,60.3800096246
30,3.0,1.6,56.6913236148
30,3.0,1.8,57.0629269791
30,3.0,1.8,55.7270968308
30,3.0,1.8,56.9244943147
30,3.0,1.8,57.7466310644
30,3.0,1.8,51.9629933872
30,3.0,2.0,56.2481489659
30,3.0,2.0,55.0674268296
30,3.0,2.0,53.765963185
30,3.0,2.0,59.7955224978
30,3.0,2.0,56.8827278111
30,3.2,1.6,57.5897177072
30,3.2,1.6,61.6072945724
30,3.2,1.6,58.7972208204
30,3.2,1.6,58.1474240411
30,3.2,1.6,59.0942307972
30,3.2,1.8,57.9834265892
30,3.2,1.8,57.6659767255
30,3.2,1.8,60.7150538415
30,3.2,1.8,54.1567650247
30,3.2,1.8,60.4046032753
30,3.2,2.0,52.1034487105
30,3.2,2.0,55.7672427405
30,3.2,2.0,55.868909397
30,3.2,2.0,60.390789091
30,3.2,2.0,53.2627960831
1,2.8,1.6,126.621282702
1,2.8,1.6,132.170801666
1,2.8,1.6,126.479033755
1,2.8,1.6,124.645206895
1,2.8,1.6,128.853102345
1,2.8,1.8,124.066939394
1,2.8,1.8,126.471625773
1,2.8,1.8,127.940282464
1,2.8,1.8,125.480317116
1,2.8,1.8,128.757419599
1,2.8,2.0,132.375825342
1,2.8,2.0,127.275732985
1,2.8,2.0,126.364441662
1,2.8,2.0,124.707737209
1,2.8,2.0,127.764021179
1,3.0,1.6,123.309765439
1,3.0,1.6,126.596058178
1,3.0,1.6,123.204343545
1,3.0,1.6,121.792017104
1,3.0,1.6,123.155098156
1,3.0,1.8,124.2791917
1,3.0,1.8,124.878596639
1,3.0,1.8,124.366712964
1,3.0,1.8,125.419494101
1,3.0,1.8,122.602751239
1,3.0,2.0,125.318998274
1,3.0,2.0,125.479137772
1,3.0,2.0,123.019094911
1,3.0,2.0,126.44544392
1,3.0,2.0,126.014317339
1,3.2,1.6,124.365479939
1,3.2,1.6,127.065805159
1,3.2,1.6,120.659602153
1,3.2,1.6,121.247426805
1,3.2,1.6,125.874266429
1,3.2,1.8,120.928190021
1,3.2,1.8,123.656575098
1,3.2,1.8,127.176528446
1,3.2,1.8,128.163909978
1,3.2,1.8,127.987334391
1,3.2,2.0,127.320727153
1,3.2,2.0,124.576306168
1,3.2,2.0,123.197752577
1,3.2,2.0,125.983954334
1,3.2,2.0,123.798457595
5,2.8,1.6,101.249169066
5,2.8,1.6,97.5159233909
5,2.8,1.6,99.6216898799
5,2.8,1.6,96.6817229932
5,2.8,1.6,100.258112119
5,2.8,1.8,94.6727240869
5,2.8,1.8,97.51820859
5,2.8,1.8,100.638616575
5,2.8,1.8,96.0289470226
5,2.8,1.8,98.2999072298
5,2.8,2.0,92.8734814435
5,2.8,2.0,98.4046856444
5,2.8,2.0,104.129418395
5,2.8,2.0,94.6384786615
5,2.8,2.0,94.5620041536
5,3.0,1.6,96.4689160631
5,3.0,1.6,104.304547255
5,3.0,1.6,92.5042601964
5,3.0,1.6,101.13644393
5,3.0,1.6,101.176373129
5,3.0,1.8,98.7569483956
5,3.0,1.8,98.6520972117
5,3.0,1.8,93.5652256595
5,3.0,1.8,96.9342891009
5,3.0,1.8,102.972755629
5,3.0,2.0,98.7228494088
5,3.0,2.0,99.3752256249
5,3.0,2.0,100.243355544
5,3.0,2.0,99.7325313488
5,3.0,2.0,96.9277718894
5,3.2,1.6,100.607671931
5,3.2,1.6,99.0606553359
5,3.2,1.6,96.127816407
5,3.2,1.6,102.863977907
5,3.2,1.6,95.7992554483
5,3.2,1.8,95.8990479723
5,3.2,1.8,99.1208019629
5,3.2,1.8,94.2492121431
5,3.2,1.8,98.6408282352
5,3.2,1.8,99.0955087934
5,3.2,2.0,98.0262353959
5,3.2,2.0,98.7893389273
5,3.2,2.0,101.328468498
5,3.2,2.0,95.8513675897
5,3.2,2.0,101.542342405
10,2.8,1.6,79.6552765372
10,2.8,1.6,76.3893830327
10,2.8,1.6,80.4026112021
10,2.8,1.6,81.6776481419
10,2.8,1.6,75.7429768252
10,2.8,1.8,83.0411075918
10,2.8,1.8,72.3748668422
10,2.8,1.8,82.732989749
10,2.8,1.8,73.8553556625
10,2.8,1.8,85.3163646084
10,2.8,2.0,82.4156563408
10,2.8,2.0,77.7998163846
10,2.8,2.0,88.4057369279
10,2.8,2.0,75.3067219731
10,2.8,2.0,80.3165466413
10,3.0,1.6,80.4201277822
10,3.0,1.6,81.9519713111
10,3.0,1.6,82.8897460849
10,3.0,1.6,76.0667172031
10,3.0,1.6,84.7666816613
10,3.0,1.8,79.1208898555
10,3.0,1.8,81.3429621872
10,3.0,1.8,82.2328962847
10,3.0,1.8,80.0032763207
10,3.0,1.8,86.4333735291
10,3.0,2.0,80.5849520238
10,3.0,2.0,83.3993136781
10,3.0,2.0,79.4485687945
10,3.0,2.0,80.6025915308
10,3.0,2.0,84.3279249658
10,3.2,1.6,75.5398348503
10,3.2,1.6,83.5700374008
10,3.2,1.6,81.1418268753
10,3.2,1.6,75.9244713238
10,3.2,1.6,78.9649471309
10,3.2,1.8,85.7171269566
10,3.2,1.8,77.9427711969
10,3.2,1.8,82.7680766862
10,3.2,1.8,79.0628426299
10,3.2,1.8,79.1938406446
10,3.2,2.0,74.1831619789
10,3.2,2.0,87.4147795578
10,3.2,2.0,82.8501032345
10,3.2,2.0,80.9696374598
10,3.2,2.0,80.2398980403
20,2.8,1.6,59.7156444648
20,2.8,1.6,67.8832749352
20,2.8,1.6,64.1708964069
20,2.8,1.6,58.7732808795
20,2.8,1.6,65.7520273141
20,2.8,1.8,63.537777934
20,2.8,1.8,56.402632118
20,2.8,1.8,62.6481535317
20,2.8,1.8,68.0117734065
20,2.8,1.8,62.313297236
20,2.8,2.0,66.1620538208
20,2.8,2.0,62.8055172384
20,2.8,2.0,67.0685280128
20,2.8,2.0,64.0172338545
20,2.8,2.0,64.6587267837
20,3.0,1.6,61.495991221
20,3.0,1.6,61.3550048576
20,3.0,1.6,59.8962409578
20,3.0,1.6,66.0348526498
20,3.0,1.6,60.2755962075
20,3.0,1.8,61.2940560026
20,3.0,1.8,65.7409404849
20,3.0,1.8,58.5246094728
20,3.0,1.8,64.1377316668
20,3.0,1.8,66.256553053
20,3.0,2.0,61.1029511391
20,3.0,2.0,64.4320950192
20,3.0,2.0,71.0112388549
20,3.0,2.0,65.7036834571
20,3.0,2.0,64.2296398839
20,3.2,1.6,68.3459994073
20,3.2,1.6,61.139318885
20,3.2,1.6,63.3908070461
20,3.2,1.6,63.1104704415
20,3.2,1.6,65.1401493442
20,3.2,1.8,62.5914561804
20,3.2,1.8,56.8067991391
20,3.2,1.8,60.886312044
20,3.2,1.8,62.734657922
20,3.2,1.8,66.3417586065
20,3.2,2.0,60.0249706046
20,3.2,2.0,62.5774126905
20,3.2,2.0,62.5290712057
20,3.2,2.0,62.1496871351
20,3.2,2.0,63.9655259443
30,2.8,1.6,54.2124034705
30,2.8,1.6,54.3641249493
30,2.8,1.6,60.786202478
30,2.8,1.6,56.7473065718
30,2.8,1.6,52.8606731477
30,2.8,1.8,54.3532923082
30,2.8,1.8,54.8960082078
30,2.8,1.8,54.6182071301
30,2.8,1.8,54.9068895048
30,2.8,1.8,57.4645174747
30,2.8,2.0,58.8750770039
30,2.8,2.0,58.0876768629
30,2.8,2.0,51.9583960103
30,2.8,2.0,56.3481478339
30,2.8,2.0,52.9560141923
30,3.0,1.6,56.2528497357
30,3.0,1.6,56.5367486989
30,3.0,1.6,55.8033707391
30,3.0,1.6,60.6381162439
30,3.0,1.6,61.6413313551
30,3.0,1.8,51.8478445337
30,3.0,1.8,55.8862240443
30,3.0,1.8,58.4834863649
30,3.0,1.8,54.5892214179
30,3.0,1.8,56.1609599117
30,3.0,2.0,60.721727845
30,3.0,2.0,54.5741482096
30,3.0,2.0,62.4783414043
30,3.0,2.0,61.87845451
30,3.0,2.0,60.0301126022
30,3.2,1.6,57.7138598184
30,3.2,1.6,53.6420211478
30,3.2,1.6,57.2962652679
30,3.2,1.6,63.1940452885
30,3.2,1.6,52.9653385389
30,3.2,1.8,53.7967177942
30,3.2,1.8,59.0322288023
30,3.2,1.8,57.8525035312
30,3.2,1.8,57.9373330604
30,3.2,1.8,56.363694401
30,3.2,2.0,54.0787461922
30,3.2,2.0,53.2257482103
30,3.2,2.0,57.7417374367
30,3.2,2.0,54.0093008084
30,3.2,2.0,55.9693569299
1,3.1,1.7,123.45263481
1,3.1,1.7,124.853763599
1,3.1,1.7,122.362657392
1,3.1,1.7,126.071662515
1,3.1,1.7,126.382297015
1,3.1,1.8,127.547499202
1,3.1,1.8,123.61343714
1,3.1,1.8,124.450805765
1,3.1,1.8,123.072030775
1,3.1,1.8,127.026040172
1,3.1,1.9,126.095373097
1,3.1,1.9,122.42565439
1,3.1,1.9,124.721980111
1,3.1,1.9,126.516223835
1,3.1,1.9,129.803367099
1,3.2,1.7,124.776304798
1,3.2,1.7,122.766235524
1,3.2,1.7,125.03603561
1,3.2,1.7,125.819089018
1,3.2,1.7,120.751379032
1,3.2,1.8,122.552442162
1,3.2,1.8,122.049732724
1,3.2,1.8,122.993786428
1,3.2,1.8,122.574703873
1,3.2,1.8,124.05249019
1,3.2,1.9,126.547320864
1,3.2,1.9,125.740570213
1,3.2,1.9,126.627109366
1,3.2,1.9,124.949102129
1,3.2,1.9,125.148390181
1,3.3,1.7,127.929770221
1,3.3,1.7,121.776276012
1,3.3,1.7,123.987941445
1,3.3,1.7,124.069365938
1,3.3,1.7,122.669974588
1,3.3,1.8,126.464529185
1,3.3,1.8,122.416594641
1,3.3,1.8,123.564991401
1,3.3,1.8,122.78228102
1,3.3,1.8,125.255440282
1,3.3,1.9,126.460470054
1,3.3,1.9,128.164268379
1,3.3,1.9,120.544076351
1,3.3,1.9,127.459584755
1,3.3,1.9,121.306385759
5,3.1,1.7,93.1708582795
5,3.1,1.7,99.2437438432
5,3.1,1.7,95.0550844338
5,3.1,1.7,99.3933236224
5,3.1,1.7,98.0485140278
5,3.1,1.8,97.7256526747
5,3.1,1.8,97.3889620658
5,3.1,1.8,100.639591295
5,3.1,1.8,100.048160817
5,3.1,1.8,102.680758429
5,3.1,1.9,100.010669068
5,3.1,1.9,95.9443691772
5,3.1,1.9,101.992510637
5,3.1,1.9,97.3873016172
5,3.1,1.9,98.5078843848
5,3.2,1.7,100.261267314
5,3.2,1.7,103.179174162
5,3.2,1.7,99.4031499243
5,3.2,1.7,98.4423686842
5,3.2,1.7,100.100029625
5,3.2,1.8,96.9193229154
5,3.2,1.8,101.26112109
5,3.2,1.8,105.391559666
5,3.2,1.8,100.845042057
5,3.2,1.8,99.7567087074
5,3.2,1.9,99.9766274123
5,3.2,1.9,98.1882294088
5,3.2,1.9,98.4988580141
5,3.2,1.9,101.294830536
5,3.2,1.9,97.771240372
5,3.3,1.7,99.7501059267
5,3.3,1.7,100.123423727
5,3.3,1.7,99.1109095982
5,3.3,1.7,99.3967961087
5,3.3,1.7,100.42827897
5,3.3,1.8,99.8516571059
5,3.3,1.8,98.2273893587
5,3.3,1.8,93.097455405
5,3.3,1.8,95.8640640083
5,3.3,1.8,98.2999727421
5,3.3,1.9,97.8978830667
5,3.3,1.9,107.300743258
5,3.3,1.9,103.547019416
5,3.3,1.9,100.737771973
5,3.3,1.9,96.6160882981
10,3.1,1.7,78.9220667191
10,3.1,1.7,87.5746214766
10,3.1,1.7,80.138029806
10,3.1,1.7,76.9702347756
10,3.1,1.7,80.4326995649
10,3.1,1.8,78.4242194498
10,3.1,1.8,84.1974843671
10,3.1,1.8,75.330755883
10,3.1,1.8,77.6042101401
10,3.1,1.8,82.458873999
10,3.1,1.9,77.4482912062
10,3.1,1.9,75.5786723049
10,3.1,1.9,81.7810945236
10,3.1,1.9,79.0122932888
10,3.1,1.9,79.5199547423
10,3.2,1.7,83.0205680297
10,3.2,1.7,79.6334302185
10,3.2,1.7,80.9133316223
10,3.2,1.7,82.9445064869
10,3.2,1.7,79.0101060769
10,3.2,1.8,80.2966562212
10,3.2,1.8,81.8094217757
10,3.2,1.8,79.7855833584
10,3.2,1.8,79.1544827853
10,3.2,1.8,83.4591155165
10,3.2,1.9,81.0295465962
10,3.2,1.9,81.63613735
10,3.2,1.9,73.8506837781
10,3.2,1.9,78.0124507867
10,3.2,1.9,77.4443347909
10,3.3,1.7,73.5053627853
10,3.3,1.7,80.8813305056
10,3.3,1.7,84.3543484788
10,3.3,1.7,80.7930789131
10,3.3,1.7,77.0899437795
10,3.3,1.8,81.3135868712
10,3.3,1.8,84.2233692201
10,3.3,1.8,83.579427045
10,3.3,1.8,77.4382144324
10,3.3,1.8,73.7755730886
10,3.3,1.9,81.4190490963
10,3.3,1.9,77.3937381031
10,3.3,1.9,80.8961713476
10,3.3,1.9,83.3445989783
10,3.3,1.9,76.9312230134
20,3.1,1.7,66.0464893584
20,3.1,1.7,60.8986283514
20,3.1,1.7,66.3807853581
20,3.1,1.7,63.613091756
20,3.1,1.7,59.5240306257
20,3.1,1.8,63.0977884489
20,3.1,1.8,67.0423420699
20,3.1,1.8,60.9183206261
20,3.1,1.8,60.1022780316
20,3.1,1.8,62.7392351276
20,3.1,1.9,61.7452173876
20,3.1,1.9,67.0640089225
20,3.1,1.9,65.572519897
20,3.1,1.9,69.9219057955
20,3.1,1.9,60.3696325698
20,3.2,1.7,62.1912261919
20,3.2,1.7,64.099615762
20,3.2,1.7,67.0653060637
20,3.2,1.7,62.8948167475
20,3.2,1.7,58.8767829676
20,3.2,1.8,66.6778574072
20,3.2,1.8,61.4882802566
20,3.2,1.8,64.5947519012
20,3.2,1.8,64.1242508268
20,3.2,1.8,65.6675315564
20,3.2,1.9,65.8091230742
20,3.2,1.9,62.2191386429
20,3.2,1.9,67.6379250434
20,3.2,1.9,61.6032194024
20,3.2,1.9,64.1145475744
20,3.3,1.7,61.873442582
20,3.3,1.7,68.8832407761
20,3.3,1.7,62.1880356909
20,3.3,1.7,65.2203857144
20,3.3,1.7,64.679137655
20,3.3,1.8,61.8382703075
20,3.3,1.8,64.3278508204
20,3.3,1.8,61.3591111922
20,3.3,1.8,62.5250361852
20,3.3,1.8,64.4173605169
20,3.3,1.9,60.432521329
20,3.3,1.9,65.1227416472
20,3.3,1.9,63.0594536989
20,3.3,1.9,66.2645210916
20,3.3,1.9,64.7569319579
30,3.1,1.7,57.0056382718
30,3.1,1.7,54.7968325049
30,3.1,1.7,58.159664402
30,3.1,1.7,56.2857422959
30,3.1,1.7,55.0133795273
30,3.1,1.8,57.1213128383
30,3.1,1.8,60.4784116505
30,3.1,1.8,53.533756512
30,3.1,1.8,57.7855346433
30,3.1,1.8,57.5706532576
30,3.1,1.9,55.0235084006
30,3.1,1.9,56.9176128999
30,3.1,1.9,57.3372078656
30,3.1,1.9,59.0042599965
30,3.1,1.9,55.9218072634
30,3.2,1.7,59.1428138306
30,3.2,1.7,54.5500323807
30,3.2,1.7,57.4234738524
30,3.2,1.7,52.7263645518
30,3.2,1.7,57.2710946367
30,3.2,1.8,58.7265602964
30,3.2,1.8,55.4742760711
30,3.2,1.8,56.5927585775
30,3.2,1.8,56.1537688904
30,3.2,1.8,59.4172976582
30,3.2,1.9,53.828125282
30,3.2,1.9,53.0384779409
30,3.2,1.9,53.1472782956
30,3.2,1.9,52.0402149768
30,3.2,1.9,56.6722252147
30,3.3,1.7,56.7744180906
30,3.3,1.7,59.5577607967
30,3.3,1.7,53.9020962913
30,3.3,1.7,58.1718039096
30,3.3,1.7,56.2321811026
30,3.3,1.8,54.7092766021
30,3.3,1.8,54.4695909532
30,3.3,1.8,57.0083449274
30,3.3,1.8,58.6192736082
30,3.3,1.8,55.3410653926
30,3.3,1.9,58.913686878
30,3.3,1.9,60.5794275519
30,3.3,1.9,56.8781945016
30,3.3,1.9,55.0105621078
30,3.3,1.9,63.5409409036
1,3.1,1.7,125.390769524
1,3.1,1.7,124.853280814
1,3.1,1.7,120.737464821
1,3.1,1.7,129.980235253
1,3.1,1.7,125.853749654
1,3.1,1.8,127.967224309
1,3.1,1.8,126.540542642
1,3.1,1.8,121.891687319
1,3.1,1.8,129.273730346
1,3.1,1.8,123.377044256
1,3.1,1.9,123.423976566
1,3.1,1.9,124.637743795
1,3.1,1.9,124.768482555
1,3.1,1.9,124.178571087
1,3.1,1.9,123.827575779
1,3.2,1.7,128.624705644
1,3.2,1.7,124.63705025
1,3.2,1.7,121.683412289
1,3.2,1.7,126.845536439
1,3.2,1.7,127.226151373
1,3.2,1.8,123.395944803
1,3.2,1.8,125.423820759
1,3.2,1.8,121.942586048
1,3.2,1.8,123.760285119
1,3.2,1.8,123.938158232
1,3.2,1.9,127.638883595
1,3.2,1.9,124.208779415
1,3.2,1.9,123.673248143
1,3.2,1.9,121.884519791
1,3.2,1.9,122.130162575
1,3.3,1.7,127.718947159
1,3.3,1.7,126.245527293
1,3.3,1.7,122.155251596
1,3.3,1.7,126.945943209
1,3.3,1.7,123.70543373
1,3.3,1.8,123.13824274
1,3.3,1.8,123.348681926
1,3.3,1.8,120.995870629
1,3.3,1.8,125.426987035
1,3.3,1.8,120.252968518
1,3.3,1.9,123.582529909
1,3.3,1.9,125.231477205
1,3.3,1.9,121.831962626
1,3.3,1.9,126.644905637
1,3.3,1.9,126.300228702
5,3.1,1.7,98.280397206
5,3.1,1.7,98.7936455911
5,3.1,1.7,102.831868069
5,3.1,1.7,95.8934758987
5,3.1,1.7,98.0966303874
5,3.1,1.8,96.2564024137
5,3.1,1.8,101.393638822
5,3.1,1.8,100.312787075
5,3.1,1.8,99.0079439738
5,3.1,1.8,101.498732832
5,3.1,1.9,100.976143723
5,3.1,1.9,101.305738169
5,3.1,1.9,96.9919340037
5,3.1,1.9,103.938048471
5,3.1,1.9,96.4370921714
5,3.2,1.7,102.199278225
5,3.2,1.7,98.9854714253
5,3.2,1.7,98.4707865159
5,3.2,1.7,99.1926565953
5,3.2,1.7,94.8650076547
5,3.2,1.8,101.914787607
5,3.2,1.8,100.220701195
5,3.2,1.8,97.867419669
5,3.2,1.8,97.772652451
5,3.2,1.8,100.384603301
5,3.2,1.9,102.236116276
5,3.2,1.9,101.594937267
5,3.2,1.9,100.549888891
5,3.2,1.9,97.7806173823
5,3.2,1.9,99.6272650418
5,3.3,1.7,98.6443783101
5,3.3,1.7,98.8362525547
5,3.3,1.7,100.973255084
5,3.3,1.7,96.9180926304
5,3.3,1.7,103.384244521
5,3.3,1.8,94.0788541894
5,3.3,1.8,93.9072743201
5,3.3,1.8,101.171372503
5,3.3,1.8,94.4137774478
5,3.3,1.8,99.9227477743
5,3.3,1.9,99.1695008363
5,3.3,1.9,103.84163947
5,3.3,1.9,96.7455936817
5,3.3,1.9,98.9222734266
5,3.3,1.9,95.9613752868
10,3.1,1.7,82.8101128785
10,3.1,1.7,74.8508594491
10,3.1,1.7,76.1548492997
10,3.1,1.7,80.7134737423
10,3.1,1.7,82.88347317
10,3.1,1.8,86.2040523109
10,3.1,1.8,85.6605625552
10,3.1,1.8,78.6651749496
10,3.1,1.8,79.2807122291
10,3.1,1.8,81.5056007706
10,3.1,1.9,77.3441550914
10,3.1,1.9,79.5541542646
10,3.1,1.9,74.3526747339
10,3.1,1.9,76.5481868188
10,3.1,1.9,86.7989640018
10,3.2,1.7,84.1512827096
10,3.2,1.7,81.8641360592
10,3.2,1.7,84.9442475084
10,3.2,1.7,78.3840500745
10,3.2,1.7,75.5022761481
10,3.2,1.8,76.414303289
10,3.2,1.8,77.9745273124
10,3.2,1.8,87.3908466846
10,3.2,1.8,76.6655195443
10,3.2,1.8,79.7671741769
10,3.2,1.9,83.7053219988
10,3.2,1.9,81.7969465874
10,3.2,1.9,78.6272603562
10,3.2,1.9,80.7538267578
10,3.2,1.9,75.659525081
10,3.3,1.7,81.0035693857
10,3.3,1.7,79.5099698556
10,3.3,1.7,82.5864510029
10,3.3,1.7,84.215733919
10,3.3,1.7,76.8139708354
10,3.3,1.8,74.1120022468
10,3.3,1.8,84.4087256614
10,3.3,1.8,76.7278191114
10,3.3,1.8,85.316690252
10,3.3,1.8,76.6138245792
10,3.3,1.9,76.7137740858
10,3.3,1.9,84.9054064507
10,3.3,1.9,81.5089726055
10,3.3,1.9,86.2251161909
10,3.3,1.9,81.053938296
20,3.1,1.7,60.4273696306
20,3.1,1.7,67.1247977611
20,3.1,1.7,59.1041365882
20,3.1,1.7,68.3322872549
20,3.1,1.7,64.0322265656
20,3.1,1.8,66.6093216605
20,3.1,1.8,59.4060338118
20,3.1,1.8,66.2251211177
20,3.1,1.8,64.122286911
20,3.1,1.8,63.3790019648
20,3.1,1.9,65.484546452
20,3.1,1.9,68.6090883752
20,3.1,1.9,64.0786884225
20,3.1,1.9,63.1219176993
20,3.1,1.9,63.3435443545
20,3.2,1.7,58.9529361169
20,3.2,1.7,63.6905458491
20,3.2,1.7,63.172860258
20,3.2,1.7,63.450956395
20,3.2,1.7,61.8159605369
20,3.2,1.8,60.28687141
20,3.2,1.8,68.5572641255
20,3.2,1.8,62.080036719
20,3.2,1.8,63.6193579493
20,3.2,1.8,60.3543604728
20,3.2,1.9,67.0931394358
20,3.2,1.9,61.8588762084
20,3.2,1.9,66.5421465408
20,3.2,1.9,68.4009715237
20,3.2,1.9,69.6219913215
20,3.3,1.7,69.4011267799
20,3.3,1.7,62.3057241394
20,3.3,1.7,68.6903384287
20,3.3,1.7,64.4971746025
20,3.3,1.7,63.4533225655
20,3.3,1.8,62.8987811223
20,3.3,1.8,64.0434004791
20,3.3,1.8,62.5260410992
20,3.3,1.8,61.5097469702
20,3.3,1.8,60.922567961
20,3.3,1.9,60.9248154094
20,3.3,1.9,66.8239955949
20,3.3,1.9,64.274240016
20,3.3,1.9,63.2349303397
20,3.3,1.9,61.8668979379
30,3.1,1.7,54.9498892096
30,3.1,1.7,55.7003370693
30,3.1,1.7,57.1102068135
30,3.1,1.7,55.6578049989
30,3.1,1.7,54.7257906042
30,3.1,1.8,64.1734370111
30,3.1,1.8,55.1340490171
30,3.1,1.8,61.8116821887
30,3.1,1.8,63.1443236928
30,3.1,1.8,53.0218268328
30,3.1,1.9,52.4887844412
30,3.1,1.9,59.9513015001
30,3.1,1.9,54.5421214512
30,3.1,1.9,56.0678982698
30,3.1,1.9,52.4166028118
30,3.2,1.7,61.9519382337
30,3.2,1.7,60.1068717469
30,3.2,1.7,55.8944212319
30,3.2,1.7,54.8505874158
30,3.2,1.7,54.5718681545
30,3.2,1.8,59.8128773464
30,3.2,1.8,56.053694054
30,3.2,1.8,57.9494123174
30,3.2,1.8,48.4864525665
30,3.2,1.8,55.1854478587
30,3.2,1.9,57.4037588394
30,3.2,1.9,63.6918726505
30,3.2,1.9,55.910201398
30,3.2,1.9,55.073007038
30,3.2,1.9,56.5439814778
30,3.3,1.7,51.9437596527
30,3.3,1.7,58.396523597
30,3.3,1.7,60.5735035973
30,3.3,1.7,55.5704111555
30,3.3,1.7,54.2607082632
30,3.3,1.8,52.7763476313
30,3.3,1.8,57.8764458944
30,3.3,1.8,54.6294935786
30,3.3,1.8,60.9475880642
30,3.3,1.8,53.9410400708
30,3.3,1.9,55.0421918818
30,3.3,1.9,56.1176489
30,3.3,1.9,53.6018816888
30,3.3,1.9,56.18415689
30,3.3,1.9,54.9822388226
