Noise,SigD,SigI,PSNR
1,2.0,2.0,125.329715805
1,2.0,2.0,127.024824212
1,2.0,2.0,124.485875529
1,2.0,2.0,124.501198131
1,2.0,2.0,126.523619766
1,2.0,2.5,128.291734462
1,2.0,2.5,126.976097016
1,2.0,2.5,124.976331808
1,2.0,2.5,121.264913935
1,2.0,2.5,129.556049313
1,2.0,3.0,125.155057267
1,2.0,3.0,127.204782524
1,2.0,3.0,124.068929164
1,2.0,3.0,127.449057138
1,2.0,3.0,125.57379903
1,2.5,2.0,128.021240596
1,2.5,2.0,121.623102745
1,2.5,2.0,123.316056286
1,2.5,2.0,125.038271469
1,2.5,2.0,122.994300649
1,2.5,2.5,125.3837579
1,2.5,2.5,128.840209714
1,2.5,2.5,127.728388175
1,2.5,2.5,125.092714147
1,2.5,2.5,123.239606125
1,2.5,3.0,126.784692258
1,2.5,3.0,128.565273641
1,2.5,3.0,125.274953911
1,2.5,3.0,124.553833199
1,2.5,3.0,128.769680644
1,3.0,2.0,123.235371274
1,3.0,2.0,122.36169839
1,3.0,2.0,123.849327833
1,3.0,2.0,121.590056294
1,3.0,2.0,122.685378222
1,3.0,2.5,127.812005929
1,3.0,2.5,123.106447441
1,3.0,2.5,124.041152631
1,3.0,2.5,126.078825056
1,3.0,2.5,126.044157096
1,3.0,3.0,125.872345314
1,3.0,3.0,121.69320791
1,3.0,3.0,127.546013922
1,3.0,3.0,125.65856953
1,3.0,3.0,122.981005674
5,2.0,2.0,91.5172771962
5,2.0,2.0,94.5356569051
5,2.0,2.0,95.2009857859
5,2.0,2.0,93.3092520795
5,2.0,2.0,93.6514056149
5,2.0,2.5,99.2558206783
5,2.0,2.5,94.0122257723
5,2.0,2.5,97.1785753168
5,2.0,2.5,97.0764074955
5,2.0,2.5,95.7687342561
5,2.0,3.0,97.1501711111
5,2.0,3.0,95.5174900021
5,2.0,3.0,97.4619509135
5,2.0,3.0,96.7091925814
5,2.0,3.0,93.0137556976
5,2.5,2.0,98.6306565906
5,2.5,2.0,97.8389872272
5,2.5,2.0,95.3068372541
5,2.5,2.0,92.3463058876
5,2.5,2.0,96.9944595689
5,2.5,2.5,95.1047022242
5,2.5,2.5,100.969988604
5,2.5,2.5,97.6015692397
5,2.5,2.5,95.727939861
5,2.5,2.5,98.5616184732
5,2.5,3.0,100.191786583
5,2.5,3.0,95.326942863
5,2.5,3.0,95.1638192042
5,2.5,3.0,95.6763417705
5,2.5,3.0,94.2554113146
5,3.0,2.0,97.8388671247
5,3.0,2.0,98.7571823111
5,3.0,2.0,96.475631413
5,3.0,2.0,99.0341033707
5,3.0,2.0,100.603276944
5,3.0,2.5,98.3060716807
5,3.0,2.5,103.33086493
5,3.0,2.5,102.927047361
5,3.0,2.5,99.7740045036
5,3.0,2.5,99.3839072847
5,3.0,3.0,102.424600666
5,3.0,3.0,99.9901003366
5,3.0,3.0,99.3059882417
5,3.0,3.0,96.3703261443
5,3.0,3.0,100.163130218
10,2.0,2.0,80.6147822795
10,2.0,2.0,79.1269318902
10,2.0,2.0,84.3472050616
10,2.0,2.0,82.5212086305
10,2.0,2.0,77.3649247382
10,2.0,2.5,80.8705393061
10,2.0,2.5,77.1025280052
10,2.0,2.5,81.8049256109
10,2.0,2.5,80.1576227153
10,2.0,2.5,82.3854874845
10,2.0,3.0,80.9160656268
10,2.0,3.0,76.1200848042
10,2.0,3.0,82.4470880531
10,2.0,3.0,82.0700195046
10,2.0,3.0,79.9664636819
10,2.5,2.0,83.7217387411
10,2.5,2.0,79.4032592496
10,2.5,2.0,80.8378931443
10,2.5,2.0,78.2905372058
10,2.5,2.0,78.4553068496
10,2.5,2.5,80.0344288062
10,2.5,2.5,83.0612986343
10,2.5,2.5,81.3931973039
10,2.5,2.5,82.2003495569
10,2.5,2.5,87.8604715399
10,2.5,3.0,85.0418735781
10,2.5,3.0,80.9133230248
10,2.5,3.0,83.0196634757
10,2.5,3.0,80.0498640751
10,2.5,3.0,85.1439419525
10,3.0,2.0,85.1697398405
10,3.0,2.0,83.1887121309
10,3.0,2.0,82.9636536628
10,3.0,2.0,81.1884008151
10,3.0,2.0,85.5550624612
10,3.0,2.5,82.6589626684
10,3.0,2.5,81.5581859237
10,3.0,2.5,80.8610477567
10,3.0,2.5,83.0018631772
10,3.0,2.5,81.0279642497
10,3.0,3.0,80.8450324796
10,3.0,3.0,86.3142797226
10,3.0,3.0,83.4473932298
10,3.0,3.0,83.9861624522
10,3.0,3.0,88.1978837848
20,2.0,2.0,68.9216870768
20,2.0,2.0,66.393103381
20,2.0,2.0,63.2604468067
20,2.0,2.0,68.092743708
20,2.0,2.0,64.0434064117
20,2.0,2.5,66.7671604725
20,2.0,2.5,66.3796261197
20,2.0,2.5,65.2457943733
20,2.0,2.5,64.3185201585
20,2.0,2.5,64.8708447795
20,2.0,3.0,65.6308161325
20,2.0,3.0,67.8961391343
20,2.0,3.0,69.9135816707
20,2.0,3.0,66.6949693469
20,2.0,3.0,65.2804685051
20,2.5,2.0,69.6602682643
20,2.5,2.0,67.371661396
20,2.5,2.0,71.2547033178
20,2.5,2.0,69.1040757286
20,2.5,2.0,67.3536298362
20,2.5,2.5,68.4967832196
20,2.5,2.5,69.5878735278
20,2.5,2.5,68.9678342335
20,2.5,2.5,70.0913922269
20,2.5,2.5,65.1691438378
20,2.5,3.0,65.3157670773
20,2.5,3.0,67.6038632055
20,2.5,3.0,67.616011617
20,2.5,3.0,68.7343367146
20,2.5,3.0,64.591582964
20,3.0,2.0,70.9103709397
20,3.0,2.0,66.8760096776
20,3.0,2.0,69.775088356
20,3.0,2.0,67.9000718116
20,3.0,2.0,71.472105017
20,3.0,2.5,67.6567536853
20,3.0,2.5,74.1537767668
20,3.0,2.5,65.7488025231
20,3.0,2.5,70.3949577038
20,3.0,2.5,66.3678212707
20,3.0,3.0,69.6289726571
20,3.0,3.0,69.1001000816
20,3.0,3.0,68.7001476867
20,3.0,3.0,73.7326535178
20,3.0,3.0,68.5025719732
30,2.0,2.0,58.7148317782
30,2.0,2.0,56.0266959918
30,2.0,2.0,55.6819102509
30,2.0,2.0,62.067070133
30,2.0,2.0,59.3056309401
30,2.0,2.5,64.1685251539
30,2.0,2.5,62.6767054271
30,2.0,2.5,58.8865585021
30,2.0,2.5,60.3192980435
30,2.0,2.5,60.2989603341
30,2.0,3.0,55.2492720108
30,2.0,3.0,59.2248673835
30,2.0,3.0,61.5973607354
30,2.0,3.0,60.6782500054
30,2.0,3.0,58.4447363087
30,2.5,2.0,60.0715123157
30,2.5,2.0,61.791252829
30,2.5,2.0,61.3964801329
30,2.5,2.0,58.5969743092
30,2.5,2.0,57.4478162332
30,2.5,2.5,60.7205724526
30,2.5,2.5,62.361244134
30,2.5,2.5,60.1190825173
30,2.5,2.5,60.8185375066
30,2.5,2.5,61.2637318444
30,2.5,3.0,62.6971983006
30,2.5,3.0,62.9411690824
30,2.5,3.0,61.6286158353
30,2.5,3.0,57.1846902426
30,2.5,3.0,62.7381097719
30,3.0,2.0,59.2836673314
30,3.0,2.0,60.1351287805
30,3.0,2.0,65.0357673324
30,3.0,2.0,57.4894686929
30,3.0,2.0,63.030243218
30,3.0,2.5,64.3977106716
30,3.0,2.5,66.437518122
30,3.0,2.5,62.1394397317
30,3.0,2.5,63.553287689
30,3.0,2.5,61.2449959098
30,3.0,3.0,66.2383014614
30,3.0,3.0,61.0275918606
30,3.0,3.0,66.130887319
30,3.0,3.0,62.9358848324
30,3.0,3.0,62.6108127883
1,2.0,2.0,124.424781539
1,2.0,2.0,129.864795586
1,2.0,2.0,124.271989594
1,2.0,2.0,126.836761312
1,2.0,2.0,124.416680501
1,2.0,2.5,126.197696223
1,2.0,2.5,129.826467338
1,2.0,2.5,126.698197979
1,2.0,2.5,125.839849905
1,2.0,2.5,124.437200849
1,2.0,3.0,123.688209635
1,2.0,3.0,125.456872325
1,2.0,3.0,125.866089326
1,2.0,3.0,126.429150581
1,2.0,3.0,127.806537539
1,2.5,2.0,127.636983381
1,2.5,2.0,120.98707118
1,2.5,2.0,125.115297023
1,2.5,2.0,127.566415219
1,2.5,2.0,122.92195764
1,2.5,2.5,128.556567952
1,2.5,2.5,124.21135388
1,2.5,2.5,123.932707568
1,2.5,2.5,124.726666536
1,2.5,2.5,126.73199711
1,2.5,3.0,125.258874967
1,2.5,3.0,122.403925226
1,2.5,3.0,126.836164513
1,2.5,3.0,125.316392336
1,2.5,3.0,128.490059261
1,3.0,2.0,123.330606429
1,3.0,2.0,123.139591013
1,3.0,2.0,122.892909461
1,3.0,2.0,123.048183873
1,3.0,2.0,123.474711359
1,3.0,2.5,121.435158225
1,3.0,2.5,125.03976757
1,3.0,2.5,123.768242674
1,3.0,2.5,125.657387103
1,3.0,2.5,119.962608526
1,3.0,3.0,120.829657097
1,3.0,3.0,124.107931837
1,3.0,3.0,124.156397088
1,3.0,3.0,120.492719866
1,3.0,3.0,121.44391914
5,2.0,2.0,92.8495012294
5,2.0,2.0,97.6743021713
5,2.0,2.0,97.4026210013
5,2.0,2.0,90.3858611757
5,2.0,2.0,90.5437292698
5,2.0,2.5,96.1921869485
5,2.0,2.5,94.7716043725
5,2.0,2.5,95.7224615722
5,2.0,2.5,95.1271721783
5,2.0,2.5,95.2525367209
5,2.0,3.0,96.8449556436
5,2.0,3.0,100.369736304
5,2.0,3.0,99.9571049185
5,2.0,3.0,95.4930122478
5,2.0,3.0,97.1631822095
5,2.5,2.0,97.0600885355
5,2.5,2.0,98.0235561237
5,2.5,2.0,94.1622380033
5,2.5,2.0,97.4123998216
5,2.5,2.0,95.1266720078
5,2.5,2.5,98.0612053788
5,2.5,2.5,100.608773321
5,2.5,2.5,94.0220652046
5,2.5,2.5,94.3547558537
5,2.5,2.5,95.2498056777
5,2.5,3.0,97.1514358552
5,2.5,3.0,99.2970490255
5,2.5,3.0,97.6740533831
5,2.5,3.0,95.3961809598
5,2.5,3.0,93.9129551062
5,3.0,2.0,100.267867216
5,3.0,2.0,95.2516374061
5,3.0,2.0,101.134610658
5,3.0,2.0,105.022534863
5,3.0,2.0,95.8080852553
5,3.0,2.5,96.1391749274
5,3.0,2.5,103.270691641
5,3.0,2.5,104.671956116
5,3.0,2.5,95.179419986
5,3.0,2.5,97.4121221702
5,3.0,3.0,99.0490726808
5,3.0,3.0,98.4081211266
5,3.0,3.0,97.395564145
5,3.0,3.0,100.616790044
5,3.0,3.0,106.518637708
10,2.0,2.0,80.9713679723
10,2.0,2.0,76.7406284519
10,2.0,2.0,78.3228061562
10,2.0,2.0,78.0867403032
10,2.0,2.0,78.346820974
10,2.0,2.5,78.2442692095
10,2.0,2.5,79.5299080836
10,2.0,2.5,76.6429112037
10,2.0,2.5,77.7826005973
10,2.0,2.5,81.5391483131
10,2.0,3.0,80.8881918881
10,2.0,3.0,82.4183409176
10,2.0,3.0,83.8788655692
10,2.0,3.0,81.8284901378
10,2.0,3.0,77.4393104295
10,2.5,2.0,80.5026904068
10,2.5,2.0,78.4686834269
10,2.5,2.0,81.9087923825
10,2.5,2.0,79.7760035211
10,2.5,2.0,83.0600493316
10,2.5,2.5,80.4798249222
10,2.5,2.5,80.3856947716
10,2.5,2.5,86.4605895474
10,2.5,2.5,79.7633287033
10,2.5,2.5,84.4727316677
10,2.5,3.0,81.8463458492
10,2.5,3.0,83.0546494274
10,2.5,3.0,80.3922603954
10,2.5,3.0,86.0431530056
10,2.5,3.0,79.8196340751
10,3.0,2.0,82.0884740037
10,3.0,2.0,87.1734974592
10,3.0,2.0,84.405260882
10,3.0,2.0,89.4127416672
10,3.0,2.0,83.6443465111
10,3.0,2.5,83.2611525061
10,3.0,2.5,82.511167499
10,3.0,2.5,80.2395473124
10,3.0,2.5,84.7748091171
10,3.0,2.5,81.7498372619
10,3.0,3.0,84.8247741688
10,3.0,3.0,84.85784769
10,3.0,3.0,82.0275050231
10,3.0,3.0,81.7679074057
10,3.0,3.0,87.9085510028
20,2.0,2.0,67.509225858
20,2.0,2.0,62.3264096987
20,2.0,2.0,66.0876073622
20,2.0,2.0,67.2550744709
20,2.0,2.0,64.8292890044
20,2.0,2.5,60.7318650115
20,2.0,2.5,64.0233582958
20,2.0,2.5,65.1670716976
20,2.0,2.5,66.1706737506
20,2.0,2.5,65.5736888301
20,2.0,3.0,70.1530225969
20,2.0,3.0,68.7951345987
20,2.0,3.0,68.9007171159
20,2.0,3.0,68.2425916893
20,2.0,3.0,67.825079126
20,2.5,2.0,67.5320812159
20,2.5,2.0,67.0180610175
20,2.5,2.0,68.4934234279
20,2.5,2.0,69.7271745151
20,2.5,2.0,66.4610519628
20,2.5,2.5,68.8099780799
20,2.5,2.5,67.7957244349
20,2.5,2.5,66.4054020333
20,2.5,2.5,71.2951859444
20,2.5,2.5,68.1923415569
20,2.5,3.0,67.3896400266
20,2.5,3.0,69.6680475371
20,2.5,3.0,66.6640257574
20,2.5,3.0,66.0642135294
20,2.5,3.0,68.5047034874
20,3.0,2.0,67.9692665023
20,3.0,2.0,71.3442975819
20,3.0,2.0,67.3147300908
20,3.0,2.0,69.3504062524
20,3.0,2.0,66.0365125488
20,3.0,2.5,70.6240091922
20,3.0,2.5,71.7365099601
20,3.0,2.5,70.1373702048
20,3.0,2.5,66.6662251381
20,3.0,2.5,71.4712505658
20,3.0,3.0,69.7265075457
20,3.0,3.0,71.7988534895
20,3.0,3.0,67.6395480674
20,3.0,3.0,70.1454711468
20,3.0,3.0,68.3085647257
30,2.0,2.0,57.8166108422
30,2.0,2.0,59.8813979912
30,2.0,2.0,60.0004553058
30,2.0,2.0,59.1355176936
30,2.0,2.0,59.471607484
30,2.0,2.5,58.3288763193
30,2.0,2.5,59.9382307672
30,2.0,2.5,62.6777297587
30,2.0,2.5,59.3834426668
30,2.0,2.5,58.4174575675
30,2.0,3.0,57.2617942841
30,2.0,3.0,61.0559782995
30,2.0,3.0,59.465106369
30,2.0,3.0,61.7144391359
30,2.0,3.0,59.5513750509
30,2.5,2.0,56.5043495676
30,2.5,2.0,58.7913559845
30,2.5,2.0,58.2205482784
30,2.5,2.0,61.2506736774
30,2.5,2.0,57.2762185904
30,2.5,2.5,61.1860613118
30,2.5,2.5,59.8908043566
30,2.5,2.5,58.8329391552
30,2.5,2.5,58.0949999515
30,2.5,2.5,55.0105473859
30,2.5,3.0,62.0550425661
30,2.5,3.0,59.7256837403
30,2.5,3.0,61.8888309632
30,2.5,3.0,61.546985803
30,2.5,3.0,60.8631253711
30,3.0,2.0,62.9215830909
30,3.0,2.0,56.3861773652
30,3.0,2.0,59.2357403864
30,3.0,2.0,60.8130392592
30,3.0,2.0,63.9471091466
30,3.0,2.5,58.3809495653
30,3.0,2.5,61.3131893622
30,3.0,2.5,62.1790657324
30,3.0,2.5,65.9917644753
30,3.0,2.5,61.7860638252
30,3.0,3.0,60.6967655383
30,3.0,3.0,67.3151934562
30,3.0,3.0,60.7136916422
30,3.0,3.0,62.9805989033
30,3.0,3.0,62.2119464229
1,2.8,1.8,125.258332805
1,2.8,1.8,131.669422892
1,2.8,1.8,122.933058717
1,2.8,1.8,126.160300527
1,2.8,1.8,123.85092317
1,2.8,2.0,124.886063969
1,2.8,2.0,127.580544283
1,2.8,2.0,121.097950768
1,2.8,2.0,120.559908474
1,2.8,2.0,125.472338293
1,2.8,2.2,122.410478165
1,2.8,2.2,124.619013619
1,2.8,2.2,125.14754014
1,2.8,2.2,124.770710137
1,2.8,2.2,127.785208126
1,3.0,1.8,124.493823457
1,3.0,1.8,123.952848647
1,3.0,1.8,121.264236337
1,3.0,1.8,120.959346256
1,3.0,1.8,122.38113933
1,3.0,2.0,122.974579031
1,3.0,2.0,127.409899707
1,3.0,2.0,124.588713473
1,3.0,2.0,125.605803117
1,3.0,2.0,122.922238008
1,3.0,2.2,125.776067009
1,3.0,2.2,122.420660466
1,3.0,2.2,127.491640354
1,3.0,2.2,124.887960077
1,3.0,2.2,124.136434987
1,3.2,1.8,123.472127439
1,3.2,1.8,125.605607148
1,3.2,1.8,123.360077762
1,3.2,1.8,120.749983091
1,3.2,1.8,126.029746378
1,3.2,2.0,123.628975249
1,3.2,2.0,124.894993285
1,3.2,2.0,124.694755877
1,3.2,2.0,125.712825902
1,3.2,2.0,122.115612532
1,3.2,2.2,124.959234626
1,3.2,2.2,122.582285066
1,3.2,2.2,122.425219138
1,3.2,2.2,120.148370253
1,3.2,2.2,119.801417754
5,2.8,1.8,98.1750734595
5,2.8,1.8,97.3462254373
5,2.8,1.8,99.7956160287
5,2.8,1.8,93.9098750404
5,2.8,1.8,95.1772528413
5,2.8,2.0,96.7360814782
5,2.8,2.0,94.218651289
5,2.8,2.0,103.464922613
5,2.8,2.0,97.0943410655
5,2.8,2.0,96.7469306093
5,2.8,2.2,96.2880709395
5,2.8,2.2,99.0231704122
5,2.8,2.2,92.4878746386
5,2.8,2.2,98.2755714096
5,2.8,2.2,100.971423282
5,3.0,1.8,95.9367475647
5,3.0,1.8,99.7099735183
5,3.0,1.8,100.171927271
5,3.0,1.8,97.248777852
5,3.0,1.8,101.133391832
5,3.0,2.0,99.5633724448
5,3.0,2.0,100.018861953
5,3.0,2.0,99.5080669036
5,3.0,2.0,103.067048572
5,3.0,2.0,101.336526357
5,3.0,2.2,96.6673971346
5,3.0,2.2,98.5390763659
5,3.0,2.2,99.5191478548
5,3.0,2.2,95.0624450412
5,3.0,2.2,96.7326710527
5,3.2,1.8,96.144633527
5,3.2,1.8,100.014645673
5,3.2,1.8,99.7243803332
5,3.2,1.8,98.660178491
5,3.2,1.8,99.6725976355
5,3.2,2.0,93.0945042552
5,3.2,2.0,94.7063464314
5,3.2,2.0,102.064599931
5,3.2,2.0,99.068076167
5,3.2,2.0,96.8791723833
5,3.2,2.2,101.161651713
5,3.2,2.2,101.607806726
5,3.2,2.2,96.5336161394
5,3.2,2.2,99.4275944201
5,3.2,2.2,103.082864633
10,2.8,1.8,81.710229991
10,2.8,1.8,83.7431095143
10,2.8,1.8,77.831136486
10,2.8,1.8,79.6094073891
10,2.8,1.8,87.208278782
10,2.8,2.0,80.2856558609
10,2.8,2.0,81.6914704969
10,2.8,2.0,82.5850852
10,2.8,2.0,81.5557184771
10,2.8,2.0,78.4372181751
10,2.8,2.2,83.4711558553
10,2.8,2.2,83.9686209166
10,2.8,2.2,79.8120875551
10,2.8,2.2,82.1655377653
10,2.8,2.2,87.3292147861
10,3.0,1.8,77.3821697951
10,3.0,1.8,80.3502859543
10,3.0,1.8,80.2523678423
10,3.0,1.8,81.7288090453
10,3.0,1.8,83.0912450117
10,3.0,2.0,83.9317820276
10,3.0,2.0,82.5693962966
10,3.0,2.0,82.2871901989
10,3.0,2.0,86.1438751147
10,3.0,2.0,80.4355388939
10,3.0,2.2,80.4288539617
10,3.0,2.2,85.3665734111
10,3.0,2.2,83.1396202291
10,3.0,2.2,82.4895768017
10,3.0,2.2,87.9213904885
10,3.2,1.8,84.5470060944
10,3.2,1.8,82.04132822
10,3.2,1.8,78.6181216282
10,3.2,1.8,85.9434354179
10,3.2,1.8,83.4297240943
10,3.2,2.0,84.3707619524
10,3.2,2.0,85.2097465984
10,3.2,2.0,84.2630686379
10,3.2,2.0,86.3255255564
10,3.2,2.0,86.4403386692
10,3.2,2.2,81.1948464729
10,3.2,2.2,84.2753628498
10,3.2,2.2,87.4112147599
10,3.2,2.2,82.0415350901
10,3.2,2.2,82.55802036
20,2.8,1.8,65.3046137478
20,2.8,1.8,69.4985407536
20,2.8,1.8,67.8241121417
20,2.8,1.8,71.0618163352
20,2.8,1.8,70.7013357761
20,2.8,2.0,66.6439637416
20,2.8,2.0,67.0002182212
20,2.8,2.0,70.3884213534
20,2.8,2.0,68.5554581895
20,2.8,2.0,69.8591845006
20,2.8,2.2,62.5616772777
20,2.8,2.2,67.4174827015
20,2.8,2.2,69.198117231
20,2.8,2.2,68.6373260434
20,2.8,2.2,68.871339302
20,3.0,1.8,72.5425458471
20,3.0,1.8,69.7213699881
20,3.0,1.8,69.9654804603
20,3.0,1.8,68.6651086221
20,3.0,1.8,67.9719306502
20,3.0,2.0,73.9110235179
20,3.0,2.0,68.011170964
20,3.0,2.0,69.6254794766
20,3.0,2.0,73.62697735
20,3.0,2.0,70.0208681106
20,3.0,2.2,73.5857663888
20,3.0,2.2,67.0233365052
20,3.0,2.2,68.1698213315
20,3.0,2.2,65.6700624854
20,3.0,2.2,70.2879892605
20,3.2,1.8,67.9800298679
20,3.2,1.8,65.6441263322
20,3.2,1.8,68.8789011871
20,3.2,1.8,72.3788931972
20,3.2,1.8,72.5160761636
20,3.2,2.0,67.1389691084
20,3.2,2.0,67.2006676303
20,3.2,2.0,67.1409606422
20,3.2,2.0,70.6903323818
20,3.2,2.0,67.9981371173
20,3.2,2.2,71.2282705567
20,3.2,2.2,69.767915138
20,3.2,2.2,72.5228986822
20,3.2,2.2,68.5634023089
20,3.2,2.2,72.6953699746
30,2.8,1.8,58.1876812953
30,2.8,1.8,55.9837637417
30,2.8,1.8,64.2742629175
30,2.8,1.8,60.7880252011
30,2.8,1.8,60.5919391815
30,2.8,2.0,57.6879402253
30,2.8,2.0,59.1332509426
30,2.8,2.0,61.3564294185
30,2.8,2.0,62.3853668273
30,2.8,2.0,59.7367061006
30,2.8,2.2,61.3226751563
30,2.8,2.2,62.498929378
30,2.8,2.2,67.5336841153
30,2.8,2.2,61.8089677538
30,2.8,2.2,60.6070019932
30,3.0,1.8,63.3974673126
30,3.0,1.8,61.5298231221
30,3.0,1.8,60.7935852609
30,3.0,1.8,60.6025880064
30,3.0,1.8,56.326977016
30,3.0,2.0,57.3050392107
30,3.0,2.0,57.1410010013
30,3.0,2.0,61.5729887258
30,3.0,2.0,64.0523713786
30,3.0,2.0,63.3289604805
30,3.0,2.2,63.6502070158
30,3.0,2.2,58.23114767
30,3.0,2.2,63.3956412237
30,3.0,2.2,62.0989337051
30,3.0,2.2,59.8589884242
30,3.2,1.8,61.4661605356
30,3.2,1.8,60.2790451677
30,3.2,1.8,61.8226507789
30,3.2,1.8,68.2949503502
30,3.2,1.8,59.9460558234
30,3.2,2.0,64.6178473584
30,3.2,2.0,60.3446460924
30,3.2,2.0,64.2154907214
30,3.2,2.0,64.4043157629
30,3.2,2.0,58.8482951964
30,3.2,2.2,66.2238245302
30,3.2,2.2,62.0474295009
30,3.2,2.2,65.682747688
30,3.2,2.2,65.7007140814
30,3.2,2.2,63.988417016
1,2.8,1.8,122.372440334
1,2.8,1.8,126.872426491
1,2.8,1.8,125.914930467
1,2.8,1.8,124.881662592
1,2.8,1.8,125.116255381
1,2.8,2.0,125.865059504
1,2.8,2.0,126.285170918
1,2.8,2.0,128.09464825
1,2.8,2.0,123.471624071
1,2.8,2.0,120.966596724
1,2.8,2.2,123.389260908
1,2.8,2.2,123.685764536
1,2.8,2.2,125.849501038
1,2.8,2.2,125.92257117
1,2.8,2.2,124.161419226
1,3.0,1.8,123.306267789
1,3.0,1.8,125.784601328
1,3.0,1.8,123.930616981
1,3.0,1.8,122.828078342
1,3.0,1.8,120.453572653
1,3.0,2.0,123.771399841
1,3.0,2.0,124.738005566
1,3.0,2.0,122.844421302
1,3.0,2.0,128.247512229
1,3.0,2.0,127.734967659
1,3.0,2.2,124.032406063
1,3.0,2.2,124.319141543
1,3.0,2.2,123.08388687
1,3.0,2.2,123.477287739
1,3.0,2.2,122.400437484
1,3.2,1.8,122.558727004
1,3.2,1.8,123.679425511
1,3.2,1.8,120.621693125
1,3.2,1.8,123.357688158
1,3.2,1.8,121.631024061
1,3.2,2.0,127.363319086
1,3.2,2.0,126.148056463
1,3.2,2.0,122.379481993
1,3.2,2.0,119.158245622
1,3.2,2.0,124.573402343
1,3.2,2.2,126.20859927
1,3.2,2.2,123.390045231
1,3.2,2.2,120.412287274
1,3.2,2.2,124.57073476
1,3.2,2.2,119.943321689
5,2.8,1.8,95.9029661166
5,2.8,1.8,92.2701707456
5,2.8,1.8,92.7306377693
5,2.8,1.8,102.457063931
5,2.8,1.8,95.8852742665
5,2.8,2.0,100.18956678
5,2.8,2.0,95.5592250753
5,2.8,2.0,95.4871836725
5,2.8,2.0,99.7253428418
5,2.8,2.0,99.2241065002
5,2.8,2.2,97.0373880568
5,2.8,2.2,100.559417137
5,2.8,2.2,97.0803149425
5,2.8,2.2,97.9662001532
5,2.8,2.2,96.1528738988
5,3.0,1.8,94.4154307193
5,3.0,1.8,102.509987587
5,3.0,1.8,98.4513551589
5,3.0,1.8,101.836562345
5,3.0,1.8,97.6065507691
5,3.0,2.0,96.4685711876
5,3.0,2.0,93.2621952043
5,3.0,2.0,100.285842794
5,3.0,2.0,99.388808698
5,3.0,2.0,97.2076994255
5,3.0,2.2,100.769883053
5,3.0,2.2,95.3741043979
5,3.0,2.2,99.0415464758
5,3.0,2.2,102.139983655
5,3.0,2.2,102.875983273
5,3.2,1.8,100.325461654
5,3.2,1.8,95.739241563
5,3.2,1.8,97.8080193167
5,3.2,1.8,100.578623308
5,3.2,1.8,98.7579251978
5,3.2,2.0,99.8321071687
5,3.2,2.0,97.5380639123
5,3.2,2.0,102.282169219
5,3.2,2.0,103.770467818
5,3.2,2.0,94.9669724253
5,3.2,2.2,101.562903119
5,3.2,2.2,102.861010627
5,3.2,2.2,96.7159134596
5,3.2,2.2,96.6133569786
5,3.2,2.2,103.553404316
10,2.8,1.8,80.1682829969
10,2.8,1.8,81.8879445212
10,2.8,1.8,85.240096589
10,2.8,1.8,84.664190014
10,2.8,1.8,81.9105803574
10,2.8,2.0,89.1542197054
10,2.8,2.0,81.3022881434
10,2.8,2.0,82.2037849213
10,2.8,2.0,83.9337394988
10,2.8,2.0,79.9218340009
10,2.8,2.2,88.395716726
10,2.8,2.2,81.6718554015
10,2.8,2.2,83.2596705742
10,2.8,2.2,80.8381061274
10,2.8,2.2,87.3248023636
10,3.0,1.8,80.5737736027
10,3.0,1.8,83.2042550351
10,3.0,1.8,78.8161130404
10,3.0,1.8,79.6717925416
10,3.0,1.8,82.5454954536
10,3.0,2.0,82.8498049732
10,3.0,2.0,82.0756502209
10,3.0,2.0,87.7578462563
10,3.0,2.0,80.1025180849
10,3.0,2.0,78.8921117487
10,3.0,2.2,84.1832835187
10,3.0,2.2,83.2674165417
10,3.0,2.2,81.618227254
10,3.0,2.2,83.8048923182
10,3.0,2.2,82.8812215447
10,3.2,1.8,85.8543835148
10,3.2,1.8,83.0658071896
10,3.2,1.8,79.7192501421
10,3.2,1.8,84.8710473657
10,3.2,1.8,85.6358738352
10,3.2,2.0,81.7510476242
10,3.2,2.0,84.7622358634
10,3.2,2.0,88.5751453027
10,3.2,2.0,84.948689241
10,3.2,2.0,86.6723573387
10,3.2,2.2,83.9570385207
10,3.2,2.2,89.0506732777
10,3.2,2.2,83.3339179303
10,3.2,2.2,82.413409738
10,3.2,2.2,82.5979473313
20,2.8,1.8,63.3571021772
20,2.8,1.8,67.6505254532
20,2.8,1.8,65.7968178423
20,2.8,1.8,68.0751405275
20,2.8,1.8,68.7718803183
20,2.8,2.0,65.6617632885
20,2.8,2.0,67.8162312046
20,2.8,2.0,67.6105969521
20,2.8,2.0,66.5457810156
20,2.8,2.0,70.8272513465
20,2.8,2.2,68.0687774252
20,2.8,2.2,69.9075840415
20,2.8,2.2,70.4436245772
20,2.8,2.2,68.7619851287
20,2.8,2.2,65.9973852377
20,3.0,1.8,67.7701509239
20,3.0,1.8,68.8126485175
20,3.0,1.8,65.1417119522
20,3.0,1.8,65.7356288633
20,3.0,1.8,68.859858383
20,3.0,2.0,68.1917949894
20,3.0,2.0,69.6120914832
20,3.0,2.0,65.349344674
20,3.0,2.0,68.6288372694
20,3.0,2.0,68.7653310629
20,3.0,2.2,71.5824162176
20,3.0,2.2,67.818168118
20,3.0,2.2,69.4578686838
20,3.0,2.2,70.2394754021
20,3.0,2.2,66.093703174
20,3.2,1.8,69.4194894518
20,3.2,1.8,64.5785835855
20,3.2,1.8,67.0747994713
20,3.2,1.8,68.3622457414
20,3.2,1.8,70.467176239
20,3.2,2.0,64.2636190316
20,3.2,2.0,68.4706172604
20,3.2,2.0,70.7748230346
20,3.2,2.0,68.6250807014
20,3.2,2.0,67.5264654762
20,3.2,2.2,69.5152865622
20,3.2,2.2,70.9212117671
20,3.2,2.2,72.242287544
20,3.2,2.2,69.8373657049
20,3.2,2.2,69.340439609
30,2.8,1.8,63.5575051733
30,2.8,1.8,65.2290677615
30,2.8,1.8,57.8301508567
30,2.8,1.8,61.4074153934
30,2.8,1.8,62.0215247915
30,2.8,2.0,60.7335375744
30,2.8,2.0,59.8280643373
30,2.8,2.0,62.34735027
30,2.8,2.0,60.3462984717
30,2.8,2.0,60.2659470961
30,2.8,2.2,60.3459390693
30,2.8,2.2,62.5721342723
30,2.8,2.2,65.1208676173
30,2.8,2.2,60.4392101363
30,2.8,2.2,60.6905775703
30,3.0,1.8,62.4874811854
30,3.0,1.8,63.7679522533
30,3.0,1.8,69.5892435807
30,3.0,1.8,62.8764400818
30,3.0,1.8,61.4164922059
30,3.0,2.0,64.0375969726
30,3.0,2.0,64.8573451624
30,3.0,2.0,65.2099401899
30,3.0,2.0,60.8897046116
30,3.0,2.0,56.6762231202
30,3.0,2.2,66.1296052708
30,3.0,2.2,61.9723420199
30,3.0,2.2,62.7355167807
30,3.0,2.2,66.9730015267
30,3.0,2.2,56.4297596685
30,3.2,1.8,57.5300371528
30,3.2,1.8,64.3552707992
30,3.2,1.8,57.084065876
30,3.2,1.8,62.6791226172
30,3.2,1.8,60.6305056616
30,3.2,2.0,68.1572815965
30,3.2,2.0,60.0995032852
30,3.2,2.0,65.2043907456
30,3.2,2.0,61.1976679974
30,3.2,2.0,62.459701324
30,3.2,2.2,59.4398659289
30,3.2,2.2,62.4464954695
30,3.2,2.2,59.9452568468
30,3.2,2.2,64.1163211073
30,3.2,2.2,62.091678376
1,3.0,2.0,122.577808444
1,3.0,2.0,121.166822543
1,3.0,2.0,123.112645021
1,3.0,2.0,120.533629408
1,3.0,2.0,126.433263049
1,3.0,2.2,122.111949858
1,3.0,2.2,125.670739985
1,3.0,2.2,127.958072679
1,3.0,2.2,122.484612959
1,3.0,2.2,125.314297048
1,3.0,2.4,122.470037561
1,3.0,2.4,125.893596044
1,3.0,2.4,123.452716504
1,3.0,2.4,125.056695789
1,3.0,2.4,125.311727171
1,3.2,2.0,121.528351836
1,3.2,2.0,122.61210755
1,3.2,2.0,122.746888681
1,3.2,2.0,121.544982394
1,3.2,2.0,126.472180302
1,3.2,2.2,121.633397604
1,3.2,2.2,122.111309095
1,3.2,2.2,121.875434417
1,3.2,2.2,120.381679999
1,3.2,2.2,124.062927336
1,3.2,2.4,123.66448376
1,3.2,2.4,125.579311203
1,3.2,2.4,123.754044922
1,3.2,2.4,119.221519856
1,3.2,2.4,124.124928102
1,3.4,2.0,120.318040717
1,3.4,2.0,122.331726336
1,3.4,2.0,123.654408928
1,3.4,2.0,120.573541036
1,3.4,2.0,122.449914379
1,3.4,2.2,120.010907355
1,3.4,2.2,123.502185983
1,3.4,2.2,121.322389804
1,3.4,2.2,118.992091073
1,3.4,2.2,126.76228239
1,3.4,2.4,120.982710715
1,3.4,2.4,122.468159162
1,3.4,2.4,125.120032675
1,3.4,2.4,122.488578244
1,3.4,2.4,121.478545587
5,3.0,2.0,96.97806322
5,3.0,2.0,94.2983515774
5,3.0,2.0,96.705662591
5,3.0,2.0,101.881782641
5,3.0,2.0,97.4838637945
5,3.0,2.2,101.986646201
5,3.0,2.2,96.9999188583
5,3.0,2.2,102.972905829
5,3.0,2.2,97.4389914529
5,3.0,2.2,101.930400706
5,3.0,2.4,99.0561561723
5,3.0,2.4,99.9740583758
5,3.0,2.4,97.661612672
5,3.0,2.4,102.39680342
5,3.0,2.4,101.576817266
5,3.2,2.0,99.9918600809
5,3.2,2.0,95.7358894205
5,3.2,2.0,99.7513947486
5,3.2,2.0,93.192919433
5,3.2,2.0,99.2900545169
5,3.2,2.2,102.097474633
5,3.2,2.2,99.1109079658
5,3.2,2.2,98.0012425446
5,3.2,2.2,97.5200405998
5,3.2,2.2,99.4770609916
5,3.2,2.4,103.989298242
5,3.2,2.4,100.491286695
5,3.2,2.4,103.851241136
5,3.2,2.4,97.7913186401
5,3.2,2.4,97.4841182041
5,3.4,2.0,96.4347794164
5,3.4,2.0,100.404197562
5,3.4,2.0,100.837488888
5,3.4,2.0,103.299257816
5,3.4,2.0,104.549223639
5,3.4,2.2,98.4425202188
5,3.4,2.2,102.984031372
5,3.4,2.2,101.752336636
5,3.4,2.2,99.5606786277
5,3.4,2.2,98.5322545364
5,3.4,2.4,98.2033392972
5,3.4,2.4,102.301557795
5,3.4,2.4,96.2484263756
5,3.4,2.4,94.4736731269
5,3.4,2.4,103.245056995
10,3.0,2.0,83.4204391838
10,3.0,2.0,84.0884118572
10,3.0,2.0,82.7153699957
10,3.0,2.0,80.5251643311
10,3.0,2.0,81.7547023898
10,3.0,2.2,79.2008964436
10,3.0,2.2,79.9858196942
10,3.0,2.2,86.8028015146
10,3.0,2.2,83.6129232095
10,3.0,2.2,88.0148432284
10,3.0,2.4,86.0278769544
10,3.0,2.4,85.9689352235
10,3.0,2.4,83.6434132337
10,3.0,2.4,84.071961305
10,3.0,2.4,82.3934760699
10,3.2,2.0,82.8522958894
10,3.2,2.0,84.0702706506
10,3.2,2.0,78.9085290752
10,3.2,2.0,84.6748133271
10,3.2,2.0,81.3636478122
10,3.2,2.2,90.0325524654
10,3.2,2.2,85.2197799961
10,3.2,2.2,82.1209164786
10,3.2,2.2,83.5563491394
10,3.2,2.2,85.455823717
10,3.2,2.4,87.1193908157
10,3.2,2.4,85.3458963796
10,3.2,2.4,85.9692357937
10,3.2,2.4,79.5337233742
10,3.2,2.4,81.9578591919
10,3.4,2.0,85.1771002902
10,3.4,2.0,85.3363155858
10,3.4,2.0,80.4861937538
10,3.4,2.0,85.1528160469
10,3.4,2.0,80.604122575
10,3.4,2.2,86.7494070299
10,3.4,2.2,85.0801685931
10,3.4,2.2,85.0009105009
10,3.4,2.2,83.1591576334
10,3.4,2.2,88.7578302438
10,3.4,2.4,81.7683716304
10,3.4,2.4,84.0417958648
10,3.4,2.4,86.0333430593
10,3.4,2.4,89.7148777085
10,3.4,2.4,87.7251951936
20,3.0,2.0,65.3917431248
20,3.0,2.0,65.7422125061
20,3.0,2.0,70.731821178
20,3.0,2.0,72.7002461925
20,3.0,2.0,76.247214405
20,3.0,2.2,67.3229959569
20,3.0,2.2,68.3780346418
20,3.0,2.2,69.0704393276
20,3.0,2.2,66.7891381787
20,3.0,2.2,68.1948880572
20,3.0,2.4,73.788820951
20,3.0,2.4,72.6160439662
20,3.0,2.4,68.5018764108
20,3.0,2.4,68.8338579704
20,3.0,2.4,67.7542828765
20,3.2,2.0,69.1569301545
20,3.2,2.0,68.1703618223
20,3.2,2.0,70.0102312024
20,3.2,2.0,68.5711395504
20,3.2,2.0,65.0059856526
20,3.2,2.2,70.2395145561
20,3.2,2.2,66.4061375995
20,3.2,2.2,70.2521220397
20,3.2,2.2,67.9428242802
20,3.2,2.2,67.2165152319
20,3.2,2.4,69.5200813045
20,3.2,2.4,73.3109609743
20,3.2,2.4,67.229361378
20,3.2,2.4,69.9329117399
20,3.2,2.4,68.8487055329
20,3.4,2.0,69.7754847757
20,3.4,2.0,69.3462937309
20,3.4,2.0,75.5370252731
20,3.4,2.0,71.5338705126
20,3.4,2.0,67.9552547192
20,3.4,2.2,70.6329490585
20,3.4,2.2,76.0549179862
20,3.4,2.2,65.9394609108
20,3.4,2.2,68.6672923038
20,3.4,2.2,67.5688552714
20,3.4,2.4,70.4549052616
20,3.4,2.4,71.8345863488
20,3.4,2.4,66.4235548138
20,3.4,2.4,73.8820778277
20,3.4,2.4,71.0327029256
30,3.0,2.0,60.9158078288
30,3.0,2.0,61.3192129662
30,3.0,2.0,62.4742082686
30,3.0,2.0,60.6324111749
30,3.0,2.0,61.1604347531
30,3.0,2.2,64.2046025791
30,3.0,2.2,60.9423263428
30,3.0,2.2,64.2609656649
30,3.0,2.2,62.8649179753
30,3.0,2.2,59.6884572584
30,3.0,2.4,59.4199680104
30,3.0,2.4,62.49163502
30,3.0,2.4,66.8128400569
30,3.0,2.4,63.3055536248
30,3.0,2.4,60.8308367251
30,3.2,2.0,65.769972417
30,3.2,2.0,67.1549347894
30,3.2,2.0,62.5987589003
30,3.2,2.0,58.417100111
30,3.2,2.0,59.8646126389
30,3.2,2.2,59.7925177832
30,3.2,2.2,64.7038252927
30,3.2,2.2,64.6914842702
30,3.2,2.2,62.3632604798
30,3.2,2.2,58.3137170136
30,3.2,2.4,63.2691865272
30,3.2,2.4,62.1427836612
30,3.2,2.4,63.0258278385
30,3.2,2.4,66.4659210609
30,3.2,2.4,62.6680629529
30,3.4,2.0,59.3877855385
30,3.4,2.0,62.2875958375
30,3.4,2.0,60.357264594
30,3.4,2.0,61.2586264544
30,3.4,2.0,64.9714235053
30,3.4,2.2,67.199990133
30,3.4,2.2,66.2185333124
30,3.4,2.2,65.9834799692
30,3.4,2.2,65.0204633044
30,3.4,2.2,59.8148762899
30,3.4,2.4,62.3205703768
30,3.4,2.4,62.7110456004
30,3.4,2.4,61.2103793675
30,3.4,2.4,63.5569558982
30,3.4,2.4,64.4819970653
1,3.0,2.0,122.78765615
1,3.0,2.0,129.004291333
1,3.0,2.0,125.387663868
1,3.0,2.0,124.303476553
1,3.0,2.0,127.360281605
1,3.0,2.2,124.494772018
1,3.0,2.2,125.732502046
1,3.0,2.2,121.40504089
1,3.0,2.2,123.988496128
1,3.0,2.2,121.719929836
1,3.0,2.4,126.679787139
1,3.0,2.4,124.413519363
1,3.0,2.4,123.774763267
1,3.0,2.4,125.463147872
1,3.0,2.4,126.32598188
1,3.2,2.0,121.009516744
1,3.2,2.0,125.186664297
1,3.2,2.0,126.472182211
1,3.2,2.0,118.236800688
1,3.2,2.0,123.708042011
1,3.2,2.2,118.291154775
1,3.2,2.2,122.846308252
1,3.2,2.2,122.282373257
1,3.2,2.2,119.317498486
1,3.2,2.2,121.651058874
1,3.2,2.4,127.1258146
1,3.2,2.4,122.653968317
1,3.2,2.4,121.491929132
1,3.2,2.4,122.278775003
1,3.2,2.4,121.663381795
1,3.4,2.0,122.174100961
1,3.4,2.0,121.823541063
1,3.4,2.0,124.4384166
1,3.4,2.0,125.589553552
1,3.4,2.0,121.981142523
1,3.4,2.2,120.311059529
1,3.4,2.2,119.937351224
1,3.4,2.2,122.658272294
1,3.4,2.2,119.967473721
1,3.4,2.2,121.789732425
1,3.4,2.4,123.937170557
1,3.4,2.4,119.608316869
1,3.4,2.4,120.625630417
1,3.4,2.4,118.629061788
1,3.4,2.4,119.810661029
5,3.0,2.0,99.8433826376
5,3.0,2.0,100.725623432
5,3.0,2.0,95.5214577404
5,3.0,2.0,94.5792058823
5,3.0,2.0,94.3853395545
5,3.0,2.2,98.0596107285
5,3.0,2.2,101.329010851
5,3.0,2.2,97.8541949433
5,3.0,2.2,96.8649193625
5,3.0,2.2,100.498375067
5,3.0,2.4,98.5845079535
5,3.0,2.4,98.4915156898
5,3.0,2.4,99.9601186575
5,3.0,2.4,104.568687125
5,3.0,2.4,97.7598171288
5,3.2,2.0,99.7439671954
5,3.2,2.0,93.4884307452
5,3.2,2.0,102.10268925
5,3.2,2.0,100.394124408
5,3.2,2.0,98.8232261558
5,3.2,2.2,95.7839906178
5,3.2,2.2,94.9177532424
5,3.2,2.2,92.3755049958
5,3.2,2.2,95.5223669861
5,3.2,2.2,97.4775268227
5,3.2,2.4,101.114467462
5,3.2,2.4,101.267812597
5,3.2,2.4,96.8426858314
5,3.2,2.4,103.328526895
5,3.2,2.4,101.959136805
5,3.4,2.0,100.846415306
5,3.4,2.0,101.54898291
5,3.4,2.0,99.0642035863
5,3.4,2.0,98.1294366667
5,3.4,2.0,99.7987117815
5,3.4,2.2,94.4121907198
5,3.4,2.2,101.625237351
5,3.4,2.2,104.096997983
5,3.4,2.2,100.050443247
5,3.4,2.2,100.062147569
5,3.4,2.4,99.1194165691
5,3.4,2.4,98.3145669412
5,3.4,2.4,96.7940090201
5,3.4,2.4,101.987255942
5,3.4,2.4,99.4497694477
10,3.0,2.0,85.3203646684
10,3.0,2.0,84.7632035473
10,3.0,2.0,79.9467280747
10,3.0,2.0,82.9606837974
10,3.0,2.0,85.0497262527
10,3.0,2.2,80.2860029799
10,3.0,2.2,83.6741337978
10,3.0,2.2,82.9802074988
10,3.0,2.2,84.0572002894
10,3.0,2.2,83.6580945779
10,3.0,2.4,82.7546334893
10,3.0,2.4,87.183625764
10,3.0,2.4,81.5405902122
10,3.0,2.4,80.0634597981
10,3.0,2.4,81.1019442932
10,3.2,2.0,86.7824279717
10,3.2,2.0,80.7958323015
10,3.2,2.0,86.4017392879
10,3.2,2.0,84.4348011871
10,3.2,2.0,90.6476834618
10,3.2,2.2,84.2978685638
10,3.2,2.2,86.3154927492
10,3.2,2.2,82.3274715107
10,3.2,2.2,81.8219337789
10,3.2,2.2,83.1301096112
10,3.2,2.4,83.8776333717
10,3.2,2.4,81.9974147576
10,3.2,2.4,81.601265067
10,3.2,2.4,80.122984944
10,3.2,2.4,80.0534282362
10,3.4,2.0,84.5903182365
10,3.4,2.0,79.9045595731
10,3.4,2.0,82.6368921892
10,3.4,2.0,79.974185873
10,3.4,2.0,85.2206958496
10,3.4,2.2,87.9666346084
10,3.4,2.2,83.9221893299
10,3.4,2.2,89.5094264119
10,3.4,2.2,92.2791454769
10,3.4,2.2,82.6736771135
10,3.4,2.4,80.2848346583
10,3.4,2.4,83.2524070379
10,3.4,2.4,81.1601318724
10,3.4,2.4,83.8696079672
10,3.4,2.4,86.249732362
20,3.0,2.0,73.6934565722
20,3.0,2.0,68.1475534329
20,3.0,2.0,66.9335592267
20,3.0,2.0,64.9707916562
20,3.0,2.0,67.5912484878
20,3.0,2.2,66.4445543541
20,3.0,2.2,71.2599930939
20,3.0,2.2,70.8418326817
20,3.0,2.2,67.9083070011
20,3.0,2.2,67.2598140858
20,3.0,2.4,68.7062644114
20,3.0,2.4,68.8952693169
20,3.0,2.4,66.7698613645
20,3.0,2.4,71.7716604234
20,3.0,2.4,69.3689844788
20,3.2,2.0,65.5810267008
20,3.2,2.0,64.3980729491
20,3.2,2.0,68.7055917653
20,3.2,2.0,72.6991878107
20,3.2,2.0,67.2779485397
20,3.2,2.2,70.1431815489
20,3.2,2.2,67.4045727061
20,3.2,2.2,70.3878578831
20,3.2,2.2,75.6497842772
20,3.2,2.2,70.3533716646
20,3.2,2.4,70.0225738925
20,3.2,2.4,69.3914534612
20,3.2,2.4,66.231522697
20,3.2,2.4,70.9982445131
20,3.2,2.4,68.845750109
20,3.4,2.0,70.7613540708
20,3.4,2.0,69.0499188012
20,3.4,2.0,72.4343687096
20,3.4,2.0,72.0053286215
20,3.4,2.0,69.8328998444
20,3.4,2.2,74.648523538
20,3.4,2.2,67.700040103
20,3.4,2.2,67.9130310746
20,3.4,2.2,71.0863021236
20,3.4,2.2,68.8268726022
20,3.4,2.4,73.7559609007
20,3.4,2.4,69.7733900133
20,3.4,2.4,71.768419508
20,3.4,2.4,68.4603065612
20,3.4,2.4,69.9993102293
30,3.0,2.0,58.755973908
30,3.0,2.0,59.6629954788
30,3.0,2.0,59.5067290922
30,3.0,2.0,64.0225264972
30,3.0,2.0,61.8235955926
30,3.0,2.2,61.7270005827
30,3.0,2.2,63.9601704396
30,3.0,2.2,59.7124252232
30,3.0,2.2,61.4326471846
30,3.0,2.2,64.669556606
30,3.0,2.4,64.9475149365
30,3.0,2.4,61.6974649582
30,3.0,2.4,57.9394731773
30,3.0,2.4,62.785051122
30,3.0,2.4,60.1750908596
30,3.2,2.0,64.1058404824
30,3.2,2.0,61.4579473713
30,3.2,2.0,61.683238815
30,3.2,2.0,61.2341233025
30,3.2,2.0,63.9451358501
30,3.2,2.2,64.6558769711
30,3.2,2.2,61.3319121791
30,3.2,2.2,62.9844470064
30,3.2,2.2,61.7258016233
30,3.2,2.2,57.4986071955
30,3.2,2.4,61.262697286
30,3.2,2.4,62.4747712405
30,3.2,2.4,64.9866974862
30,3.2,2.4,60.199543021
30,3.2,2.4,57.3712148587
30,3.4,2.0,65.1223391646
30,3.4,2.0,62.282344658
30,3.4,2.0,58.322250017
30,3.4,2.0,59.8157674755
30,3.4,2.0,60.7291114712
30,3.4,2.2,62.3990585967
30,3.4,2.2,63.5633580712
30,3.4,2.2,59.0202683723
30,3.4,2.2,65.8621958903
30,3.4,2.2,60.623210344
30,3.4,2.4,55.7380029672
30,3.4,2.4,61.4944627875
30,3.4,2.4,60.252407384
30,3.4,2.4,59.0133906512
30,3.4,2.4,61.3344130328
1,3.3,2.1,120.866374461
1,3.3,2.1,121.364479601
1,3.3,2.1,123.647988915
1,3.3,2.1,122.623812185
1,3.3,2.1,123.320044219
1,3.3,2.2,122.601994928
1,3.3,2.2,120.872885181
1,3.3,2.2,128.660396592
1,3.3,2.2,123.058283507
1,3.3,2.2,121.310856137
1,3.3,2.3,122.585456789
1,3.3,2.3,122.383902165
1,3.3,2.3,127.172877395
1,3.3,2.3,123.467204796
1,3.3,2.3,121.690573934
1,3.4,2.1,120.463080114
1,3.4,2.1,118.065090287
1,3.4,2.1,120.095406381
1,3.4,2.1,125.779391307
1,3.4,2.1,121.440413736
1,3.4,2.2,123.690894737
1,3.4,2.2,118.297827345
1,3.4,2.2,120.616514799
1,3.4,2.2,125.277235408
1,3.4,2.2,122.924674496
1,3.4,2.3,120.38076938
1,3.4,2.3,121.411589451
1,3.4,2.3,122.94155726
1,3.4,2.3,124.141873112
1,3.4,2.3,121.858480782
1,3.5,2.1,118.267188139
1,3.5,2.1,125.412067157
1,3.5,2.1,119.506523477
1,3.5,2.1,120.927686756
1,3.5,2.1,122.474722773
1,3.5,2.2,123.672223566
1,3.5,2.2,122.479040518
1,3.5,2.2,122.000184104
1,3.5,2.2,123.922002829
1,3.5,2.2,120.760237444
1,3.5,2.3,119.301083762
1,3.5,2.3,118.979918925
1,3.5,2.3,123.131670603
1,3.5,2.3,119.718220927
1,3.5,2.3,120.098559622
5,3.3,2.1,97.9497368214
5,3.3,2.1,97.7524374714
5,3.3,2.1,97.6723836683
5,3.3,2.1,103.131964416
5,3.3,2.1,101.208903219
5,3.3,2.2,97.8398108042
5,3.3,2.2,104.19913953
5,3.3,2.2,100.469115043
5,3.3,2.2,99.0085722238
5,3.3,2.2,99.9782144611
5,3.3,2.3,99.6026031772
5,3.3,2.3,97.0072754709
5,3.3,2.3,99.0433996663
5,3.3,2.3,98.8995399964
5,3.3,2.3,103.447427846
5,3.4,2.1,99.0327316921
5,3.4,2.1,98.6360592847
5,3.4,2.1,103.331760895
5,3.4,2.1,100.455059574
5,3.4,2.1,99.7843802598
5,3.4,2.2,101.9871799
5,3.4,2.2,96.5888001726
5,3.4,2.2,103.995537306
5,3.4,2.2,100.183944806
5,3.4,2.2,98.3044559628
5,3.4,2.3,102.549556754
5,3.4,2.3,97.7786607146
5,3.4,2.3,100.733397261
5,3.4,2.3,95.1932800393
5,3.4,2.3,99.974631141
5,3.5,2.1,100.233643586
5,3.5,2.1,103.458026145
5,3.5,2.1,98.8159362323
5,3.5,2.1,100.13427579
5,3.5,2.1,97.9991937295
5,3.5,2.2,104.100840935
5,3.5,2.2,103.105012886
5,3.5,2.2,102.891824961
5,3.5,2.2,97.8647673187
5,3.5,2.2,97.6851665718
5,3.5,2.3,103.481617125
5,3.5,2.3,99.974265237
5,3.5,2.3,95.7192547732
5,3.5,2.3,99.4983791646
5,3.5,2.3,100.564060597
10,3.3,2.1,83.8994275767
10,3.3,2.1,90.2413029713
10,3.3,2.1,82.6850782256
10,3.3,2.1,86.8607863057
10,3.3,2.1,86.2267913098
10,3.3,2.2,87.2585593689
10,3.3,2.2,83.0174455879
10,3.3,2.2,81.8354279771
10,3.3,2.2,81.3536382944
10,3.3,2.2,83.6419730674
10,3.3,2.3,81.6715393207
10,3.3,2.3,83.2187533936
10,3.3,2.3,89.7918665977
10,3.3,2.3,87.7452489811
10,3.3,2.3,84.747172968
10,3.4,2.1,84.2501585336
10,3.4,2.1,85.8406191739
10,3.4,2.1,83.075049984
10,3.4,2.1,81.5753975365
10,3.4,2.1,82.0044875293
10,3.4,2.2,83.873294567
10,3.4,2.2,83.0368701431
10,3.4,2.2,83.4946846362
10,3.4,2.2,83.5738465755
10,3.4,2.2,84.9007789932
10,3.4,2.3,85.8344940117
10,3.4,2.3,89.5480053539
10,3.4,2.3,80.6465092235
10,3.4,2.3,86.9595644746
10,3.4,2.3,82.1727609147
10,3.5,2.1,85.3767206292
10,3.5,2.1,84.6184195685
10,3.5,2.1,82.5588720399
10,3.5,2.1,84.7085694318
10,3.5,2.1,91.3859858848
10,3.5,2.2,85.6193520963
10,3.5,2.2,86.0875203906
10,3.5,2.2,83.9486611637
10,3.5,2.2,85.2598511065
10,3.5,2.2,89.6860981628
10,3.5,2.3,84.2588552599
10,3.5,2.3,81.3026515674
10,3.5,2.3,86.8850431586
10,3.5,2.3,84.4118701756
10,3.5,2.3,88.0196479185
20,3.3,2.1,66.4406207166
20,3.3,2.1,69.793137997
20,3.3,2.1,70.0254766635
20,3.3,2.1,69.9391700934
20,3.3,2.1,72.8893720362
20,3.3,2.2,75.0553400034
20,3.3,2.2,69.5418631649
20,3.3,2.2,74.7205552403
20,3.3,2.2,69.9633947288
20,3.3,2.2,69.9218119047
20,3.3,2.3,70.8641230505
20,3.3,2.3,68.744169124
20,3.3,2.3,63.1086366664
20,3.3,2.3,67.0638562524
20,3.3,2.3,67.8524597918
20,3.4,2.1,69.0886036955
20,3.4,2.1,70.4194772111
20,3.4,2.1,71.4655332794
20,3.4,2.1,69.8855724112
20,3.4,2.1,70.9138615059
20,3.4,2.2,70.8474172562
20,3.4,2.2,68.2506585316
20,3.4,2.2,70.2134687576
20,3.4,2.2,67.614227572
20,3.4,2.2,68.540956963
20,3.4,2.3,68.6019525209
20,3.4,2.3,69.8700924286
20,3.4,2.3,72.6618731231
20,3.4,2.3,70.9449892429
20,3.4,2.3,70.7790035042
20,3.5,2.1,69.8545947886
20,3.5,2.1,70.350762852
20,3.5,2.1,68.4267438197
20,3.5,2.1,70.4093718348
20,3.5,2.1,69.5330114241
20,3.5,2.2,74.1308765786
20,3.5,2.2,73.2058704412
20,3.5,2.2,69.0898005759
20,3.5,2.2,68.3577205247
20,3.5,2.2,74.8322407934
20,3.5,2.3,68.6058968056
20,3.5,2.3,71.3599053044
20,3.5,2.3,65.2574502197
20,3.5,2.3,72.5867247738
20,3.5,2.3,70.1768464677
30,3.3,2.1,64.7015512956
30,3.3,2.1,61.137127824
30,3.3,2.1,63.4456940729
30,3.3,2.1,60.9053611304
30,3.3,2.1,67.4123574025
30,3.3,2.2,63.6682627965
30,3.3,2.2,61.8703099281
30,3.3,2.2,61.3391710452
30,3.3,2.2,65.248471403
30,3.3,2.2,60.9656879823
30,3.3,2.3,66.2130021004
30,3.3,2.3,60.0246130062
30,3.3,2.3,62.6372024784
30,3.3,2.3,62.9610842236
30,3.3,2.3,60.5911483475
30,3.4,2.1,59.2289832748
30,3.4,2.1,67.6376128321
30,3.4,2.1,64.421046205
30,3.4,2.1,58.9855190492
30,3.4,2.1,61.7804258863
30,3.4,2.2,65.0269542897
30,3.4,2.2,66.2559183575
30,3.4,2.2,61.8742610391
30,3.4,2.2,63.0216099076
30,3.4,2.2,60.9414200605
30,3.4,2.3,63.8200861381
30,3.4,2.3,65.8931105965
30,3.4,2.3,63.8861568789
30,3.4,2.3,63.309880547
30,3.4,2.3,60.4665759024
30,3.5,2.1,60.5449932337
30,3.5,2.1,64.0732868721
30,3.5,2.1,63.8318195741
30,3.5,2.1,63.0754474968
30,3.5,2.1,61.956758193
30,3.5,2.2,59.3083438545
30,3.5,2.2,61.9515415783
30,3.5,2.2,57.215916745
30,3.5,2.2,62.3869175301
30,3.5,2.2,63.8065085089
30,3.5,2.3,64.4417394179
30,3.5,2.3,58.4366633906
30,3.5,2.3,64.5934634536
30,3.5,2.3,62.1475577688
30,3.5,2.3,63.9219807375
1,3.3,2.1,122.773652073
1,3.3,2.1,120.027443287
1,3.3,2.1,126.566552618
1,3.3,2.1,124.220510357
1,3.3,2.1,124.426027175
1,3.3,2.2,127.34393501
1,3.3,2.2,123.172199813
1,3.3,2.2,121.125122421
1,3.3,2.2,123.058985697
1,3.3,2.2,118.927602176
1,3.3,2.3,120.401437876
1,3.3,2.3,122.277977643
1,3.3,2.3,120.145915331
1,3.3,2.3,121.274283181
1,3.3,2.3,124.221041279
1,3.4,2.1,123.582930577
1,3.4,2.1,122.206500105
1,3.4,2.1,119.387496554
1,3.4,2.1,121.05596333
1,3.4,2.1,123.626562655
1,3.4,2.2,123.435058485
1,3.4,2.2,124.061535615
1,3.4,2.2,123.120293292
1,3.4,2.2,119.290193514
1,3.4,2.2,124.266122377
1,3.4,2.3,120.612744203
1,3.4,2.3,125.190755225
1,3.4,2.3,121.974379981
1,3.4,2.3,120.023731976
1,3.4,2.3,122.891733811
1,3.5,2.1,120.353200153
1,3.5,2.1,121.191367432
1,3.5,2.1,122.73494408
1,3.5,2.1,123.347403977
1,3.5,2.1,119.962052034
1,3.5,2.2,121.013179311
1,3.5,2.2,121.321646322
1,3.5,2.2,119.574092366
1,3.5,2.2,122.45246736
1,3.5,2.2,122.927423315
1,3.5,2.3,121.796287825
1,3.5,2.3,121.461136125
1,3.5,2.3,125.647850519
1,3.5,2.3,121.183756626
1,3.5,2.3,121.221365366
5,3.3,2.1,98.336113725
5,3.3,2.1,96.6918606174
5,3.3,2.1,100.71546336
5,3.3,2.1,98.3421038962
5,3.3,2.1,97.0960761342
5,3.3,2.2,105.252014564
5,3.3,2.2,100.716855935
5,3.3,2.2,99.9405005783
5,3.3,2.2,97.2264993384
5,3.3,2.2,104.872193246
5,3.3,2.3,101.808248517
5,3.3,2.3,98.4974134326
5,3.3,2.3,97.106271876
5,3.3,2.3,101.715571053
5,3.3,2.3,101.364326733
5,3.4,2.1,97.0141721717
5,3.4,2.1,96.3536200538
5,3.4,2.1,97.7818536188
5,3.4,2.1,100.694161573
5,3.4,2.1,100.591810135
5,3.4,2.2,98.5943944649
5,3.4,2.2,99.4175517358
5,3.4,2.2,101.984679992
5,3.4,2.2,98.2614728353
5,3.4,2.2,100.667736933
5,3.4,2.3,99.1693747901
5,3.4,2.3,98.713199622
5,3.4,2.3,102.988295774
5,3.4,2.3,102.439044919
5,3.4,2.3,99.2337659527
5,3.5,2.1,102.808920557
5,3.5,2.1,101.31362542
5,3.5,2.1,101.839847715
5,3.5,2.1,99.8410771269
5,3.5,2.1,103.33134942
5,3.5,2.2,98.2880780052
5,3.5,2.2,102.413335181
5,3.5,2.2,96.8432834264
5,3.5,2.2,97.9788144378
5,3.5,2.2,99.6655177187
5,3.5,2.3,97.1909595051
5,3.5,2.3,97.8964867367
5,3.5,2.3,99.8242938458
5,3.5,2.3,97.4146010508
5,3.5,2.3,98.8903697205
10,3.3,2.1,78.512272646
10,3.3,2.1,84.9419392157
10,3.3,2.1,87.514363617
10,3.3,2.1,82.3088278973
10,3.3,2.1,81.4557345452
10,3.3,2.2,86.1630226682
10,3.3,2.2,90.070166879
10,3.3,2.2,82.546086339
10,3.3,2.2,85.4013597282
10,3.3,2.2,81.399552395
10,3.3,2.3,85.4990470101
10,3.3,2.3,82.7709003851
10,3.3,2.3,85.0093789506
10,3.3,2.3,81.4694254087
10,3.3,2.3,84.6848226216
10,3.4,2.1,81.6680306526
10,3.4,2.1,82.8523769832
10,3.4,2.1,83.2407125227
10,3.4,2.1,84.5518082206
10,3.4,2.1,84.8448453992
10,3.4,2.2,81.1334577004
10,3.4,2.2,82.1767751022
10,3.4,2.2,83.9185505149
10,3.4,2.2,86.198924754
10,3.4,2.2,84.6493259001
10,3.4,2.3,87.5195060896
10,3.4,2.3,85.6178303305
10,3.4,2.3,85.7938060379
10,3.4,2.3,85.4000469415
10,3.4,2.3,77.635798556
10,3.5,2.1,82.3413549482
10,3.5,2.1,82.8437330876
10,3.5,2.1,83.2573460067
10,3.5,2.1,85.7875924318
10,3.5,2.1,83.1718476918
10,3.5,2.2,89.809311149
10,3.5,2.2,90.0778577059
10,3.5,2.2,84.9683455088
10,3.5,2.2,81.1838927765
10,3.5,2.2,83.7802075222
10,3.5,2.3,84.6664113336
10,3.5,2.3,85.1183745974
10,3.5,2.3,85.9379859582
10,3.5,2.3,85.5011286635
10,3.5,2.3,83.7144799173
20,3.3,2.1,68.8302762184
20,3.3,2.1,68.2597498206
20,3.3,2.1,71.6280167945
20,3.3,2.1,68.7432648875
20,3.3,2.1,68.5914608553
20,3.3,2.2,69.7424563417
20,3.3,2.2,71.579603876
20,3.3,2.2,72.3567891536
20,3.3,2.2,72.1238567349
20,3.3,2.2,70.1534236087
20,3.3,2.3,68.6338130494
20,3.3,2.3,66.7874994339
20,3.3,2.3,71.6636239382
20,3.3,2.3,72.2414919037
20,3.3,2.3,66.7199990844
20,3.4,2.1,69.8537290968
20,3.4,2.1,72.0181070995
20,3.4,2.1,74.9700713191
20,3.4,2.1,69.9878681558
20,3.4,2.1,71.5862432693
20,3.4,2.2,71.5687396589
20,3.4,2.2,69.4949070855
20,3.4,2.2,67.0283763153
20,3.4,2.2,69.0885829924
20,3.4,2.2,70.4121419523
20,3.4,2.3,66.547426586
20,3.4,2.3,72.3940046667
20,3.4,2.3,73.1807263518
20,3.4,2.3,70.9320491238
20,3.4,2.3,69.5433790237
20,3.5,2.1,74.3649301546
20,3.5,2.1,66.6196324402
20,3.5,2.1,68.3669959096
20,3.5,2.1,65.2049695798
20,3.5,2.1,70.8906279187
20,3.5,2.2,65.4459080841
20,3.5,2.2,69.4256498356
20,3.5,2.2,69.7443484958
20,3.5,2.2,70.3582642884
20,3.5,2.2,67.849528945
20,3.5,2.3,72.0254254272
20,3.5,2.3,71.5783609475
20,3.5,2.3,71.3601260176
20,3.5,2.3,70.5549685251
20,3.5,2.3,74.1130391845
30,3.3,2.1,58.931244495
30,3.3,2.1,60.8229007664
30,3.3,2.1,57.9572446095
30,3.3,2.1,64.8472196754
30,3.3,2.1,62.3087396043
30,3.3,2.2,66.217499658
30,3.3,2.2,65.0834265326
30,3.3,2.2,58.2210995989
30,3.3,2.2,60.7405257839
30,3.3,2.2,59.3788387772
30,3.3,2.3,64.2926569565
30,3.3,2.3,59.5080974886
30,3.3,2.3,64.252814535
30,3.3,2.3,65.3915954341
30,3.3,2.3,62.0528373317
30,3.4,2.1,63.5157726195
30,3.4,2.1,61.0115932339
30,3.4,2.1,63.8002872659
30,3.4,2.1,58.7579352375
30,3.4,2.1,62.0608601831
30,3.4,2.2,57.5482081546
30,3.4,2.2,61.7195649624
30,3.4,2.2,63.1740499726
30,3.4,2.2,65.957648892
30,3.4,2.2,63.1763082099
30,3.4,2.3,63.3925672785
30,3.4,2.3,63.0081331299
30,3.4,2.3,62.337993775
30,3.4,2.3,65.3421534317
30,3.4,2.3,67.5342804692
30,3.5,2.1,64.1082079004
30,3.5,2.1,58.8416368511
30,3.5,2.1,60.0349993328
30,3.5,2.1,64.1155094514
30,3.5,2.1,61.8650566765
30,3.5,2.2,61.5294929379
30,3.5,2.2,60.9856788455
30,3.5,2.2,63.6728784629
30,3.5,2.2,62.5770450266
30,3.5,2.2,58.3524657368
30,3.5,2.3,61.017272378
30,3.5,2.3,63.0025382212
30,3.5,2.3,64.6580288971
30,3.5,2.3,63.2950139277
30,3.5,2.3,67.4645013325
1,3.4,2.1,127.190530445
1,3.4,2.1,122.288669275
1,3.4,2.1,121.23214336
1,3.4,2.1,125.91523188
1,3.4,2.1,119.768732042
1,3.4,2.2,121.855046236
1,3.4,2.2,122.380345158
1,3.4,2.2,119.672508689
1,3.4,2.2,123.150415847
1,3.4,2.2,124.499580144
1,3.4,2.3,123.728697993
1,3.4,2.3,123.1410252
1,3.4,2.3,122.596383591
1,3.4,2.3,121.800938755
1,3.4,2.3,122.82638158
1,3.5,2.1,122.076747267
1,3.5,2.1,121.08874371
1,3.5,2.1,122.15046474
1,3.5,2.1,122.409622006
1,3.5,2.1,123.72683932
1,3.5,2.2,119.392405241
1,3.5,2.2,122.509553739
1,3.5,2.2,122.381168957
1,3.5,2.2,123.318579738
1,3.5,2.2,119.883921975
1,3.5,2.3,124.913039064
1,3.5,2.3,121.270751003
1,3.5,2.3,119.750025759
1,3.5,2.3,123.575557241
1,3.5,2.3,122.885179956
1,3.6,2.1,123.08151882
1,3.6,2.1,121.295031039
1,3.6,2.1,123.491097625
1,3.6,2.1,125.540452319
1,3.6,2.1,120.429604902
1,3.6,2.2,123.868397171
1,3.6,2.2,120.990828431
1,3.6,2.2,121.64241106
1,3.6,2.2,125.122746491
1,3.6,2.2,120.018636935
1,3.6,2.3,121.258106948
1,3.6,2.3,119.044478084
1,3.6,2.3,123.988660597
1,3.6,2.3,119.622353514
1,3.6,2.3,121.852793725
5,3.4,2.1,100.802392823
5,3.4,2.1,97.5700194168
5,3.4,2.1,100.991089081
5,3.4,2.1,98.2927366548
5,3.4,2.1,97.4496454654
5,3.4,2.2,100.24337809
5,3.4,2.2,99.5420109743
5,3.4,2.2,102.088346057
5,3.4,2.2,102.350957116
5,3.4,2.2,98.9831065503
5,3.4,2.3,99.1207355959
5,3.4,2.3,96.1832506104
5,3.4,2.3,99.3131347819
5,3.4,2.3,99.4442531748
5,3.4,2.3,99.9181184341
5,3.5,2.1,103.829864538
5,3.5,2.1,104.586713087
5,3.5,2.1,103.226590366
5,3.5,2.1,98.9431950407
5,3.5,2.1,100.044948961
5,3.5,2.2,104.530494889
5,3.5,2.2,94.567574829
5,3.5,2.2,95.5207515964
5,3.5,2.2,97.7335146536
5,3.5,2.2,104.135753515
5,3.5,2.3,100.074372187
5,3.5,2.3,101.81392029
5,3.5,2.3,97.905950799
5,3.5,2.3,99.0039551673
5,3.5,2.3,100.391979391
5,3.6,2.1,97.0631409561
5,3.6,2.1,98.712724727
5,3.6,2.1,98.3112621529
5,3.6,2.1,99.5280250182
5,3.6,2.1,101.845462017
5,3.6,2.2,101.824659259
5,3.6,2.2,103.321756411
5,3.6,2.2,100.515733732
5,3.6,2.2,101.350236484
5,3.6,2.2,97.8632786536
5,3.6,2.3,100.567366734
5,3.6,2.3,103.246597777
5,3.6,2.3,102.694237278
5,3.6,2.3,102.744227514
5,3.6,2.3,98.0973218238
10,3.4,2.1,80.9830379572
10,3.4,2.1,88.0762742238
10,3.4,2.1,85.7739746068
10,3.4,2.1,84.6757441326
10,3.4,2.1,85.3100990445
10,3.4,2.2,86.6407394564
10,3.4,2.2,84.5113811307
10,3.4,2.2,86.9110274256
10,3.4,2.2,81.3443551114
10,3.4,2.2,83.7940249623
10,3.4,2.3,84.1230889692
10,3.4,2.3,85.3459804749
10,3.4,2.3,81.9785332701
10,3.4,2.3,87.4449425854
10,3.4,2.3,81.4766812016
10,3.5,2.1,87.4998346127
10,3.5,2.1,81.9866865793
10,3.5,2.1,85.0531786856
10,3.5,2.1,86.4274179716
10,3.5,2.1,85.4912220128
10,3.5,2.2,87.2842937468
10,3.5,2.2,87.0456505307
10,3.5,2.2,86.3099361178
10,3.5,2.2,83.3104562522
10,3.5,2.2,83.0966475784
10,3.5,2.3,90.6707270339
10,3.5,2.3,87.0911240023
10,3.5,2.3,83.9884901056
10,3.5,2.3,80.8037734491
10,3.5,2.3,83.3282434093
10,3.6,2.1,83.9535104251
10,3.6,2.1,86.1263574515
10,3.6,2.1,84.1328711267
10,3.6,2.1,86.6025244099
10,3.6,2.1,84.6863301357
10,3.6,2.2,88.115945583
10,3.6,2.2,86.0541753057
10,3.6,2.2,86.8703518363
10,3.6,2.2,88.1013391586
10,3.6,2.2,86.4756962476
10,3.6,2.3,80.8402106814
10,3.6,2.3,85.124464599
10,3.6,2.3,82.7445011507
10,3.6,2.3,87.2719975729
10,3.6,2.3,87.8465717125
20,3.4,2.1,67.0020929904
20,3.4,2.1,71.6178225241
20,3.4,2.1,70.5722385894
20,3.4,2.1,66.4980954861
20,3.4,2.1,72.1745157158
20,3.4,2.2,73.1956745106
20,3.4,2.2,70.5299865198
20,3.4,2.2,68.7393590289
20,3.4,2.2,67.8684130796
20,3.4,2.2,71.222866115
20,3.4,2.3,68.0350427166
20,3.4,2.3,66.368519313
20,3.4,2.3,67.8803554987
20,3.4,2.3,70.2005519677
20,3.4,2.3,73.7296395366
20,3.5,2.1,69.5330204332
20,3.5,2.1,67.9224936581
20,3.5,2.1,68.5259269948
20,3.5,2.1,69.7620650984
20,3.5,2.1,70.731330916
20,3.5,2.2,70.9384136604
20,3.5,2.2,69.2065598929
20,3.5,2.2,68.9191682374
20,3.5,2.2,70.2682273206
20,3.5,2.2,71.018065825
20,3.5,2.3,71.1150793067
20,3.5,2.3,69.4629306152
20,3.5,2.3,71.8938362053
20,3.5,2.3,69.4334984856
20,3.5,2.3,69.5291560831
20,3.6,2.1,69.0320459075
20,3.6,2.1,68.3076434012
20,3.6,2.1,73.7555868574
20,3.6,2.1,69.6036547955
20,3.6,2.1,67.4541308834
20,3.6,2.2,62.8888214404
20,3.6,2.2,71.0638835543
20,3.6,2.2,71.2686646277
20,3.6,2.2,74.7447187252
20,3.6,2.2,72.751607682
20,3.6,2.3,69.5670195023
20,3.6,2.3,72.9025594763
20,3.6,2.3,72.7868616677
20,3.6,2.3,71.4448313427
20,3.6,2.3,68.5341879165
30,3.4,2.1,64.5959155145
30,3.4,2.1,64.2460912403
30,3.4,2.1,59.8487793629
30,3.4,2.1,62.7417096362
30,3.4,2.1,64.1179508436
30,3.4,2.2,62.0959341073
30,3.4,2.2,65.0592719892
30,3.4,2.2,62.8444719866
30,3.4,2.2,62.7046649272
30,3.4,2.2,59.1151257045
30,3.4,2.3,60.9724293188
30,3.4,2.3,60.8295460843
30,3.4,2.3,60.9264110892
30,3.4,2.3,62.5703523727
30,3.4,2.3,61.0839121496
30,3.5,2.1,61.9269094509
30,3.5,2.1,61.1612537892
30,3.5,2.1,67.7609358822
30,3.5,2.1,62.7680448824
30,3.5,2.1,64.305175382
30,3.5,2.2,63.471508888
30,3.5,2.2,62.404916856
30,3.5,2.2,61.8569589808
30,3.5,2.2,60.5437718223
30,3.5,2.2,59.7080365411
30,3.5,2.3,61.6303322274
30,3.5,2.3,63.8887942443
30,3.5,2.3,65.7078013479
30,3.5,2.3,63.7761592271
30,3.5,2.3,65.3525496717
30,3.6,2.1,61.9083133858
30,3.6,2.1,58.9342163732
30,3.6,2.1,60.8669558232
30,3.6,2.1,62.6135561777
30,3.6,2.1,63.7962407482
30,3.6,2.2,62.6269485247
30,3.6,2.2,62.3404716779
30,3.6,2.2,64.2303155576
30,3.6,2.2,66.3704846169
30,3.6,2.2,67.0259381095
30,3.6,2.3,60.8323749051
30,3.6,2.3,63.3721623046
30,3.6,2.3,60.962783009
30,3.6,2.3,61.5972980684
30,3.6,2.3,64.6829279143
1,3.4,2.1,121.29237178
1,3.4,2.1,122.198510984
1,3.4,2.1,120.452529196
1,3.4,2.1,122.289619615
1,3.4,2.1,121.075107316
1,3.4,2.2,120.49248453
1,3.4,2.2,122.423434491
1,3.4,2.2,121.595232835
1,3.4,2.2,122.076448261
1,3.4,2.2,121.776136205
1,3.4,2.3,125.856508914
1,3.4,2.3,120.259597609
1,3.4,2.3,120.812306211
1,3.4,2.3,122.078008041
1,3.4,2.3,121.187293976
1,3.5,2.1,125.669933071
1,3.5,2.1,120.31565949
1,3.5,2.1,117.63328664
1,3.5,2.1,123.346216275
1,3.5,2.1,121.233488711
1,3.5,2.2,123.583347216
1,3.5,2.2,123.069073029
1,3.5,2.2,120.075470543
1,3.5,2.2,126.386674363
1,3.5,2.2,121.392498261
1,3.5,2.3,119.327355152
1,3.5,2.3,117.514474912
1,3.5,2.3,121.646643255
1,3.5,2.3,121.962725101
1,3.5,2.3,118.787957043
1,3.6,2.1,122.849953372
1,3.6,2.1,119.131099851
1,3.6,2.1,120.277670115
1,3.6,2.1,122.248993947
1,3.6,2.1,120.993913868
1,3.6,2.2,122.185907037
1,3.6,2.2,119.156589535
1,3.6,2.2,120.188316004
1,3.6,2.2,123.614507492
1,3.6,2.2,121.744895619
1,3.6,2.3,124.05769662
1,3.6,2.3,122.947324953
1,3.6,2.3,123.662959569
1,3.6,2.3,118.592446366
1,3.6,2.3,118.570671077
5,3.4,2.1,99.8037275599
5,3.4,2.1,97.6925944391
5,3.4,2.1,103.348078922
5,3.4,2.1,97.0188465669
5,3.4,2.1,96.9077784966
5,3.4,2.2,100.09953948
5,3.4,2.2,98.9758860959
5,3.4,2.2,98.8086786413
5,3.4,2.2,101.891944303
5,3.4,2.2,100.141455735
5,3.4,2.3,101.461908996
5,3.4,2.3,100.197351342
5,3.4,2.3,99.1323495935
5,3.4,2.3,99.2657990131
5,3.4,2.3,101.605797875
5,3.5,2.1,100.229056375
5,3.5,2.1,97.9103360459
5,3.5,2.1,101.257656652
5,3.5,2.1,102.318866009
5,3.5,2.1,96.7999924851
5,3.5,2.2,102.523345764
5,3.5,2.2,108.485710871
5,3.5,2.2,102.668963502
5,3.5,2.2,100.761975062
5,3.5,2.2,98.0649675568
5,3.5,2.3,98.525851053
5,3.5,2.3,99.7664581926
5,3.5,2.3,99.5082920998
5,3.5,2.3,96.1818455492
5,3.5,2.3,97.9575703618
5,3.6,2.1,99.1569951888
5,3.6,2.1,99.3535348815
5,3.6,2.1,103.45026275
5,3.6,2.1,100.372994852
5,3.6,2.1,100.21139609
5,3.6,2.2,101.130694143
5,3.6,2.2,98.6372855366
5,3.6,2.2,101.116912395
5,3.6,2.2,103.028599133
5,3.6,2.2,98.4382926968
5,3.6,2.3,100.649198697
5,3.6,2.3,101.297259481
5,3.6,2.3,101.231280035
5,3.6,2.3,99.5649209698
5,3.6,2.3,102.612490708
10,3.4,2.1,82.2835986352
10,3.4,2.1,81.5170872346
10,3.4,2.1,81.6904753358
10,3.4,2.1,82.2961392306
10,3.4,2.1,85.1057484969
10,3.4,2.2,87.6220980291
10,3.4,2.2,82.7235623547
10,3.4,2.2,81.7222998554
10,3.4,2.2,89.4723236146
10,3.4,2.2,82.4685628889
10,3.4,2.3,86.9694471002
10,3.4,2.3,87.7252531895
10,3.4,2.3,84.8975410455
10,3.4,2.3,83.5521653018
10,3.4,2.3,82.4315004088
10,3.5,2.1,81.8698230589
10,3.5,2.1,79.4272800797
10,3.5,2.1,84.0677919176
10,3.5,2.1,81.6865426659
10,3.5,2.1,84.9190036966
10,3.5,2.2,87.3791679922
10,3.5,2.2,85.7714760724
10,3.5,2.2,83.5760390787
10,3.5,2.2,83.8005161906
10,3.5,2.2,84.1899818619
10,3.5,2.3,79.8009913704
10,3.5,2.3,84.9296792431
10,3.5,2.3,89.3525178443
10,3.5,2.3,87.0351177298
10,3.5,2.3,82.7406331936
10,3.6,2.1,84.4536825164
10,3.6,2.1,89.5904339619
10,3.6,2.1,87.4050101589
10,3.6,2.1,83.7644490597
10,3.6,2.1,83.8522057951
10,3.6,2.2,84.6930143951
10,3.6,2.2,84.9340003803
10,3.6,2.2,86.2874906846
10,3.6,2.2,85.0746374164
10,3.6,2.2,87.1982280969
10,3.6,2.3,85.8316765497
10,3.6,2.3,83.4288031408
10,3.6,2.3,81.8773092533
10,3.6,2.3,88.2099394286
10,3.6,2.3,90.08047031
20,3.4,2.1,69.1240206831
20,3.4,2.1,74.8148971169
20,3.4,2.1,65.7708397756
20,3.4,2.1,72.6441791412
20,3.4,2.1,73.4252281366
20,3.4,2.2,69.8250423711
20,3.4,2.2,72.2179678813
20,3.4,2.2,68.7566545173
20,3.4,2.2,74.4508969411
20,3.4,2.2,71.1584712574
20,3.4,2.3,68.4560206253
20,3.4,2.3,71.6618895382
20,3.4,2.3,69.6427841679
20,3.4,2.3,73.6769387462
20,3.4,2.3,70.7668986075
20,3.5,2.1,67.4982571606
20,3.5,2.1,70.2122348076
20,3.5,2.1,66.761200799
20,3.5,2.1,73.4330513751
20,3.5,2.1,69.0726036357
20,3.5,2.2,70.446265677
20,3.5,2.2,67.2364171246
20,3.5,2.2,66.2913243881
20,3.5,2.2,70.2362252437
20,3.5,2.2,69.7196036748
20,3.5,2.3,68.9640102673
20,3.5,2.3,67.4441781584
20,3.5,2.3,74.8064903593
20,3.5,2.3,67.8676035914
20,3.5,2.3,70.2619564065
20,3.6,2.1,67.6636977918
20,3.6,2.1,72.4320873169
20,3.6,2.1,77.1461822842
20,3.6,2.1,66.7816908704
20,3.6,2.1,71.7817263921
20,3.6,2.2,70.4678737234
20,3.6,2.2,72.4524460293
20,3.6,2.2,75.2320868767
20,3.6,2.2,72.0151761381
20,3.6,2.2,68.391379874
20,3.6,2.3,67.871634117
20,3.6,2.3,69.9897723018
20,3.6,2.3,71.3870263656
20,3.6,2.3,71.4510067293
20,3.6,2.3,70.4830837363
30,3.4,2.1,65.1429347187
30,3.4,2.1,60.7391202659
30,3.4,2.1,62.5858411304
30,3.4,2.1,59.0789886397
30,3.4,2.1,60.2271149248
30,3.4,2.2,62.8810250693
30,3.4,2.2,59.6215094964
30,3.4,2.2,61.9466377229
30,3.4,2.2,66.3396336344
30,3.4,2.2,62.920981162
30,3.4,2.3,64.2519265251
30,3.4,2.3,60.2361578361
30,3.4,2.3,62.948405788
30,3.4,2.3,62.5592007342
30,3.4,2.3,61.1074089212
30,3.5,2.1,65.5137085718
30,3.5,2.1,62.5689482918
30,3.5,2.1,61.8052831145
30,3.5,2.1,62.0135028171
30,3.5,2.1,62.1240365431
30,3.5,2.2,64.3940321956
30,3.5,2.2,62.9755210303
30,3.5,2.2,60.6523403624
30,3.5,2.2,64.6015313761
30,3.5,2.2,57.9747515083
30,3.5,2.3,64.9247203435
30,3.5,2.3,66.0572427932
30,3.5,2.3,65.7406738531
30,3.5,2.3,63.9245551106
30,3.5,2.3,60.9184562069
30,3.6,2.1,61.6940944753
30,3.6,2.1,68.4170704555
30,3.6,2.1,64.1834872344
30,3.6,2.1,62.8389716239
30,3.6,2.1,59.8768450173
30,3.6,2.2,63.1381779146
30,3.6,2.2,65.4579285411
30,3.6,2.2,64.045617606
30,3.6,2.2,59.7453740155
30,3.6,2.2,67.7549872492
30,3.6,2.3,62.0184046242
30,3.6,2.3,65.8330914934
30,3.6,2.3,66.1478350562
30,3.6,2.3,62.7444310809
30,3.6,2.3,59.7699594485
1,3.5,2.1,121.754868373
1,3.5,2.1,123.987643981
1,3.5,2.1,121.425289504
1,3.5,2.1,123.583108597
1,3.5,2.1,120.372880778
1,3.5,2.2,122.631829135
1,3.5,2.2,123.124217162
1,3.5,2.2,122.542350289
1,3.5,2.2,121.125496778
1,3.5,2.2,122.616236123
1,3.5,2.3,123.029202053
1,3.5,2.3,122.58532073
1,3.5,2.3,119.270797885
1,3.5,2.3,123.06186128
1,3.5,2.3,122.706887489
1,3.6,2.1,118.727122601
1,3.6,2.1,121.431032881
1,3.6,2.1,120.765129171
1,3.6,2.1,122.523695499
1,3.6,2.1,119.309745063
1,3.6,2.2,121.16274642
1,3.6,2.2,118.811568179
1,3.6,2.2,120.243859209
1,3.6,2.2,121.829584447
1,3.6,2.2,123.367759563
1,3.6,2.3,119.540511826
1,3.6,2.3,122.165672373
1,3.6,2.3,120.88895511
1,3.6,2.3,120.504944872
1,3.6,2.3,121.163243578
1,3.7,2.1,117.5548927
1,3.7,2.1,121.105712373
1,3.7,2.1,120.410806972
1,3.7,2.1,119.695031297
1,3.7,2.1,123.933201699
1,3.7,2.2,124.784904999
1,3.7,2.2,122.062395719
1,3.7,2.2,119.400331841
1,3.7,2.2,121.392386832
1,3.7,2.2,122.222441055
1,3.7,2.3,117.622142225
1,3.7,2.3,121.18741522
1,3.7,2.3,121.154145053
1,3.7,2.3,122.377051296
1,3.7,2.3,120.09882738
5,3.5,2.1,102.584619495
5,3.5,2.1,98.2418279061
5,3.5,2.1,98.6018946403
5,3.5,2.1,100.345496942
5,3.5,2.1,100.530683895
5,3.5,2.2,98.6505498046
5,3.5,2.2,100.787701835
5,3.5,2.2,99.630715162
5,3.5,2.2,103.700766873
5,3.5,2.2,100.419312254
5,3.5,2.3,97.6895502573
5,3.5,2.3,100.034534095
5,3.5,2.3,97.9485587674
5,3.5,2.3,99.2788785295
5,3.5,2.3,96.4914616778
5,3.6,2.1,95.9111973177
5,3.6,2.1,95.0903766391
5,3.6,2.1,96.7351661716
5,3.6,2.1,104.784267647
5,3.6,2.1,100.365132878
5,3.6,2.2,100.754921236
5,3.6,2.2,100.74763119
5,3.6,2.2,96.0852303731
5,3.6,2.2,100.879099687
5,3.6,2.2,98.4674492792
5,3.6,2.3,101.653015534
5,3.6,2.3,100.846567518
5,3.6,2.3,100.503304302
5,3.6,2.3,103.004396702
5,3.6,2.3,102.201966808
5,3.7,2.1,101.296594045
5,3.7,2.1,104.482751726
5,3.7,2.1,99.2051605191
5,3.7,2.1,98.1882808276
5,3.7,2.1,100.275506232
5,3.7,2.2,106.363184716
5,3.7,2.2,100.74806977
5,3.7,2.2,100.594584384
5,3.7,2.2,101.815342309
5,3.7,2.2,106.778814903
5,3.7,2.3,101.797778163
5,3.7,2.3,101.937916729
5,3.7,2.3,102.633058114
5,3.7,2.3,103.027490939
5,3.7,2.3,99.7031774981
10,3.5,2.1,85.363103503
10,3.5,2.1,85.1773622989
10,3.5,2.1,84.2590136827
10,3.5,2.1,85.4988740324
10,3.5,2.1,81.1751444419
10,3.5,2.2,84.1670868005
10,3.5,2.2,89.0521703603
10,3.5,2.2,86.2546010183
10,3.5,2.2,85.8921336246
10,3.5,2.2,87.7215321568
10,3.5,2.3,81.9085883612
10,3.5,2.3,83.2792429726
10,3.5,2.3,84.0019999998
10,3.5,2.3,86.240449189
10,3.5,2.3,86.5632146944
10,3.6,2.1,79.5439827402
10,3.6,2.1,82.7411268137
10,3.6,2.1,84.9797228646
10,3.6,2.1,84.8852514091
10,3.6,2.1,83.6844631615
10,3.6,2.2,87.3469701025
10,3.6,2.2,88.0905810894
10,3.6,2.2,88.2727660715
10,3.6,2.2,83.7109600294
10,3.6,2.2,84.2960096161
10,3.6,2.3,79.1211071685
10,3.6,2.3,86.5847672718
10,3.6,2.3,85.8050236082
10,3.6,2.3,86.2219578255
10,3.6,2.3,87.0852594936
10,3.7,2.1,83.7825886908
10,3.7,2.1,85.4970778221
10,3.7,2.1,83.6015482215
10,3.7,2.1,86.6436750288
10,3.7,2.1,88.8862372501
10,3.7,2.2,82.0202327103
10,3.7,2.2,84.5952309542
10,3.7,2.2,82.5146195356
10,3.7,2.2,88.3629948373
10,3.7,2.2,87.1274215891
10,3.7,2.3,84.0291180157
10,3.7,2.3,86.340609838
10,3.7,2.3,88.1252662783
10,3.7,2.3,83.5044635941
10,3.7,2.3,81.0368084472
20,3.5,2.1,69.8934498713
20,3.5,2.1,73.3028193649
20,3.5,2.1,65.4666250254
20,3.5,2.1,73.1461502511
20,3.5,2.1,69.8192595327
20,3.5,2.2,67.6683022762
20,3.5,2.2,68.6553198958
20,3.5,2.2,66.7209706712
20,3.5,2.2,64.9764109828
20,3.5,2.2,72.005943658
20,3.5,2.3,71.5949073059
20,3.5,2.3,68.6811950587
20,3.5,2.3,69.9079626149
20,3.5,2.3,67.4468731866
20,3.5,2.3,73.0135640325
20,3.6,2.1,66.9219843322
20,3.6,2.1,70.973594893
20,3.6,2.1,68.6313282112
20,3.6,2.1,69.8214627894
20,3.6,2.1,69.5334736603
20,3.6,2.2,69.3684458288
20,3.6,2.2,68.7792361084
20,3.6,2.2,69.8704524125
20,3.6,2.2,69.8767828699
20,3.6,2.2,68.3146224606
20,3.6,2.3,71.098655091
20,3.6,2.3,71.2510724841
20,3.6,2.3,72.8617381646
20,3.6,2.3,70.0559275839
20,3.6,2.3,72.0465124698
20,3.7,2.1,68.1960701276
20,3.7,2.1,71.9121623225
20,3.7,2.1,72.6937564488
20,3.7,2.1,70.6275301348
20,3.7,2.1,66.358391393
20,3.7,2.2,71.5602597252
20,3.7,2.2,74.5154143225
20,3.7,2.2,66.5668357684
20,3.7,2.2,68.466046971
20,3.7,2.2,71.9137205613
20,3.7,2.3,67.5534501186
20,3.7,2.3,70.8960536508
20,3.7,2.3,70.9514276109
20,3.7,2.3,69.5152609675
20,3.7,2.3,73.1684988091
30,3.5,2.1,63.5474416767
30,3.5,2.1,59.8988443037
30,3.5,2.1,60.9450114742
30,3.5,2.1,63.3362348513
30,3.5,2.1,62.6283770692
30,3.5,2.2,64.9887079984
30,3.5,2.2,61.2708566295
30,3.5,2.2,67.5539840622
30,3.5,2.2,64.798881046
30,3.5,2.2,68.4881733965
30,3.5,2.3,66.52974712
30,3.5,2.3,59.8898462888
30,3.5,2.3,67.5929347408
30,3.5,2.3,61.8705238472
30,3.5,2.3,59.305514382
30,3.6,2.1,58.8857172215
30,3.6,2.1,64.0913146003
30,3.6,2.1,62.6625301577
30,3.6,2.1,63.9512299435
30,3.6,2.1,67.3508132818
30,3.6,2.2,61.4971922417
30,3.6,2.2,64.3292913193
30,3.6,2.2,62.3162091608
30,3.6,2.2,61.2655539132
30,3.6,2.2,62.0708952444
30,3.6,2.3,62.8834431399
30,3.6,2.3,63.8881548517
30,3.6,2.3,64.5387503751
30,3.6,2.3,65.0883072157
30,3.6,2.3,65.8243908254
30,3.7,2.1,63.4478440801
30,3.7,2.1,59.688637934
30,3.7,2.1,61.0120843656
30,3.7,2.1,65.1068277181
30,3.7,2.1,64.8608897705
30,3.7,2.2,63.7438892685
30,3.7,2.2,65.4652738958
30,3.7,2.2,60.6629449877
30,3.7,2.2,65.7945159145
30,3.7,2.2,65.7681438803
30,3.7,2.3,59.4576483969
30,3.7,2.3,65.0310869607
30,3.7,2.3,65.944459281
30,3.7,2.3,62.2162374334
30,3.7,2.3,62.9328039489
1,3.5,2.1,119.445519608
1,3.5,2.1,125.860354602
1,3.5,2.1,124.572605962
1,3.5,2.1,122.839096234
1,3.5,2.1,121.260554651
1,3.5,2.2,120.23723304
1,3.5,2.2,123.671799212
1,3.5,2.2,120.669465162
1,3.5,2.2,122.474497545
1,3.5,2.2,123.073430154
1,3.5,2.3,125.360651254
1,3.5,2.3,123.115792713
1,3.5,2.3,120.627782805
1,3.5,2.3,118.723200951
1,3.5,2.3,124.59148266
1,3.6,2.1,122.356248183
1,3.6,2.1,122.114176407
1,3.6,2.1,125.960177213
1,3.6,2.1,122.526626087
1,3.6,2.1,120.065464562
1,3.6,2.2,123.270277204
1,3.6,2.2,122.53284102
1,3.6,2.2,120.012426855
1,3.6,2.2,122.083417183
1,3.6,2.2,124.979076156
1,3.6,2.3,121.688057991
1,3.6,2.3,117.809899582
1,3.6,2.3,120.056481781
1,3.6,2.3,121.533437967
1,3.6,2.3,123.420233666
1,3.7,2.1,120.54214772
1,3.7,2.1,120.526949773
1,3.7,2.1,120.224586319
1,3.7,2.1,122.464527673
1,3.7,2.1,124.021258015
1,3.7,2.2,129.215141716
1,3.7,2.2,121.108197175
1,3.7,2.2,119.302813276
1,3.7,2.2,119.599110815
1,3.7,2.2,123.381536084
1,3.7,2.3,117.996681671
1,3.7,2.3,122.112257448
1,3.7,2.3,119.820572674
1,3.7,2.3,121.199616949
1,3.7,2.3,118.251681256
5,3.5,2.1,95.8727578671
5,3.5,2.1,104.813695103
5,3.5,2.1,99.8425107461
5,3.5,2.1,95.8707494967
5,3.5,2.1,99.8199257298
5,3.5,2.2,97.8103381182
5,3.5,2.2,94.194625545
5,3.5,2.2,103.462406891
5,3.5,2.2,102.968086654
5,3.5,2.2,98.6153481449
5,3.5,2.3,99.4289506733
5,3.5,2.3,94.5899616935
5,3.5,2.3,105.064536553
5,3.5,2.3,99.2309974814
5,3.5,2.3,99.6215363834
5,3.6,2.1,99.653630949
5,3.6,2.1,102.760758071
5,3.6,2.1,101.043104003
5,3.6,2.1,94.3729924517
5,3.6,2.1,98.7127577302
5,3.6,2.2,96.8046027343
5,3.6,2.2,99.1701937666
5,3.6,2.2,98.8792616647
5,3.6,2.2,99.2759666919
5,3.6,2.2,105.296141832
5,3.6,2.3,97.5933181301
5,3.6,2.3,107.137696783
5,3.6,2.3,100.660413086
5,3.6,2.3,95.8402041242
5,3.6,2.3,100.885644062
5,3.7,2.1,94.9364531058
5,3.7,2.1,95.9775620744
5,3.7,2.1,99.0755677349
5,3.7,2.1,100.084667776
5,3.7,2.1,98.5236603066
5,3.7,2.2,98.0762116238
5,3.7,2.2,100.977411561
5,3.7,2.2,101.532638123
5,3.7,2.2,105.198518352
5,3.7,2.2,97.5549865902
5,3.7,2.3,94.6657090146
5,3.7,2.3,103.428059912
5,3.7,2.3,97.2483698456
5,3.7,2.3,101.668839185
5,3.7,2.3,100.079327216
10,3.5,2.1,84.6382092015
10,3.5,2.1,84.1980158929
10,3.5,2.1,84.3031013625
10,3.5,2.1,82.1124418794
10,3.5,2.1,84.0119619537
10,3.5,2.2,81.5477219738
10,3.5,2.2,82.4314135994
10,3.5,2.2,82.582917673
10,3.5,2.2,90.2014946115
10,3.5,2.2,84.1769100774
10,3.5,2.3,90.5351193393
10,3.5,2.3,84.4688186466
10,3.5,2.3,85.7212423572
10,3.5,2.3,85.608200209
10,3.5,2.3,84.0836224312
10,3.6,2.1,79.7226915462
10,3.6,2.1,81.1882826649
10,3.6,2.1,81.8063966196
10,3.6,2.1,85.9206740036
10,3.6,2.1,81.1783249334
10,3.6,2.2,84.130339205
10,3.6,2.2,85.3028353249
10,3.6,2.2,83.0545312869
10,3.6,2.2,85.3466349559
10,3.6,2.2,81.6654265756
10,3.6,2.3,85.9483958025
10,3.6,2.3,85.0923256672
10,3.6,2.3,82.0938365128
10,3.6,2.3,81.4200060558
10,3.6,2.3,83.7022577216
10,3.7,2.1,83.2581892549
10,3.7,2.1,86.5967864902
10,3.7,2.1,85.1856786656
10,3.7,2.1,84.9226844668
10,3.7,2.1,85.6932682026
10,3.7,2.2,84.2843194882
10,3.7,2.2,84.8707055788
10,3.7,2.2,83.9074485189
10,3.7,2.2,86.3364169962
10,3.7,2.2,80.6714614
10,3.7,2.3,86.1742366715
10,3.7,2.3,82.2079222084
10,3.7,2.3,85.1804241419
10,3.7,2.3,84.555074483
10,3.7,2.3,82.3905495368
20,3.5,2.1,70.035858377
20,3.5,2.1,71.1651729762
20,3.5,2.1,66.8088812294
20,3.5,2.1,70.9924089147
20,3.5,2.1,68.3731570467
20,3.5,2.2,64.8145982815
20,3.5,2.2,71.136217127
20,3.5,2.2,72.6014624316
20,3.5,2.2,69.9827163206
20,3.5,2.2,66.831006151
20,3.5,2.3,73.9667190328
20,3.5,2.3,74.6713649348
20,3.5,2.3,75.8475008147
20,3.5,2.3,65.6074636615
20,3.5,2.3,69.2368152532
20,3.6,2.1,71.6802088719
20,3.6,2.1,71.0865506231
20,3.6,2.1,70.1744599314
20,3.6,2.1,69.6115887096
20,3.6,2.1,72.41375611
20,3.6,2.2,70.6708817298
20,3.6,2.2,72.8865329644
20,3.6,2.2,72.4029755741
20,3.6,2.2,68.2698405501
20,3.6,2.2,69.5756229537
20,3.6,2.3,70.1583460566
20,3.6,2.3,67.4526492316
20,3.6,2.3,67.8216011942
20,3.6,2.3,68.258237767
20,3.6,2.3,72.2373623993
20,3.7,2.1,67.798837813
20,3.7,2.1,68.4258673586
20,3.7,2.1,66.6149164653
20,3.7,2.1,70.6238210984
20,3.7,2.1,66.4612610645
20,3.7,2.2,68.7912039317
20,3.7,2.2,71.3088709744
20,3.7,2.2,68.0493398677
20,3.7,2.2,69.784322113
20,3.7,2.2,71.1827602328
20,3.7,2.3,66.8675378129
20,3.7,2.3,69.9169824908
20,3.7,2.3,73.5596311527
20,3.7,2.3,68.3540561722
20,3.7,2.3,73.6058417487
30,3.5,2.1,61.1694427151
30,3.5,2.1,62.5159044217
30,3.5,2.1,61.4607556168
30,3.5,2.1,60.7791949103
30,3.5,2.1,63.4826120337
30,3.5,2.2,64.6844983086
30,3.5,2.2,64.216439456
30,3.5,2.2,63.6527612027
30,3.5,2.2,65.2160124301
30,3.5,2.2,65.1672483179
30,3.5,2.3,67.4795488052
30,3.5,2.3,65.0002764368
30,3.5,2.3,63.7271839904
30,3.5,2.3,62.8453661226
30,3.5,2.3,62.4559950938
30,3.6,2.1,60.3239264937
30,3.6,2.1,63.7352159085
30,3.6,2.1,65.3939989243
30,3.6,2.1,57.938114023
30,3.6,2.1,68.3088162114
30,3.6,2.2,64.6825462641
30,3.6,2.2,65.209766469
30,3.6,2.2,65.1600795121
30,3.6,2.2,63.9704676714
30,3.6,2.2,62.5632187292
30,3.6,2.3,62.8269413642
30,3.6,2.3,61.7036178666
30,3.6,2.3,61.7245187766
30,3.6,2.3,64.3704134899
30,3.6,2.3,59.6025365921
30,3.7,2.1,60.3424529849
30,3.7,2.1,62.7903786328
30,3.7,2.1,66.172343282
30,3.7,2.1,61.5034973274
30,3.7,2.1,61.8079312903
30,3.7,2.2,61.6760288459
30,3.7,2.2,60.2993717431
30,3.7,2.2,63.1748266516
30,3.7,2.2,68.1020287154
30,3.7,2.2,63.2783219164
30,3.7,2.3,59.5937790603
30,3.7,2.3,64.0430163198
30,3.7,2.3,60.5168186482
30,3.7,2.3,62.7279400026
30,3.7,2.3,69.954742304
