Noise,SigD,SigI,PSNR
1,2.0,2.0,105.661319258
1,2.0,2.0,105.958319001
1,2.0,2.0,108.042639071
1,2.0,2.0,106.97428461
1,2.0,2.0,106.826768917
1,2.0,2.5,105.982597121
1,2.0,2.5,106.245885885
1,2.0,2.5,104.757418387
1,2.0,2.5,105.581372154
1,2.0,2.5,105.528440143
1,2.0,3.0,105.702658928
1,2.0,3.0,105.595093866
1,2.0,3.0,104.400870205
1,2.0,3.0,105.168915574
1,2.0,3.0,104.950181278
1,2.5,2.0,101.860421497
1,2.5,2.0,100.48929059
1,2.5,2.0,101.882453591
1,2.5,2.0,102.418711654
1,2.5,2.0,102.825413257
1,2.5,2.5,100.315513725
1,2.5,2.5,99.5120693185
1,2.5,2.5,100.924380318
1,2.5,2.5,99.8843238709
1,2.5,2.5,100.248762652
1,2.5,3.0,98.3850603435
1,2.5,3.0,100.450539283
1,2.5,3.0,99.3981107669
1,2.5,3.0,99.4756487808
1,2.5,3.0,99.2650103988
1,3.0,2.0,98.6899207689
1,3.0,2.0,97.2985880262
1,3.0,2.0,98.5872131975
1,3.0,2.0,97.9780969377
1,3.0,2.0,97.8426701827
1,3.0,2.5,96.2782185156
1,3.0,2.5,95.8708696723
1,3.0,2.5,96.6165527756
1,3.0,2.5,96.5815743714
1,3.0,2.5,96.6092624748
1,3.0,3.0,95.6084551969
1,3.0,3.0,94.8310507311
1,3.0,3.0,94.7421120182
1,3.0,3.0,94.8919660176
1,3.0,3.0,94.9530739751
5,2.0,2.0,96.5093488139
5,2.0,2.0,99.5739471679
5,2.0,2.0,97.8654245284
5,2.0,2.0,90.5224107168
5,2.0,2.0,97.7977227104
5,2.0,2.5,94.9558931689
5,2.0,2.5,95.4317196921
5,2.0,2.5,92.6697399078
5,2.0,2.5,95.1059895909
5,2.0,2.5,96.3809850704
5,2.0,3.0,94.6961838825
5,2.0,3.0,96.0870534319
5,2.0,3.0,98.3682120273
5,2.0,3.0,96.348373538
5,2.0,3.0,96.0304728272
5,2.5,2.0,95.9172373098
5,2.5,2.0,94.8806284306
5,2.5,2.0,94.4482096121
5,2.5,2.0,95.9678422612
5,2.5,2.0,91.9103739747
5,2.5,2.5,92.3737518292
5,2.5,2.5,92.0163761568
5,2.5,2.5,94.921498091
5,2.5,2.5,94.8571807544
5,2.5,2.5,95.1086758302
5,2.5,3.0,90.8017190301
5,2.5,3.0,94.1523645488
5,2.5,3.0,95.8627765554
5,2.5,3.0,92.9509445619
5,2.5,3.0,94.98043591
5,3.0,2.0,89.4996572185
5,3.0,2.0,90.2398788897
5,3.0,2.0,93.3536766168
5,3.0,2.0,92.0929321976
5,3.0,2.0,93.2328757572
5,3.0,2.5,90.8842550257
5,3.0,2.5,92.1341950641
5,3.0,2.5,92.7358147342
5,3.0,2.5,89.9033711255
5,3.0,2.5,94.4544840712
5,3.0,3.0,90.1352586575
5,3.0,3.0,89.6831678655
5,3.0,3.0,91.178418572
5,3.0,3.0,91.4013839546
5,3.0,3.0,92.2653784955
10,2.0,2.0,82.6883029863
10,2.0,2.0,84.1937543943
10,2.0,2.0,85.565245143
10,2.0,2.0,86.964103258
10,2.0,2.0,83.1295666485
10,2.0,2.5,85.5093893499
10,2.0,2.5,83.2467150656
10,2.0,2.5,86.0101865488
10,2.0,2.5,83.7901035143
10,2.0,2.5,84.6647774082
10,2.0,3.0,89.1178542262
10,2.0,3.0,84.0332978148
10,2.0,3.0,84.6094151633
10,2.0,3.0,83.7746948015
10,2.0,3.0,85.5506903385
10,2.5,2.0,84.2299995096
10,2.5,2.0,81.3559454215
10,2.5,2.0,87.6606540306
10,2.5,2.0,78.4052119902
10,2.5,2.0,84.7232902815
10,2.5,2.5,85.7094857125
10,2.5,2.5,81.7335903958
10,2.5,2.5,88.4141567665
10,2.5,2.5,82.7203976101
10,2.5,2.5,89.0034102164
10,2.5,3.0,84.5615482747
10,2.5,3.0,84.8444647067
10,2.5,3.0,86.155163458
10,2.5,3.0,83.4160185503
10,2.5,3.0,82.7959150616
10,3.0,2.0,82.756814767
10,3.0,2.0,82.4698922502
10,3.0,2.0,88.9804019659
10,3.0,2.0,83.0355419168
10,3.0,2.0,87.1639110237
10,3.0,2.5,82.9577424898
10,3.0,2.5,87.0855212837
10,3.0,2.5,84.2643049449
10,3.0,2.5,85.308489886
10,3.0,2.5,83.4436393126
10,3.0,3.0,80.5483450783
10,3.0,3.0,88.551874943
10,3.0,3.0,83.3240632495
10,3.0,3.0,85.6982313361
10,3.0,3.0,85.9426148165
20,2.0,2.0,70.5178120519
20,2.0,2.0,72.275054793
20,2.0,2.0,68.7652079148
20,2.0,2.0,72.3295331572
20,2.0,2.0,73.0915641945
20,2.0,2.5,70.0233454055
20,2.0,2.5,70.5004794361
20,2.0,2.5,69.2786237408
20,2.0,2.5,74.5695814684
20,2.0,2.5,71.2102086564
20,2.0,3.0,73.2427785013
20,2.0,3.0,70.5600843469
20,2.0,3.0,68.0219919257
20,2.0,3.0,73.6412833129
20,2.0,3.0,73.28474553
20,2.5,2.0,73.3969552895
20,2.5,2.0,71.5394909725
20,2.5,2.0,72.6861194797
20,2.5,2.0,72.9402615943
20,2.5,2.0,72.3340960212
20,2.5,2.5,70.5826307929
20,2.5,2.5,74.6210660089
20,2.5,2.5,72.2047549806
20,2.5,2.5,72.1283697737
20,2.5,2.5,67.686494484
20,2.5,3.0,70.6612190447
20,2.5,3.0,71.9348305123
20,2.5,3.0,67.5280174525
20,2.5,3.0,72.1570492109
20,2.5,3.0,73.1681701901
20,3.0,2.0,76.0025220128
20,3.0,2.0,68.4995637905
20,3.0,2.0,70.820698143
20,3.0,2.0,69.7507238897
20,3.0,2.0,73.8376522788
20,3.0,2.5,71.0796412398
20,3.0,2.5,75.9386207224
20,3.0,2.5,69.8293780201
20,3.0,2.5,72.0385356505
20,3.0,2.5,74.0865985961
20,3.0,3.0,71.8084380734
20,3.0,3.0,70.6525809268
20,3.0,3.0,70.6110760952
20,3.0,3.0,70.2253522347
20,3.0,3.0,71.3526051372
30,2.0,2.0,60.5611580328
30,2.0,2.0,60.3790006645
30,2.0,2.0,61.1587044393
30,2.0,2.0,58.5751064856
30,2.0,2.0,61.8969250023
30,2.0,2.5,64.9706581238
30,2.0,2.5,60.7931990473
30,2.0,2.5,61.4619528723
30,2.0,2.5,61.7468296472
30,2.0,2.5,58.9918012441
30,2.0,3.0,60.6773210373
30,2.0,3.0,58.8240194937
30,2.0,3.0,60.2573541237
30,2.0,3.0,65.1611038839
30,2.0,3.0,62.0546616319
30,2.5,2.0,65.9384769228
30,2.5,2.0,64.7675568457
30,2.5,2.0,60.9218269806
30,2.5,2.0,60.2958722994
30,2.5,2.0,65.5690819726
30,2.5,2.5,66.8245722336
30,2.5,2.5,61.2873113274
30,2.5,2.5,59.5670248186
30,2.5,2.5,62.7841903425
30,2.5,2.5,59.3405276372
30,2.5,3.0,62.3185163699
30,2.5,3.0,58.2803407629
30,2.5,3.0,62.6668139121
30,2.5,3.0,64.072104094
30,2.5,3.0,66.1410656096
30,3.0,2.0,64.9879959967
30,3.0,2.0,65.3075984834
30,3.0,2.0,66.4620015583
30,3.0,2.0,65.6904686129
30,3.0,2.0,64.3191466839
30,3.0,2.5,65.1252493229
30,3.0,2.5,64.9565684827
30,3.0,2.5,65.6680073448
30,3.0,2.5,63.2703060115
30,3.0,2.5,67.6172916585
30,3.0,3.0,65.4956504895
30,3.0,3.0,62.5308425902
30,3.0,3.0,62.260024918
30,3.0,3.0,59.7780651518
30,3.0,3.0,64.4236310927
1,2.0,2.0,105.361432303
1,2.0,2.0,105.864158308
1,2.0,2.0,107.971462268
1,2.0,2.0,106.434332555
1,2.0,2.0,106.004248975
1,2.0,2.5,106.996965416
1,2.0,2.5,105.331859118
1,2.0,2.5,105.875865142
1,2.0,2.5,105.839202829
1,2.0,2.5,105.181900925
1,2.0,3.0,104.81267552
1,2.0,3.0,103.977617775
1,2.0,3.0,103.744635501
1,2.0,3.0,106.386024799
1,2.0,3.0,103.523869857
1,2.5,2.0,101.564573213
1,2.5,2.0,101.914345976
1,2.5,2.0,102.328624167
1,2.5,2.0,101.594417754
1,2.5,2.0,101.696602706
1,2.5,2.5,99.8917625603
1,2.5,2.5,99.5209194758
1,2.5,2.5,100.998094001
1,2.5,2.5,100.458595978
1,2.5,2.5,99.1880544051
1,2.5,3.0,99.3685733705
1,2.5,3.0,98.7221081983
1,2.5,3.0,99.7743364615
1,2.5,3.0,100.838444822
1,2.5,3.0,99.297427462
1,3.0,2.0,97.9040895356
1,3.0,2.0,97.6839504806
1,3.0,2.0,98.305542639
1,3.0,2.0,98.4804880654
1,3.0,2.0,97.0383468097
1,3.0,2.5,95.946871323
1,3.0,2.5,95.7418760445
1,3.0,2.5,96.4153104933
1,3.0,2.5,96.9203749506
1,3.0,2.5,95.9925598077
1,3.0,3.0,94.4714975962
1,3.0,3.0,94.6990239996
1,3.0,3.0,94.062811102
1,3.0,3.0,94.7701901821
1,3.0,3.0,94.0174912619
5,2.0,2.0,97.0375933451
5,2.0,2.0,95.4494838343
5,2.0,2.0,94.5159602395
5,2.0,2.0,95.2751327045
5,2.0,2.0,95.4795473039
5,2.0,2.5,96.7902349419
5,2.0,2.5,98.0075892164
5,2.0,2.5,99.1496856878
5,2.0,2.5,99.158389727
5,2.0,2.5,93.1961242747
5,2.0,3.0,97.6070201694
5,2.0,3.0,96.4860962319
5,2.0,3.0,91.7315540648
5,2.0,3.0,91.5196620399
5,2.0,3.0,94.8101614105
5,2.5,2.0,93.051235394
5,2.5,2.0,95.0773779722
5,2.5,2.0,93.6584588869
5,2.5,2.0,93.3253478518
5,2.5,2.0,96.6358018937
5,2.5,2.5,94.1341948002
5,2.5,2.5,93.6769348804
5,2.5,2.5,94.8422595379
5,2.5,2.5,97.2131134066
5,2.5,2.5,91.9958511109
5,2.5,3.0,92.1285412529
5,2.5,3.0,93.3141399347
5,2.5,3.0,90.8209412628
5,2.5,3.0,96.7127888309
5,2.5,3.0,94.2764605011
5,3.0,2.0,90.812110119
5,3.0,2.0,91.6573923844
5,3.0,2.0,92.4497775567
5,3.0,2.0,93.21770448
5,3.0,2.0,92.329154683
5,3.0,2.5,94.5270556806
5,3.0,2.5,91.2489235234
5,3.0,2.5,93.2998442553
5,3.0,2.5,92.9573500908
5,3.0,2.5,88.2625699214
5,3.0,3.0,92.481092665
5,3.0,3.0,92.6568068352
5,3.0,3.0,91.7752186317
5,3.0,3.0,90.2922572655
5,3.0,3.0,90.6627060067
10,2.0,2.0,83.8935064716
10,2.0,2.0,82.5947093822
10,2.0,2.0,84.1103232511
10,2.0,2.0,86.7939164114
10,2.0,2.0,80.0838915065
10,2.0,2.5,86.526618857
10,2.0,2.5,83.1098370686
10,2.0,2.5,85.9384713091
10,2.0,2.5,84.7199473357
10,2.0,2.5,83.6069413151
10,2.0,3.0,87.3839550382
10,2.0,3.0,84.7279256164
10,2.0,3.0,85.2703542309
10,2.0,3.0,84.1525023242
10,2.0,3.0,85.7427683099
10,2.5,2.0,87.2798601736
10,2.5,2.0,81.0527908156
10,2.5,2.0,86.8100777998
10,2.5,2.0,83.4439955635
10,2.5,2.0,88.7406155155
10,2.5,2.5,86.2396182203
10,2.5,2.5,81.1126810132
10,2.5,2.5,84.9018169235
10,2.5,2.5,86.221705516
10,2.5,2.5,84.8557529522
10,2.5,3.0,85.7206729865
10,2.5,3.0,83.371747289
10,2.5,3.0,85.2810158947
10,2.5,3.0,82.0148890092
10,2.5,3.0,86.4652425674
10,3.0,2.0,84.8555706956
10,3.0,2.0,85.3298211849
10,3.0,2.0,85.0349704993
10,3.0,2.0,80.3472722076
10,3.0,2.0,87.8842998088
10,3.0,2.5,86.2880131117
10,3.0,2.5,87.704996614
10,3.0,2.5,83.8896995491
10,3.0,2.5,84.3986815332
10,3.0,2.5,85.420353435
10,3.0,3.0,84.8653640455
10,3.0,3.0,84.9957666111
10,3.0,3.0,85.6388386649
10,3.0,3.0,85.2477337533
10,3.0,3.0,88.7326794717
20,2.0,2.0,72.0038194664
20,2.0,2.0,70.3377014362
20,2.0,2.0,68.5659881866
20,2.0,2.0,73.0893276623
20,2.0,2.0,76.7075020747
20,2.0,2.5,79.3270711015
20,2.0,2.5,71.0893387902
20,2.0,2.5,69.5538876578
20,2.0,2.5,64.1211322797
20,2.0,2.5,70.8159114202
20,2.0,3.0,67.0223471306
20,2.0,3.0,74.1632358828
20,2.0,3.0,67.5527017244
20,2.0,3.0,68.6481148296
20,2.0,3.0,70.1357633082
20,2.5,2.0,71.4780079992
20,2.5,2.0,74.3076604518
20,2.5,2.0,74.7119525094
20,2.5,2.0,69.4903131308
20,2.5,2.0,67.9190257369
20,2.5,2.5,76.9077089393
20,2.5,2.5,67.9322375712
20,2.5,2.5,74.8289834336
20,2.5,2.5,77.8087338284
20,2.5,2.5,70.2037275737
20,2.5,3.0,71.6054648698
20,2.5,3.0,74.0007505914
20,2.5,3.0,70.2502238322
20,2.5,3.0,75.35601255
20,2.5,3.0,74.2772211097
20,3.0,2.0,70.1359967467
20,3.0,2.0,70.5972597676
20,3.0,2.0,70.5958773828
20,3.0,2.0,75.1303118992
20,3.0,2.0,71.4236106627
20,3.0,2.5,74.4371453705
20,3.0,2.5,71.1640342446
20,3.0,2.5,70.462707418
20,3.0,2.5,71.8080089977
20,3.0,2.5,71.1407877766
20,3.0,3.0,67.2463950115
20,3.0,3.0,73.6770031331
20,3.0,3.0,74.5548272606
20,3.0,3.0,67.9021554159
20,3.0,3.0,72.5017248512
30,2.0,2.0,61.2993480671
30,2.0,2.0,62.9073386869
30,2.0,2.0,63.6578729505
30,2.0,2.0,61.4838486446
30,2.0,2.0,58.5892011811
30,2.0,2.5,61.9146006932
30,2.0,2.5,62.3006214694
30,2.0,2.5,61.3486282725
30,2.0,2.5,57.7387519217
30,2.0,2.5,64.5826587406
30,2.0,3.0,62.0991979546
30,2.0,3.0,59.9817946025
30,2.0,3.0,63.5216475961
30,2.0,3.0,58.9283730534
30,2.0,3.0,56.9845940367
30,2.5,2.0,66.5190735585
30,2.5,2.0,63.8963155547
30,2.5,2.0,64.467713141
30,2.5,2.0,65.0109043062
30,2.5,2.0,63.3890098347
30,2.5,2.5,60.55488121
30,2.5,2.5,63.2269916911
30,2.5,2.5,60.1629149238
30,2.5,2.5,61.5679685642
30,2.5,2.5,58.7618051647
30,2.5,3.0,65.9004747384
30,2.5,3.0,64.224919248
30,2.5,3.0,62.619350377
30,2.5,3.0,61.7716644389
30,2.5,3.0,61.7169294658
30,3.0,2.0,63.7093639708
30,3.0,2.0,62.9177263687
30,3.0,2.0,63.2496076009
30,3.0,2.0,64.4972424222
30,3.0,2.0,67.6426506917
30,3.0,2.5,60.2349901423
30,3.0,2.5,60.2401093766
30,3.0,2.5,58.2535227523
30,3.0,2.5,57.614795301
30,3.0,2.5,65.3529833597
30,3.0,3.0,61.7222506606
30,3.0,3.0,60.5182505458
30,3.0,3.0,60.2001608751
30,3.0,3.0,64.0102465501
30,3.0,3.0,61.1192219958
1,1.8,2.8,107.586116692
1,1.8,2.8,109.880857455
1,1.8,2.8,107.967797094
1,1.8,2.8,108.309276811
1,1.8,2.8,107.50648288
1,1.8,3.0,107.95492288
1,1.8,3.0,107.563068154
1,1.8,3.0,106.572490245
1,1.8,3.0,106.845838091
1,1.8,3.0,107.644236698
1,1.8,3.2,106.74338364
1,1.8,3.2,107.333999418
1,1.8,3.2,107.581239148
1,1.8,3.2,108.103808765
1,1.8,3.2,107.48825041
1,2.0,2.8,104.944534951
1,2.0,2.8,103.747538262
1,2.0,2.8,103.871491879
1,2.0,2.8,105.243505027
1,2.0,2.8,105.411570711
1,2.0,3.0,105.74980912
1,2.0,3.0,104.400380373
1,2.0,3.0,105.024449932
1,2.0,3.0,104.347826988
1,2.0,3.0,104.768449573
1,2.0,3.2,105.186735411
1,2.0,3.2,104.264318547
1,2.0,3.2,105.220627974
1,2.0,3.2,104.307619108
1,2.0,3.2,104.74090013
1,2.2,2.8,103.181210661
1,2.2,2.8,103.297544909
1,2.2,2.8,103.314858271
1,2.2,2.8,102.728217259
1,2.2,2.8,103.076325932
1,2.2,3.0,102.401517526
1,2.2,3.0,102.244153395
1,2.2,3.0,101.567552372
1,2.2,3.0,101.996820805
1,2.2,3.0,101.125247063
1,2.2,3.2,101.595073761
1,2.2,3.2,101.841943126
1,2.2,3.2,101.42210989
1,2.2,3.2,102.599286586
1,2.2,3.2,102.176900273
5,1.8,2.8,98.0473438631
5,1.8,2.8,101.495208834
5,1.8,2.8,95.6043288148
5,1.8,2.8,95.40144926
5,1.8,2.8,93.6503497989
5,1.8,3.0,97.1430508562
5,1.8,3.0,96.2125152733
5,1.8,3.0,94.7111216655
5,1.8,3.0,94.5105503708
5,1.8,3.0,98.8378068945
5,1.8,3.2,97.8848870275
5,1.8,3.2,96.912366245
5,1.8,3.2,96.0866662406
5,1.8,3.2,96.7192290271
5,1.8,3.2,98.4331467393
5,2.0,2.8,94.5511742542
5,2.0,2.8,95.6730126012
5,2.0,2.8,96.9611400004
5,2.0,2.8,96.0395157832
5,2.0,2.8,96.9161876493
5,2.0,3.0,95.6702325612
5,2.0,3.0,96.4225597798
5,2.0,3.0,95.6978516042
5,2.0,3.0,95.663009386
5,2.0,3.0,96.7788817308
5,2.0,3.2,93.0998940889
5,2.0,3.2,93.4359590294
5,2.0,3.2,98.1267872205
5,2.0,3.2,99.5458954319
5,2.0,3.2,96.2474777399
5,2.2,2.8,92.4193576818
5,2.2,2.8,92.5175037714
5,2.2,2.8,94.7134713002
5,2.2,2.8,96.3051419731
5,2.2,2.8,92.0128190859
5,2.2,3.0,92.5848384093
5,2.2,3.0,97.4414122205
5,2.2,3.0,96.6447833436
5,2.2,3.0,96.5872119207
5,2.2,3.0,98.3422950113
5,2.2,3.2,95.9808850256
5,2.2,3.2,96.1850343217
5,2.2,3.2,95.3610681186
5,2.2,3.2,94.7748627438
5,2.2,3.2,98.5633802703
10,1.8,2.8,86.6981480508
10,1.8,2.8,85.967678493
10,1.8,2.8,82.2844776713
10,1.8,2.8,85.5623251895
10,1.8,2.8,85.6217930394
10,1.8,3.0,84.8627930534
10,1.8,3.0,82.8364218124
10,1.8,3.0,82.4082074218
10,1.8,3.0,84.7968362245
10,1.8,3.0,84.023317029
10,1.8,3.2,86.279307804
10,1.8,3.2,87.506755923
10,1.8,3.2,83.5612416678
10,1.8,3.2,85.2591461832
10,1.8,3.2,89.9407465984
10,2.0,2.8,81.5101493392
10,2.0,2.8,86.8240961973
10,2.0,2.8,82.1939424767
10,2.0,2.8,83.0383684833
10,2.0,2.8,82.8224772454
10,2.0,3.0,84.8861578856
10,2.0,3.0,79.8047423827
10,2.0,3.0,81.0450988351
10,2.0,3.0,87.0169226474
10,2.0,3.0,81.7407175342
10,2.0,3.2,87.7879436508
10,2.0,3.2,81.8388013929
10,2.0,3.2,83.8924353247
10,2.0,3.2,87.051738004
10,2.0,3.2,85.7579513564
10,2.2,2.8,86.0244783154
10,2.2,2.8,86.3425901925
10,2.2,2.8,89.5439697071
10,2.2,2.8,85.9668647843
10,2.2,2.8,81.9594570673
10,2.2,3.0,85.1507376739
10,2.2,3.0,81.790913148
10,2.2,3.0,86.9562099819
10,2.2,3.0,86.974548398
10,2.2,3.0,86.6857788008
10,2.2,3.2,87.7409099736
10,2.2,3.2,85.6261953811
10,2.2,3.2,86.7688737371
10,2.2,3.2,88.891469061
10,2.2,3.2,91.0399942889
20,1.8,2.8,70.9845251874
20,1.8,2.8,71.1271401332
20,1.8,2.8,68.7872916924
20,1.8,2.8,71.8132812322
20,1.8,2.8,69.8996878668
20,1.8,3.0,74.5167280597
20,1.8,3.0,71.6613656541
20,1.8,3.0,72.314133987
20,1.8,3.0,74.6432752586
20,1.8,3.0,68.679116469
20,1.8,3.2,71.4533269847
20,1.8,3.2,70.294592241
20,1.8,3.2,73.4788556119
20,1.8,3.2,66.5131543196
20,1.8,3.2,70.4733230331
20,2.0,2.8,69.6300194114
20,2.0,2.8,71.1764473185
20,2.0,2.8,71.0932105249
20,2.0,2.8,70.7265291831
20,2.0,2.8,66.8161396489
20,2.0,3.0,68.3383953796
20,2.0,3.0,71.974714633
20,2.0,3.0,74.4649539308
20,2.0,3.0,67.9086115092
20,2.0,3.0,68.6596691425
20,2.0,3.2,69.7974561655
20,2.0,3.2,70.6904829478
20,2.0,3.2,70.2486729726
20,2.0,3.2,71.3198392945
20,2.0,3.2,68.4907548141
20,2.2,2.8,71.9079108225
20,2.2,2.8,70.0564704998
20,2.2,2.8,72.0952089843
20,2.2,2.8,73.9855653016
20,2.2,2.8,68.9594311715
20,2.2,3.0,71.4754159818
20,2.2,3.0,68.848355529
20,2.2,3.0,71.0432064511
20,2.2,3.0,71.2678327919
20,2.2,3.0,72.8834304517
20,2.2,3.2,67.7220484203
20,2.2,3.2,69.3792895053
20,2.2,3.2,71.5009772129
20,2.2,3.2,72.5984666984
20,2.2,3.2,73.4513400573
30,1.8,2.8,59.7226103797
30,1.8,2.8,57.7887490375
30,1.8,2.8,62.6374752282
30,1.8,2.8,59.1630812209
30,1.8,2.8,64.4955211691
30,1.8,3.0,63.9068164977
30,1.8,3.0,61.7667939542
30,1.8,3.0,61.2127843426
30,1.8,3.0,59.9321133417
30,1.8,3.0,56.2665331552
30,1.8,3.2,62.0762543018
30,1.8,3.2,63.0066554793
30,1.8,3.2,62.8623758433
30,1.8,3.2,61.8424588634
30,1.8,3.2,61.0472821732
30,2.0,2.8,60.1736908474
30,2.0,2.8,62.9370431861
30,2.0,2.8,59.3664515319
30,2.0,2.8,64.3700142105
30,2.0,2.8,61.4078467306
30,2.0,3.0,61.1138448
30,2.0,3.0,58.2865771638
30,2.0,3.0,59.940317717
30,2.0,3.0,67.89573692
30,2.0,3.0,62.0916414431
30,2.0,3.2,63.0847121426
30,2.0,3.2,62.2579462685
30,2.0,3.2,62.1892332214
30,2.0,3.2,60.6883901359
30,2.0,3.2,59.8709895291
30,2.2,2.8,65.0891929381
30,2.2,2.8,59.7074086341
30,2.2,2.8,62.9019417905
30,2.2,2.8,61.3038724361
30,2.2,2.8,64.7486408248
30,2.2,3.0,61.8715784594
30,2.2,3.0,65.7109095114
30,2.2,3.0,60.9724119581
30,2.2,3.0,60.7063149664
30,2.2,3.0,63.7471655752
30,2.2,3.2,63.3215254794
30,2.2,3.2,63.4938351146
30,2.2,3.2,67.4050741071
30,2.2,3.2,61.0727000067
30,2.2,3.2,61.4013257774
1,1.8,2.8,107.805250277
1,1.8,2.8,108.326609825
1,1.8,2.8,108.027715489
1,1.8,2.8,107.939570918
1,1.8,2.8,106.876309455
1,1.8,3.0,107.924570609
1,1.8,3.0,107.410856599
1,1.8,3.0,108.881696733
1,1.8,3.0,106.902037548
1,1.8,3.0,106.559031694
1,1.8,3.2,107.704102647
1,1.8,3.2,107.859179861
1,1.8,3.2,106.264525962
1,1.8,3.2,107.883079076
1,1.8,3.2,106.893429283
1,2.0,2.8,104.519495189
1,2.0,2.8,105.815775068
1,2.0,2.8,104.890893724
1,2.0,2.8,105.014578024
1,2.0,2.8,106.287478065
1,2.0,3.0,105.454466479
1,2.0,3.0,104.66280487
1,2.0,3.0,104.346964654
1,2.0,3.0,105.718940322
1,2.0,3.0,103.577988061
1,2.0,3.2,106.077094249
1,2.0,3.2,104.893261992
1,2.0,3.2,104.860189438
1,2.0,3.2,105.314544719
1,2.0,3.2,104.864472684
1,2.2,2.8,103.006497818
1,2.2,2.8,103.717310248
1,2.2,2.8,102.305633504
1,2.2,2.8,102.982260581
1,2.2,2.8,102.896169729
1,2.2,3.0,102.04518738
1,2.2,3.0,103.323761724
1,2.2,3.0,102.474530675
1,2.2,3.0,101.390546056
1,2.2,3.0,103.780591802
1,2.2,3.2,101.735299084
1,2.2,3.2,101.66128775
1,2.2,3.2,103.113406543
1,2.2,3.2,101.330272289
1,2.2,3.2,102.709252406
5,1.8,2.8,97.9366411695
5,1.8,2.8,101.530758283
5,1.8,2.8,99.1277128991
5,1.8,2.8,99.8703199985
5,1.8,2.8,99.9926060926
5,1.8,3.0,98.0683212556
5,1.8,3.0,94.8707786329
5,1.8,3.0,97.2541374854
5,1.8,3.0,95.2073151503
5,1.8,3.0,96.8684392069
5,1.8,3.2,98.0999928182
5,1.8,3.2,97.8369982083
5,1.8,3.2,95.3384057688
5,1.8,3.2,98.4053410559
5,1.8,3.2,97.4862574898
5,2.0,2.8,91.5956551996
5,2.0,2.8,92.6903748062
5,2.0,2.8,95.8750183649
5,2.0,2.8,92.438615353
5,2.0,2.8,98.6830962813
5,2.0,3.0,97.6449224705
5,2.0,3.0,99.1539405742
5,2.0,3.0,98.3938339381
5,2.0,3.0,97.1764532044
5,2.0,3.0,97.3503582856
5,2.0,3.2,94.3011362968
5,2.0,3.2,96.2493137325
5,2.0,3.2,97.5277900511
5,2.0,3.2,92.9709486403
5,2.0,3.2,96.6827372876
5,2.2,2.8,99.1872395544
5,2.2,2.8,95.3216526368
5,2.2,2.8,96.535929305
5,2.2,2.8,96.9751580114
5,2.2,2.8,94.0925847515
5,2.2,3.0,96.0494187991
5,2.2,3.0,92.5395250191
5,2.2,3.0,94.1577336002
5,2.2,3.0,96.7194288442
5,2.2,3.0,96.1144972279
5,2.2,3.2,95.0789765121
5,2.2,3.2,95.1010576499
5,2.2,3.2,92.8926347343
5,2.2,3.2,95.506346532
5,2.2,3.2,97.6102952353
10,1.8,2.8,85.7780039622
10,1.8,2.8,85.2798301666
10,1.8,2.8,82.6374609797
10,1.8,2.8,84.6958395811
10,1.8,2.8,83.4293163769
10,1.8,3.0,83.1346681372
10,1.8,3.0,83.8224877068
10,1.8,3.0,86.2821912494
10,1.8,3.0,83.5232606096
10,1.8,3.0,83.5190831675
10,1.8,3.2,85.8492986907
10,1.8,3.2,84.5920548133
10,1.8,3.2,85.4809973369
10,1.8,3.2,86.8659303938
10,1.8,3.2,81.2914953157
10,2.0,2.8,84.5169570416
10,2.0,2.8,85.9178855761
10,2.0,2.8,83.8062252885
10,2.0,2.8,86.3647831121
10,2.0,2.8,84.4960044516
10,2.0,3.0,87.7187631337
10,2.0,3.0,86.2502375718
10,2.0,3.0,87.5982523304
10,2.0,3.0,81.0393110313
10,2.0,3.0,85.9783380545
10,2.0,3.2,83.5230294467
10,2.0,3.2,85.7178109972
10,2.0,3.2,85.3960880022
10,2.0,3.2,87.5002951464
10,2.0,3.2,87.1659643566
10,2.2,2.8,87.4910040206
10,2.2,2.8,83.4825987859
10,2.2,2.8,86.3090462917
10,2.2,2.8,84.9749037334
10,2.2,2.8,84.2258400852
10,2.2,3.0,85.987631927
10,2.2,3.0,86.2997869337
10,2.2,3.0,89.2660128451
10,2.2,3.0,90.224411854
10,2.2,3.0,86.5385390732
10,2.2,3.2,86.9270681826
10,2.2,3.2,82.3828699762
10,2.2,3.2,89.7821668304
10,2.2,3.2,91.1431628031
10,2.2,3.2,85.4387099962
20,1.8,2.8,69.4635380062
20,1.8,2.8,74.3411072674
20,1.8,2.8,68.7962457781
20,1.8,2.8,69.3381704064
20,1.8,2.8,75.4372495208
20,1.8,3.0,66.636097692
20,1.8,3.0,71.7986349215
20,1.8,3.0,68.7019989284
20,1.8,3.0,67.9984640242
20,1.8,3.0,67.31023812
20,1.8,3.2,72.0815470094
20,1.8,3.2,73.0227498571
20,1.8,3.2,69.4969756606
20,1.8,3.2,70.4871359883
20,1.8,3.2,67.7939524633
20,2.0,2.8,71.3984274841
20,2.0,2.8,71.3661852429
20,2.0,2.8,69.886549019
20,2.0,2.8,72.4634214878
20,2.0,2.8,71.9126451708
20,2.0,3.0,74.9809161453
20,2.0,3.0,74.69439292
20,2.0,3.0,71.1136457417
20,2.0,3.0,69.1151287427
20,2.0,3.0,71.2402652255
20,2.0,3.2,71.1224710951
20,2.0,3.2,71.7562227099
20,2.0,3.2,73.0011488623
20,2.0,3.2,74.9160731669
20,2.0,3.2,69.7667884139
20,2.2,2.8,76.7111069406
20,2.2,2.8,69.4147021075
20,2.2,2.8,72.2514493005
20,2.2,2.8,74.559902759
20,2.2,2.8,74.3467569176
20,2.2,3.0,70.1055678865
20,2.2,3.0,70.0077016416
20,2.2,3.0,74.0521610358
20,2.2,3.0,68.3883251659
20,2.2,3.0,78.6591290854
20,2.2,3.2,70.8120668796
20,2.2,3.2,70.8617651055
20,2.2,3.2,67.4924079909
20,2.2,3.2,66.2539690436
20,2.2,3.2,70.4027969034
30,1.8,2.8,63.5531630141
30,1.8,2.8,62.4637354173
30,1.8,2.8,61.2010098245
30,1.8,2.8,59.4390302836
30,1.8,2.8,65.8489624119
30,1.8,3.0,61.3953608865
30,1.8,3.0,62.1206856219
30,1.8,3.0,63.3619722838
30,1.8,3.0,58.6492183964
30,1.8,3.0,60.9785752833
30,1.8,3.2,62.4114485493
30,1.8,3.2,59.2204681217
30,1.8,3.2,64.2935832178
30,1.8,3.2,63.3362292607
30,1.8,3.2,60.8833847738
30,2.0,2.8,59.4613767073
30,2.0,2.8,61.0659656351
30,2.0,2.8,59.0190072892
30,2.0,2.8,61.1931222855
30,2.0,2.8,61.2593593195
30,2.0,3.0,66.0888394604
30,2.0,3.0,65.4260661369
30,2.0,3.0,62.7231415108
30,2.0,3.0,59.4241501183
30,2.0,3.0,58.3783690933
30,2.0,3.2,62.401828379
30,2.0,3.2,57.7755992574
30,2.0,3.2,61.074590399
30,2.0,3.2,57.9211415595
30,2.0,3.2,59.3603709317
30,2.2,2.8,62.7253263346
30,2.2,2.8,61.8050138652
30,2.2,2.8,62.7780190952
30,2.2,2.8,60.8840016277
30,2.2,2.8,59.7364997169
30,2.2,3.0,59.4248973916
30,2.2,3.0,64.3700301896
30,2.2,3.0,59.4028118446
30,2.2,3.0,63.6172692672
30,2.2,3.0,61.4729621993
30,2.2,3.2,61.8277050296
30,2.2,3.2,64.1471602635
30,2.2,3.2,60.7524488682
30,2.2,3.2,59.6103564553
30,2.2,3.2,61.365694936
1,2.0,3.0,105.190421025
1,2.0,3.0,103.778222128
1,2.0,3.0,104.542691242
1,2.0,3.0,104.445204609
1,2.0,3.0,106.021159688
1,2.0,3.2,104.713229075
1,2.0,3.2,103.913645686
1,2.0,3.2,103.630806089
1,2.0,3.2,106.015852995
1,2.0,3.2,104.101257807
1,2.0,3.4,105.46336436
1,2.0,3.4,102.789335417
1,2.0,3.4,104.501979931
1,2.0,3.4,104.30298537
1,2.0,3.4,105.504424251
1,2.2,3.0,102.138286844
1,2.2,3.0,102.314510156
1,2.2,3.0,101.719549404
1,2.2,3.0,102.61563228
1,2.2,3.0,103.316069465
1,2.2,3.2,102.139496239
1,2.2,3.2,101.932717075
1,2.2,3.2,102.474515219
1,2.2,3.2,102.252111643
1,2.2,3.2,100.957352235
1,2.2,3.4,102.028723381
1,2.2,3.4,102.869172192
1,2.2,3.4,102.163674064
1,2.2,3.4,102.216731779
1,2.2,3.4,103.056637543
1,2.4,3.0,100.790719297
1,2.4,3.0,100.184827113
1,2.4,3.0,99.7379856441
1,2.4,3.0,98.9970161528
1,2.4,3.0,100.505749543
1,2.4,3.2,100.19735313
1,2.4,3.2,99.769276097
1,2.4,3.2,100.005768151
1,2.4,3.2,99.3687523282
1,2.4,3.2,99.9299115143
1,2.4,3.4,99.9888458372
1,2.4,3.4,101.36841006
1,2.4,3.4,98.8762918492
1,2.4,3.4,99.8785827012
1,2.4,3.4,99.867211294
5,2.0,3.0,92.2067088556
5,2.0,3.0,95.7119107515
5,2.0,3.0,100.179752591
5,2.0,3.0,95.2269287032
5,2.0,3.0,95.8247386647
5,2.0,3.2,95.7760367394
5,2.0,3.2,96.3393124653
5,2.0,3.2,95.3335291714
5,2.0,3.2,95.9782831752
5,2.0,3.2,95.0909988777
5,2.0,3.4,97.0083859614
5,2.0,3.4,98.4500096448
5,2.0,3.4,99.0422010097
5,2.0,3.4,95.554370542
5,2.0,3.4,95.1189041286
5,2.2,3.0,97.9945363879
5,2.2,3.0,91.6836905649
5,2.2,3.0,96.5853548682
5,2.2,3.0,94.7953811075
5,2.2,3.0,94.1373869769
5,2.2,3.2,94.3424811842
5,2.2,3.2,91.3661252684
5,2.2,3.2,94.8272800634
5,2.2,3.2,97.0256062298
5,2.2,3.2,93.3720781772
5,2.2,3.4,96.0397024926
5,2.2,3.4,96.8158772827
5,2.2,3.4,93.620953299
5,2.2,3.4,93.4047171225
5,2.2,3.4,97.7774426639
5,2.4,3.0,99.3569550818
5,2.4,3.0,94.7895766243
5,2.4,3.0,92.1826792937
5,2.4,3.0,95.5666743755
5,2.4,3.0,96.1508206739
5,2.4,3.2,95.1266680016
5,2.4,3.2,94.833171087
5,2.4,3.2,94.4476117914
5,2.4,3.2,96.0049615826
5,2.4,3.2,93.4037354656
5,2.4,3.4,93.6879227848
5,2.4,3.4,92.8181834872
5,2.4,3.4,97.8290874485
5,2.4,3.4,95.4785781699
5,2.4,3.4,95.6976866955
10,2.0,3.0,83.5963499905
10,2.0,3.0,84.8321700221
10,2.0,3.0,82.8040526543
10,2.0,3.0,89.1263157273
10,2.0,3.0,86.0243506857
10,2.0,3.2,89.2026414704
10,2.0,3.2,85.1844340681
10,2.0,3.2,81.503234032
10,2.0,3.2,87.3952771695
10,2.0,3.2,86.6848880141
10,2.0,3.4,83.3328390613
10,2.0,3.4,83.1877240831
10,2.0,3.4,84.946177905
10,2.0,3.4,84.5057759868
10,2.0,3.4,88.3197912937
10,2.2,3.0,86.6871111696
10,2.2,3.0,85.6020035373
10,2.2,3.0,87.5783844989
10,2.2,3.0,84.3081741173
10,2.2,3.0,83.540653237
10,2.2,3.2,84.3801307785
10,2.2,3.2,86.1335844177
10,2.2,3.2,90.5348920268
10,2.2,3.2,83.6058300273
10,2.2,3.2,87.5303388584
10,2.2,3.4,84.6380321149
10,2.2,3.4,85.3378786851
10,2.2,3.4,87.5079361592
10,2.2,3.4,83.2511072798
10,2.2,3.4,84.8831449648
10,2.4,3.0,91.2583566978
10,2.4,3.0,82.7976546071
10,2.4,3.0,81.9843645188
10,2.4,3.0,89.4551148554
10,2.4,3.0,86.2959304758
10,2.4,3.2,84.8745964594
10,2.4,3.2,86.001513319
10,2.4,3.2,86.2300409244
10,2.4,3.2,84.2231199762
10,2.4,3.2,84.1151629106
10,2.4,3.4,82.358144777
10,2.4,3.4,87.0295163634
10,2.4,3.4,90.468434083
10,2.4,3.4,83.6358048075
10,2.4,3.4,86.7904819593
20,2.0,3.0,66.3926518828
20,2.0,3.0,73.6938977729
20,2.0,3.0,74.9497727625
20,2.0,3.0,70.1005824267
20,2.0,3.0,71.5740015282
20,2.0,3.2,68.7300424972
20,2.0,3.2,73.1176236711
20,2.0,3.2,70.9675026421
20,2.0,3.2,73.5044979259
20,2.0,3.2,71.127777563
20,2.0,3.4,69.6047049733
20,2.0,3.4,66.7595446064
20,2.0,3.4,69.6158505006
20,2.0,3.4,70.4648911598
20,2.0,3.4,67.4653893937
20,2.2,3.0,70.3713348812
20,2.2,3.0,74.1639127936
20,2.2,3.0,74.9479091628
20,2.2,3.0,71.5674191254
20,2.2,3.0,74.4032293005
20,2.2,3.2,72.4252208511
20,2.2,3.2,72.8603017802
20,2.2,3.2,70.9075292869
20,2.2,3.2,71.0789247478
20,2.2,3.2,69.3374892705
20,2.2,3.4,70.0942474136
20,2.2,3.4,71.7334219649
20,2.2,3.4,68.880666664
20,2.2,3.4,68.9111930767
20,2.2,3.4,69.6187598857
20,2.4,3.0,71.8293488831
20,2.4,3.0,70.5240688009
20,2.4,3.0,67.1397953139
20,2.4,3.0,69.4867564602
20,2.4,3.0,69.3887368791
20,2.4,3.2,69.6288056955
20,2.4,3.2,71.9699154299
20,2.4,3.2,70.7854488975
20,2.4,3.2,69.0137081289
20,2.4,3.2,75.3283916756
20,2.4,3.4,69.8250106999
20,2.4,3.4,69.1976373483
20,2.4,3.4,74.1562815449
20,2.4,3.4,71.3699964485
20,2.4,3.4,66.3147086215
30,2.0,3.0,60.1688761962
30,2.0,3.0,58.8235706472
30,2.0,3.0,61.4206438514
30,2.0,3.0,62.9379233858
30,2.0,3.0,63.5653152291
30,2.0,3.2,64.0449790856
30,2.0,3.2,60.7615240729
30,2.0,3.2,61.102141278
30,2.0,3.2,62.978472298
30,2.0,3.2,65.365705186
30,2.0,3.4,61.7642103203
30,2.0,3.4,62.0157089408
30,2.0,3.4,58.6161249798
30,2.0,3.4,60.6306219068
30,2.0,3.4,62.3533844479
30,2.2,3.0,61.1699662432
30,2.2,3.0,66.6552812896
30,2.2,3.0,65.3307875695
30,2.2,3.0,61.4237534905
30,2.2,3.0,59.8933756552
30,2.2,3.2,63.3394066216
30,2.2,3.2,64.348028672
30,2.2,3.2,56.7318353286
30,2.2,3.2,61.7003058578
30,2.2,3.2,61.789349167
30,2.2,3.4,63.9177086198
30,2.2,3.4,61.1474462466
30,2.2,3.4,62.8686125488
30,2.2,3.4,61.7370377206
30,2.2,3.4,67.1749851654
30,2.4,3.0,60.8563903503
30,2.4,3.0,66.1393216202
30,2.4,3.0,63.3680987931
30,2.4,3.0,60.1020567775
30,2.4,3.0,66.5037940891
30,2.4,3.2,63.9913277929
30,2.4,3.2,59.7485802804
30,2.4,3.2,60.0321852914
30,2.4,3.2,63.5387929008
30,2.4,3.2,62.9473470085
30,2.4,3.4,64.6380195762
30,2.4,3.4,60.8794276038
30,2.4,3.4,61.5340340605
30,2.4,3.4,61.3151331226
30,2.4,3.4,60.9365632625
1,2.0,3.0,104.525273752
1,2.0,3.0,104.005472448
1,2.0,3.0,104.578781001
1,2.0,3.0,104.625062225
1,2.0,3.0,103.965112452
1,2.0,3.2,105.419473231
1,2.0,3.2,106.36897419
1,2.0,3.2,104.185719122
1,2.0,3.2,103.972622913
1,2.0,3.2,104.411742241
1,2.0,3.4,104.857273392
1,2.0,3.4,105.118379599
1,2.0,3.4,103.951712448
1,2.0,3.4,104.065688183
1,2.0,3.4,104.28103356
1,2.2,3.0,102.343513478
1,2.2,3.0,102.499524901
1,2.2,3.0,103.000001913
1,2.2,3.0,103.229209742
1,2.2,3.0,102.201725975
1,2.2,3.2,102.532078532
1,2.2,3.2,101.961921367
1,2.2,3.2,102.105175827
1,2.2,3.2,102.890605478
1,2.2,3.2,103.070714084
1,2.2,3.4,100.688660549
1,2.2,3.4,101.511311452
1,2.2,3.4,102.107266725
1,2.2,3.4,101.922299081
1,2.2,3.4,103.211033212
1,2.4,3.0,99.5631105583
1,2.4,3.0,99.5337806291
1,2.4,3.0,100.566311031
1,2.4,3.0,100.728392286
1,2.4,3.0,101.182810957
1,2.4,3.2,100.098315919
1,2.4,3.2,100.067617755
1,2.4,3.2,99.3103971772
1,2.4,3.2,100.229606318
1,2.4,3.2,100.364740814
1,2.4,3.4,99.6707188347
1,2.4,3.4,100.795854633
1,2.4,3.4,98.8328042655
1,2.4,3.4,99.5603365032
1,2.4,3.4,100.458655354
5,2.0,3.0,94.6216492798
5,2.0,3.0,94.1700782229
5,2.0,3.0,97.861205279
5,2.0,3.0,98.1810954399
5,2.0,3.0,94.9117708122
5,2.0,3.2,95.8339917418
5,2.0,3.2,96.0505684322
5,2.0,3.2,94.7688679833
5,2.0,3.2,93.5802199733
5,2.0,3.2,94.7347351028
5,2.0,3.4,95.2943842825
5,2.0,3.4,95.7401680839
5,2.0,3.4,94.1630532208
5,2.0,3.4,92.6113342002
5,2.0,3.4,97.4634700422
5,2.2,3.0,100.255313707
5,2.2,3.0,97.7509610311
5,2.2,3.0,94.1050419232
5,2.2,3.0,95.5631554334
5,2.2,3.0,94.757853953
5,2.2,3.2,96.7471408132
5,2.2,3.2,95.3401501225
5,2.2,3.2,93.1287582724
5,2.2,3.2,97.9764855433
5,2.2,3.2,95.9150303133
5,2.2,3.4,99.830092214
5,2.2,3.4,94.3562860804
5,2.2,3.4,97.8042951696
5,2.2,3.4,94.9194832202
5,2.2,3.4,99.0115874397
5,2.4,3.0,91.7486113122
5,2.4,3.0,94.9069351536
5,2.4,3.0,97.2043288493
5,2.4,3.0,93.3798221453
5,2.4,3.0,93.5666302022
5,2.4,3.2,93.3465847024
5,2.4,3.2,93.7027783831
5,2.4,3.2,92.1821015643
5,2.4,3.2,96.322166765
5,2.4,3.2,91.8166688994
5,2.4,3.4,96.2397402662
5,2.4,3.4,96.4796892166
5,2.4,3.4,92.4231300113
5,2.4,3.4,96.6215351445
5,2.4,3.4,95.9267728067
10,2.0,3.0,83.225361563
10,2.0,3.0,82.1345212999
10,2.0,3.0,86.6036001187
10,2.0,3.0,84.4665832401
10,2.0,3.0,80.6862959825
10,2.0,3.2,85.5125054603
10,2.0,3.2,84.68563191
10,2.0,3.2,83.1249382932
10,2.0,3.2,86.1093052464
10,2.0,3.2,84.7240637324
10,2.0,3.4,81.5859103598
10,2.0,3.4,86.4114629342
10,2.0,3.4,86.7267133204
10,2.0,3.4,87.4230449903
10,2.0,3.4,86.7995061404
10,2.2,3.0,86.5110331686
10,2.2,3.0,90.315777438
10,2.2,3.0,87.3159985683
10,2.2,3.0,86.0306877647
10,2.2,3.0,90.264734704
10,2.2,3.2,84.3085535296
10,2.2,3.2,82.1669097952
10,2.2,3.2,86.086457949
10,2.2,3.2,85.2051229735
10,2.2,3.2,86.0676346834
10,2.2,3.4,85.7640670418
10,2.2,3.4,83.179829647
10,2.2,3.4,87.5056559688
10,2.2,3.4,86.4138107726
10,2.2,3.4,91.8543149954
10,2.4,3.0,88.3682074089
10,2.4,3.0,81.0517994581
10,2.4,3.0,84.1184728424
10,2.4,3.0,87.0011462932
10,2.4,3.0,86.8155217581
10,2.4,3.2,85.7503477824
10,2.4,3.2,82.6750768022
10,2.4,3.2,85.6410295993
10,2.4,3.2,85.1831064065
10,2.4,3.2,86.2319704594
10,2.4,3.4,84.7782458178
10,2.4,3.4,83.7827370128
10,2.4,3.4,83.1249055739
10,2.4,3.4,84.6019455054
10,2.4,3.4,88.2678276322
20,2.0,3.0,68.8029816736
20,2.0,3.0,70.4551735693
20,2.0,3.0,70.2475275135
20,2.0,3.0,71.121436972
20,2.0,3.0,67.839279203
20,2.0,3.2,70.2482282094
20,2.0,3.2,71.7047013996
20,2.0,3.2,77.0736928863
20,2.0,3.2,70.2020410698
20,2.0,3.2,71.2323245161
20,2.0,3.4,70.8899731517
20,2.0,3.4,68.087457774
20,2.0,3.4,71.6488998054
20,2.0,3.4,70.580640678
20,2.0,3.4,70.6340348617
20,2.2,3.0,70.2974978715
20,2.2,3.0,74.868101912
20,2.2,3.0,70.012417565
20,2.2,3.0,69.8250525395
20,2.2,3.0,71.0583177952
20,2.2,3.2,71.4676766755
20,2.2,3.2,70.309709121
20,2.2,3.2,71.7520694248
20,2.2,3.2,73.6265407233
20,2.2,3.2,71.4915214237
20,2.2,3.4,69.1682623577
20,2.2,3.4,70.3442944566
20,2.2,3.4,70.7317051251
20,2.2,3.4,68.1313397786
20,2.2,3.4,66.0141275474
20,2.4,3.0,69.7822265022
20,2.4,3.0,78.0898408825
20,2.4,3.0,71.3044199199
20,2.4,3.0,70.4833215875
20,2.4,3.0,68.7471591377
20,2.4,3.2,69.9770683913
20,2.4,3.2,70.0540367481
20,2.4,3.2,69.9275962412
20,2.4,3.2,71.3953666131
20,2.4,3.2,71.2061544357
20,2.4,3.4,70.7759234171
20,2.4,3.4,68.1952881357
20,2.4,3.4,68.7697086879
20,2.4,3.4,70.2229852652
20,2.4,3.4,70.4552684383
30,2.0,3.0,63.8642720215
30,2.0,3.0,60.4247212906
30,2.0,3.0,62.1071041684
30,2.0,3.0,63.4870983468
30,2.0,3.0,59.9391306574
30,2.0,3.2,62.5622561345
30,2.0,3.2,62.1141726949
30,2.0,3.2,60.1587640166
30,2.0,3.2,60.264418747
30,2.0,3.2,59.5301911648
30,2.0,3.4,61.1877873559
30,2.0,3.4,58.6113173644
30,2.0,3.4,60.4946993806
30,2.0,3.4,61.727909758
30,2.0,3.4,62.0354379542
30,2.2,3.0,58.5766030494
30,2.2,3.0,64.7587079406
30,2.2,3.0,64.4779271185
30,2.2,3.0,66.8878631287
30,2.2,3.0,59.3828693877
30,2.2,3.2,62.7693637823
30,2.2,3.2,62.2968686462
30,2.2,3.2,64.9786953165
30,2.2,3.2,65.7322745148
30,2.2,3.2,65.0649638874
30,2.2,3.4,58.2695405993
30,2.2,3.4,61.9004023316
30,2.2,3.4,65.4356792626
30,2.2,3.4,62.0283059517
30,2.2,3.4,58.714540703
30,2.4,3.0,59.8626513153
30,2.4,3.0,59.0301916679
30,2.4,3.0,58.252555791
30,2.4,3.0,60.1507108088
30,2.4,3.0,63.4641697316
30,2.4,3.2,65.2905780968
30,2.4,3.2,63.7710848736
30,2.4,3.2,62.257328609
30,2.4,3.2,57.9962418821
30,2.4,3.2,63.1776502306
30,2.4,3.4,57.9794733302
30,2.4,3.4,63.9956961536
30,2.4,3.4,59.8387500716
30,2.4,3.4,62.5818742292
30,2.4,3.4,60.4540155839
1,2.1,2.9,103.305310138
1,2.1,2.9,103.617363501
1,2.1,2.9,103.633684678
1,2.1,2.9,103.247691154
1,2.1,2.9,104.64163068
1,2.1,3.0,103.658013925
1,2.1,3.0,103.499932552
1,2.1,3.0,103.431319253
1,2.1,3.0,104.124787436
1,2.1,3.0,103.291185116
1,2.1,3.1,104.143703465
1,2.1,3.1,103.088825672
1,2.1,3.1,103.435323334
1,2.1,3.1,104.644857236
1,2.1,3.1,104.406861253
1,2.2,2.9,102.371286267
1,2.2,2.9,101.976884239
1,2.2,2.9,102.788755368
1,2.2,2.9,104.143842882
1,2.2,2.9,103.50539216
1,2.2,3.0,102.807736935
1,2.2,3.0,102.06213636
1,2.2,3.0,103.133540225
1,2.2,3.0,102.377889225
1,2.2,3.0,102.026119105
1,2.2,3.1,102.079651865
1,2.2,3.1,102.197285159
1,2.2,3.1,102.217277825
1,2.2,3.1,102.99921928
1,2.2,3.1,102.724988586
1,2.3,2.9,101.843580323
1,2.3,2.9,100.778619734
1,2.3,2.9,101.454568824
1,2.3,2.9,100.2182487
1,2.3,2.9,101.842976735
1,2.3,3.0,101.378482401
1,2.3,3.0,101.701161385
1,2.3,3.0,101.822838877
1,2.3,3.0,101.714151561
1,2.3,3.0,101.263802687
1,2.3,3.1,101.852947364
1,2.3,3.1,101.769694988
1,2.3,3.1,101.327058032
1,2.3,3.1,100.339087331
1,2.3,3.1,101.342361842
5,2.1,2.9,93.9321683918
5,2.1,2.9,98.6230164221
5,2.1,2.9,94.7975381831
5,2.1,2.9,96.7526155893
5,2.1,2.9,93.8494229079
5,2.1,3.0,94.7189756695
5,2.1,3.0,95.0736168748
5,2.1,3.0,95.0525573402
5,2.1,3.0,98.6299448453
5,2.1,3.0,94.6857357142
5,2.1,3.1,94.2486272394
5,2.1,3.1,99.2823892518
5,2.1,3.1,92.8691787641
5,2.1,3.1,95.5901544562
5,2.1,3.1,96.2684228968
5,2.2,2.9,93.7924648473
5,2.2,2.9,95.9973151111
5,2.2,2.9,96.4639110514
5,2.2,2.9,95.7056125376
5,2.2,2.9,94.8635647249
5,2.2,3.0,97.0328161414
5,2.2,3.0,95.6620028061
5,2.2,3.0,96.6649478442
5,2.2,3.0,98.6071964557
5,2.2,3.0,96.6511073568
5,2.2,3.1,95.0078978242
5,2.2,3.1,91.3939817305
5,2.2,3.1,98.8290154675
5,2.2,3.1,98.5063810964
5,2.2,3.1,93.4736936132
5,2.3,2.9,95.9107426207
5,2.3,2.9,93.7883203822
5,2.3,2.9,96.5774328725
5,2.3,2.9,94.6377883044
5,2.3,2.9,92.8959577917
5,2.3,3.0,96.2762634247
5,2.3,3.0,92.7007245536
5,2.3,3.0,98.8176574387
5,2.3,3.0,99.4855132232
5,2.3,3.0,94.5056403364
5,2.3,3.1,93.4632637671
5,2.3,3.1,92.6022994003
5,2.3,3.1,94.0594693938
5,2.3,3.1,93.3898493827
5,2.3,3.1,93.7312760689
10,2.1,2.9,86.1904023379
10,2.1,2.9,87.5880581661
10,2.1,2.9,81.877154379
10,2.1,2.9,82.2254127555
10,2.1,2.9,84.5472818898
10,2.1,3.0,89.7762774193
10,2.1,3.0,88.010054666
10,2.1,3.0,84.7434263909
10,2.1,3.0,83.1205042735
10,2.1,3.0,86.9408720877
10,2.1,3.1,85.9506751068
10,2.1,3.1,84.6758352624
10,2.1,3.1,84.1277325413
10,2.1,3.1,89.0995946153
10,2.1,3.1,87.0194948043
10,2.2,2.9,82.8124047078
10,2.2,2.9,88.8953487561
10,2.2,2.9,86.5581104713
10,2.2,2.9,84.9713541906
10,2.2,2.9,87.4796998319
10,2.2,3.0,87.1358347288
10,2.2,3.0,83.5258175986
10,2.2,3.0,84.4024692852
10,2.2,3.0,86.1594235617
10,2.2,3.0,86.6557629722
10,2.2,3.1,88.1551592753
10,2.2,3.1,83.9980561337
10,2.2,3.1,85.9537954175
10,2.2,3.1,86.1021650267
10,2.2,3.1,87.6591412035
10,2.3,2.9,86.6218431437
10,2.3,2.9,83.0038472637
10,2.3,2.9,85.3100792061
10,2.3,2.9,86.646862707
10,2.3,2.9,88.7728576164
10,2.3,3.0,85.6506326403
10,2.3,3.0,87.0108453117
10,2.3,3.0,83.0172400888
10,2.3,3.0,81.8111639079
10,2.3,3.0,83.3068459216
10,2.3,3.1,84.5879317112
10,2.3,3.1,87.4100626855
10,2.3,3.1,91.134546594
10,2.3,3.1,83.0841440457
10,2.3,3.1,83.5563276122
20,2.1,2.9,67.2404139354
20,2.1,2.9,68.7007218367
20,2.1,2.9,69.6168926454
20,2.1,2.9,73.8257085406
20,2.1,2.9,70.8438862861
20,2.1,3.0,72.6631559439
20,2.1,3.0,69.8527175381
20,2.1,3.0,71.3203691428
20,2.1,3.0,69.6404734761
20,2.1,3.0,65.8731572606
20,2.1,3.1,74.1967000141
20,2.1,3.1,69.4680489446
20,2.1,3.1,68.8070391259
20,2.1,3.1,67.3421651719
20,2.1,3.1,70.5677295949
20,2.2,2.9,69.165415941
20,2.2,2.9,69.7434669216
20,2.2,2.9,70.9163076767
20,2.2,2.9,69.6417731857
20,2.2,2.9,68.0783229844
20,2.2,3.0,72.1398537783
20,2.2,3.0,68.9075402189
20,2.2,3.0,69.1242521878
20,2.2,3.0,69.6561093593
20,2.2,3.0,73.5956488828
20,2.2,3.1,69.4861489991
20,2.2,3.1,69.368771756
20,2.2,3.1,73.0294740683
20,2.2,3.1,68.4270846966
20,2.2,3.1,72.9450299985
20,2.3,2.9,73.2468619044
20,2.3,2.9,76.7311582987
20,2.3,2.9,71.4052759063
20,2.3,2.9,70.6362825979
20,2.3,2.9,70.6416783558
20,2.3,3.0,70.3186264169
20,2.3,3.0,74.4231109495
20,2.3,3.0,73.3144834085
20,2.3,3.0,71.7068022539
20,2.3,3.0,71.9625020068
20,2.3,3.1,77.6739862447
20,2.3,3.1,64.7908663976
20,2.3,3.1,72.0213545496
20,2.3,3.1,72.7617087472
20,2.3,3.1,71.8961878183
30,2.1,2.9,63.9365404441
30,2.1,2.9,62.8085460798
30,2.1,2.9,60.4439451651
30,2.1,2.9,61.165848529
30,2.1,2.9,63.9528687662
30,2.1,3.0,60.1276391118
30,2.1,3.0,62.9901473358
30,2.1,3.0,64.2970800137
30,2.1,3.0,63.2909480161
30,2.1,3.0,60.5593431783
30,2.1,3.1,65.8418241209
30,2.1,3.1,58.3967434694
30,2.1,3.1,62.8825362888
30,2.1,3.1,62.5065125982
30,2.1,3.1,66.0551333476
30,2.2,2.9,63.7828855479
30,2.2,2.9,66.3447962523
30,2.2,2.9,57.2487413978
30,2.2,2.9,65.5975633577
30,2.2,2.9,67.0395403039
30,2.2,3.0,61.9370433979
30,2.2,3.0,60.3137741923
30,2.2,3.0,61.2609860913
30,2.2,3.0,69.5139004933
30,2.2,3.0,57.8219506162
30,2.2,3.1,65.0877256775
30,2.2,3.1,57.9214812069
30,2.2,3.1,61.3432505949
30,2.2,3.1,57.6769036669
30,2.2,3.1,58.3504411547
30,2.3,2.9,69.1152112709
30,2.3,2.9,62.0475102325
30,2.3,2.9,61.450167031
30,2.3,2.9,64.9246079809
30,2.3,2.9,60.2932204161
30,2.3,3.0,69.1301723323
30,2.3,3.0,66.0653368641
30,2.3,3.0,60.354885092
30,2.3,3.0,65.2805563412
30,2.3,3.0,58.7079795752
30,2.3,3.1,63.3809937775
30,2.3,3.1,63.5789912369
30,2.3,3.1,61.3180405076
30,2.3,3.1,59.3606602335
30,2.3,3.1,65.2831186557
1,2.1,2.9,103.29399398
1,2.1,2.9,104.920491437
1,2.1,2.9,102.725581876
1,2.1,2.9,103.462926396
1,2.1,2.9,103.327643323
1,2.1,3.0,103.597338692
1,2.1,3.0,103.605122897
1,2.1,3.0,103.024809679
1,2.1,3.0,104.517663602
1,2.1,3.0,104.740036059
1,2.1,3.1,104.07821482
1,2.1,3.1,102.706122571
1,2.1,3.1,104.322517555
1,2.1,3.1,103.729621377
1,2.1,3.1,104.469929349
1,2.2,2.9,103.767125904
1,2.2,2.9,101.379115496
1,2.2,2.9,102.59600149
1,2.2,2.9,101.739432515
1,2.2,2.9,102.524645968
1,2.2,3.0,102.258537972
1,2.2,3.0,101.811404714
1,2.2,3.0,102.7435263
1,2.2,3.0,102.403709905
1,2.2,3.0,102.740927546
1,2.2,3.1,103.375955058
1,2.2,3.1,102.031810757
1,2.2,3.1,102.869561412
1,2.2,3.1,103.197393735
1,2.2,3.1,102.086163849
1,2.3,2.9,102.256468482
1,2.3,2.9,101.046867178
1,2.3,2.9,101.876144848
1,2.3,2.9,101.383407353
1,2.3,2.9,101.988982944
1,2.3,3.0,100.999830378
1,2.3,3.0,102.021522892
1,2.3,3.0,101.450724293
1,2.3,3.0,101.064795109
1,2.3,3.0,101.629586901
1,2.3,3.1,100.133438117
1,2.3,3.1,100.712161477
1,2.3,3.1,100.585090632
1,2.3,3.1,101.047569968
1,2.3,3.1,101.392269725
5,2.1,2.9,98.2730610452
5,2.1,2.9,95.5888816203
5,2.1,2.9,93.5313650983
5,2.1,2.9,97.0217388395
5,2.1,2.9,93.0905766567
5,2.1,3.0,96.8680125921
5,2.1,3.0,95.8732895972
5,2.1,3.0,96.8423359767
5,2.1,3.0,96.0702601166
5,2.1,3.0,98.3041023618
5,2.1,3.1,92.1783472607
5,2.1,3.1,98.1428718078
5,2.1,3.1,92.2258243385
5,2.1,3.1,97.277744181
5,2.1,3.1,94.7404169498
5,2.2,2.9,98.2642203677
5,2.2,2.9,99.9996727781
5,2.2,2.9,94.9645400348
5,2.2,2.9,95.5119046473
5,2.2,2.9,94.754864223
5,2.2,3.0,95.4481619404
5,2.2,3.0,100.555886135
5,2.2,3.0,93.869658396
5,2.2,3.0,95.592718521
5,2.2,3.0,95.0996801444
5,2.2,3.1,94.66321854
5,2.2,3.1,95.2787085259
5,2.2,3.1,94.6220318483
5,2.2,3.1,95.6148056744
5,2.2,3.1,92.1678920099
5,2.3,2.9,93.7748447844
5,2.3,2.9,93.0782321093
5,2.3,2.9,92.2994892864
5,2.3,2.9,93.9097568536
5,2.3,2.9,95.7910076382
5,2.3,3.0,98.114649408
5,2.3,3.0,90.6865242179
5,2.3,3.0,98.3941920778
5,2.3,3.0,94.5228606852
5,2.3,3.0,93.1476711998
5,2.3,3.1,98.0442673814
5,2.3,3.1,97.9576507939
5,2.3,3.1,90.3991515551
5,2.3,3.1,95.2138171673
5,2.3,3.1,95.1287247318
10,2.1,2.9,81.4285019661
10,2.1,2.9,82.9546446139
10,2.1,2.9,86.4322183501
10,2.1,2.9,86.0497396386
10,2.1,2.9,86.5182615285
10,2.1,3.0,87.4231754285
10,2.1,3.0,89.528136565
10,2.1,3.0,85.9685253331
10,2.1,3.0,87.2205231887
10,2.1,3.0,88.9056758799
10,2.1,3.1,85.3274064253
10,2.1,3.1,86.7304888212
10,2.1,3.1,86.3383065972
10,2.1,3.1,86.1220101203
10,2.1,3.1,88.3004945392
10,2.2,2.9,89.1448083552
10,2.2,2.9,86.8510178084
10,2.2,2.9,82.6568207093
10,2.2,2.9,86.9749373227
10,2.2,2.9,89.4921295605
10,2.2,3.0,86.8368328609
10,2.2,3.0,82.237296378
10,2.2,3.0,83.4616747569
10,2.2,3.0,83.7896326102
10,2.2,3.0,85.892142183
10,2.2,3.1,88.7174849758
10,2.2,3.1,83.6984421151
10,2.2,3.1,81.7746162828
10,2.2,3.1,83.8992886047
10,2.2,3.1,85.5570595681
10,2.3,2.9,88.2633324749
10,2.3,2.9,87.0499403199
10,2.3,2.9,85.6264835859
10,2.3,2.9,87.3571785219
10,2.3,2.9,87.0334344828
10,2.3,3.0,87.2517375013
10,2.3,3.0,84.4973162275
10,2.3,3.0,83.9954761123
10,2.3,3.0,84.0488184014
10,2.3,3.0,84.5382320385
10,2.3,3.1,82.4906414121
10,2.3,3.1,83.6226511971
10,2.3,3.1,86.5024419344
10,2.3,3.1,85.6399577366
10,2.3,3.1,86.9537012945
20,2.1,2.9,71.4955174819
20,2.1,2.9,77.5795035641
20,2.1,2.9,72.8585573521
20,2.1,2.9,71.0438360562
20,2.1,2.9,72.0298603303
20,2.1,3.0,71.2665134831
20,2.1,3.0,68.6221062202
20,2.1,3.0,70.9691021944
20,2.1,3.0,70.7919463134
20,2.1,3.0,70.2053490559
20,2.1,3.1,74.9852644909
20,2.1,3.1,71.017815114
20,2.1,3.1,72.9508849176
20,2.1,3.1,71.4117483356
20,2.1,3.1,68.5714265441
20,2.2,2.9,70.2305727669
20,2.2,2.9,74.7600631658
20,2.2,2.9,69.110535049
20,2.2,2.9,74.8627621445
20,2.2,2.9,71.5472330709
20,2.2,3.0,69.760132325
20,2.2,3.0,70.1674857291
20,2.2,3.0,74.3730994248
20,2.2,3.0,73.4083235863
20,2.2,3.0,68.1937990515
20,2.2,3.1,72.7958112464
20,2.2,3.1,70.7864594398
20,2.2,3.1,68.7323445551
20,2.2,3.1,68.5600497839
20,2.2,3.1,72.2268173414
20,2.3,2.9,72.0574137969
20,2.3,2.9,67.2438742143
20,2.3,2.9,71.5710084852
20,2.3,2.9,69.1801434758
20,2.3,2.9,70.4137446037
20,2.3,3.0,68.6265072961
20,2.3,3.0,69.886237072
20,2.3,3.0,70.3277350017
20,2.3,3.0,68.9565738349
20,2.3,3.0,69.6489633135
20,2.3,3.1,69.0924471323
20,2.3,3.1,70.3626012751
20,2.3,3.1,66.2680319526
20,2.3,3.1,68.3418406491
20,2.3,3.1,69.3931542028
30,2.1,2.9,58.89986312
30,2.1,2.9,55.3308185737
30,2.1,2.9,62.3476649423
30,2.1,2.9,60.6894158979
30,2.1,2.9,61.4434625791
30,2.1,3.0,61.81785321
30,2.1,3.0,58.1762160346
30,2.1,3.0,60.7438883609
30,2.1,3.0,65.7907122188
30,2.1,3.0,61.2383251535
30,2.1,3.1,62.5148689052
30,2.1,3.1,59.8243918583
30,2.1,3.1,62.2938572936
30,2.1,3.1,64.694520475
30,2.1,3.1,61.7203153134
30,2.2,2.9,64.8288305347
30,2.2,2.9,62.4270415162
30,2.2,2.9,68.5607735801
30,2.2,2.9,62.5956048779
30,2.2,2.9,58.3420143613
30,2.2,3.0,57.3999571391
30,2.2,3.0,59.4984861948
30,2.2,3.0,64.8697428174
30,2.2,3.0,60.3539708582
30,2.2,3.0,66.395222814
30,2.2,3.1,64.1349245642
30,2.2,3.1,64.7963521496
30,2.2,3.1,60.2519384225
30,2.2,3.1,60.2381361721
30,2.2,3.1,60.645610403
30,2.3,2.9,58.876900451
30,2.3,2.9,66.6081071365
30,2.3,2.9,62.4752981653
30,2.3,2.9,61.9374012166
30,2.3,2.9,68.2978285673
30,2.3,3.0,59.6691398514
30,2.3,3.0,66.1082989049
30,2.3,3.0,60.925671894
30,2.3,3.0,65.9881623085
30,2.3,3.0,61.4687517081
30,2.3,3.1,62.934630489
30,2.3,3.1,64.1339072142
30,2.3,3.1,65.3230047736
30,2.3,3.1,63.4049653913
30,2.3,3.1,60.0656978012
1,2.0,2.9,104.9008626
1,2.0,2.9,104.845825888
1,2.0,2.9,104.62958278
1,2.0,2.9,106.445860163
1,2.0,2.9,104.700851882
1,2.0,3.0,104.300802381
1,2.0,3.0,104.663389421
1,2.0,3.0,103.93792552
1,2.0,3.0,104.503809666
1,2.0,3.0,105.092412724
1,2.0,3.1,104.635470323
1,2.0,3.1,104.175069482
1,2.0,3.1,104.437193548
1,2.0,3.1,104.4354323
1,2.0,3.1,105.6400547
1,2.1,2.9,104.076745989
1,2.1,2.9,103.749116227
1,2.1,2.9,103.808782307
1,2.1,2.9,103.954954979
1,2.1,2.9,103.110434747
1,2.1,3.0,103.204598425
1,2.1,3.0,103.418447718
1,2.1,3.0,103.948125064
1,2.1,3.0,103.443026311
1,2.1,3.0,101.928566686
1,2.1,3.1,103.122918875
1,2.1,3.1,103.080661453
1,2.1,3.1,103.540674921
1,2.1,3.1,104.210562162
1,2.1,3.1,103.356257045
1,2.2,2.9,102.833285004
1,2.2,2.9,102.169332244
1,2.2,2.9,102.220939029
1,2.2,2.9,102.312301339
1,2.2,2.9,101.798067224
1,2.2,3.0,102.009213246
1,2.2,3.0,102.629291477
1,2.2,3.0,101.700436851
1,2.2,3.0,101.776210226
1,2.2,3.0,102.614326977
1,2.2,3.1,103.350900493
1,2.2,3.1,102.652195281
1,2.2,3.1,101.721252944
1,2.2,3.1,101.944215411
1,2.2,3.1,102.911780633
5,2.0,2.9,96.228859484
5,2.0,2.9,95.4635209146
5,2.0,2.9,96.0177211479
5,2.0,2.9,96.6659343549
5,2.0,2.9,97.2631526592
5,2.0,3.0,97.6350742543
5,2.0,3.0,95.6909025442
5,2.0,3.0,95.9406810911
5,2.0,3.0,102.642485372
5,2.0,3.0,95.8288176059
5,2.0,3.1,97.4296924402
5,2.0,3.1,94.6656887292
5,2.0,3.1,95.8074080661
5,2.0,3.1,96.3256399989
5,2.0,3.1,97.2266170525
5,2.1,2.9,92.7341485903
5,2.1,2.9,101.530684293
5,2.1,2.9,96.1948937378
5,2.1,2.9,93.8877236701
5,2.1,2.9,93.1398207747
5,2.1,3.0,95.7312595585
5,2.1,3.0,96.0351892791
5,2.1,3.0,96.1935204352
5,2.1,3.0,96.2809646818
5,2.1,3.0,98.5428841607
5,2.1,3.1,93.2280281177
5,2.1,3.1,93.4311572989
5,2.1,3.1,97.4239542392
5,2.1,3.1,96.1047183489
5,2.1,3.1,96.9804386379
5,2.2,2.9,96.3459195449
5,2.2,2.9,96.6677764009
5,2.2,2.9,94.5982281999
5,2.2,2.9,95.9793487065
5,2.2,2.9,92.4356600694
5,2.2,3.0,95.3410681433
5,2.2,3.0,91.5206647166
5,2.2,3.0,90.5725347455
5,2.2,3.0,95.4567733923
5,2.2,3.0,97.473184903
5,2.2,3.1,93.8770078908
5,2.2,3.1,96.4364360112
5,2.2,3.1,97.4420841261
5,2.2,3.1,99.5760373521
5,2.2,3.1,97.0221407892
10,2.0,2.9,81.5674321421
10,2.0,2.9,84.2104462323
10,2.0,2.9,85.4520457126
10,2.0,2.9,86.9444645685
10,2.0,2.9,85.8284198377
10,2.0,3.0,86.9048551229
10,2.0,3.0,83.3674237922
10,2.0,3.0,81.5326133357
10,2.0,3.0,83.9197665456
10,2.0,3.0,87.5925301769
10,2.0,3.1,85.3597769343
10,2.0,3.1,85.7088347475
10,2.0,3.1,85.3643184777
10,2.0,3.1,85.8442179325
10,2.0,3.1,84.4641543215
10,2.1,2.9,89.4476981388
10,2.1,2.9,85.5393814872
10,2.1,2.9,81.0120882653
10,2.1,2.9,84.3636529736
10,2.1,2.9,86.9515960623
10,2.1,3.0,85.2112451992
10,2.1,3.0,86.1054989981
10,2.1,3.0,87.2758356015
10,2.1,3.0,90.3178593856
10,2.1,3.0,86.9784142535
10,2.1,3.1,85.6530008389
10,2.1,3.1,86.5047611306
10,2.1,3.1,84.7997070806
10,2.1,3.1,83.5336722461
10,2.1,3.1,87.259602164
10,2.2,2.9,86.4510131257
10,2.2,2.9,88.3049869121
10,2.2,2.9,85.2054801286
10,2.2,2.9,85.6115910298
10,2.2,2.9,85.5381530301
10,2.2,3.0,84.78962858
10,2.2,3.0,85.0064594071
10,2.2,3.0,84.4000788482
10,2.2,3.0,81.0682589033
10,2.2,3.0,85.8610877557
10,2.2,3.1,84.4456662372
10,2.2,3.1,87.6305219318
10,2.2,3.1,92.4657253958
10,2.2,3.1,84.3472632316
10,2.2,3.1,85.0189890127
20,2.0,2.9,68.1022999998
20,2.0,2.9,70.6198903453
20,2.0,2.9,71.6926072359
20,2.0,2.9,69.4869584498
20,2.0,2.9,68.0836057333
20,2.0,3.0,73.8613172775
20,2.0,3.0,69.1968080017
20,2.0,3.0,68.6312491885
20,2.0,3.0,69.6939764434
20,2.0,3.0,70.7331329151
20,2.0,3.1,71.5685934588
20,2.0,3.1,63.8229730873
20,2.0,3.1,71.890132742
20,2.0,3.1,70.2144768903
20,2.0,3.1,69.5216868964
20,2.1,2.9,68.8291291489
20,2.1,2.9,66.8164267157
20,2.1,2.9,66.119561946
20,2.1,2.9,73.7496794415
20,2.1,2.9,70.9343944252
20,2.1,3.0,65.9029242385
20,2.1,3.0,69.5035869456
20,2.1,3.0,65.3817655388
20,2.1,3.0,69.0262238041
20,2.1,3.0,73.7684527704
20,2.1,3.1,72.0607946627
20,2.1,3.1,66.8713841543
20,2.1,3.1,70.1763678294
20,2.1,3.1,76.5032862117
20,2.1,3.1,74.6131246942
20,2.2,2.9,71.3960023758
20,2.2,2.9,74.7923022748
20,2.2,2.9,73.3577754211
20,2.2,2.9,74.2804432339
20,2.2,2.9,67.4272109055
20,2.2,3.0,72.1624518904
20,2.2,3.0,72.2953733031
20,2.2,3.0,73.5539817984
20,2.2,3.0,67.8238999337
20,2.2,3.0,76.9272010356
20,2.2,3.1,74.7839513817
20,2.2,3.1,68.097276182
20,2.2,3.1,71.050751644
20,2.2,3.1,75.8524305779
20,2.2,3.1,73.2317545375
30,2.0,2.9,60.9771500663
30,2.0,2.9,63.5109197407
30,2.0,2.9,62.0096398526
30,2.0,2.9,64.8510503794
30,2.0,2.9,58.325304818
30,2.0,3.0,65.3367779077
30,2.0,3.0,61.2596045803
30,2.0,3.0,63.0894150355
30,2.0,3.0,62.2834226087
30,2.0,3.0,62.6614846541
30,2.0,3.1,62.052433454
30,2.0,3.1,64.6619163711
30,2.0,3.1,60.0769454822
30,2.0,3.1,60.5278792073
30,2.0,3.1,59.0808323144
30,2.1,2.9,58.7296560814
30,2.1,2.9,59.102492005
30,2.1,2.9,61.8873817654
30,2.1,2.9,68.7234584145
30,2.1,2.9,64.702884269
30,2.1,3.0,61.9166468688
30,2.1,3.0,61.2093991302
30,2.1,3.0,64.376991866
30,2.1,3.0,58.2096896062
30,2.1,3.0,55.2675800901
30,2.1,3.1,58.7133988745
30,2.1,3.1,58.3846120946
30,2.1,3.1,63.99977536
30,2.1,3.1,63.1612652694
30,2.1,3.1,63.2849738834
30,2.2,2.9,62.056577339
30,2.2,2.9,70.9821195269
30,2.2,2.9,61.7750488697
30,2.2,2.9,61.7232749573
30,2.2,2.9,61.6582030391
30,2.2,3.0,59.7658762552
30,2.2,3.0,60.2845804595
30,2.2,3.0,63.4882891825
30,2.2,3.0,60.6494384086
30,2.2,3.0,63.3453978632
30,2.2,3.1,58.1789106307
30,2.2,3.1,61.515842936
30,2.2,3.1,61.5795379659
30,2.2,3.1,61.2279753037
30,2.2,3.1,61.3028524322
1,2.0,2.9,104.440328041
1,2.0,2.9,106.549836054
1,2.0,2.9,104.574403718
1,2.0,2.9,104.963617592
1,2.0,2.9,105.211143549
1,2.0,3.0,104.559669294
1,2.0,3.0,105.000103552
1,2.0,3.0,104.362691748
1,2.0,3.0,105.418399878
1,2.0,3.0,104.665661597
1,2.0,3.1,105.136958313
1,2.0,3.1,105.150212203
1,2.0,3.1,104.228871833
1,2.0,3.1,105.365807118
1,2.0,3.1,103.843917809
1,2.1,2.9,104.10030791
1,2.1,2.9,102.692247517
1,2.1,2.9,103.497312004
1,2.1,2.9,103.427397627
1,2.1,2.9,103.533222142
1,2.1,3.0,103.710694696
1,2.1,3.0,105.327675201
1,2.1,3.0,102.755197431
1,2.1,3.0,104.040825685
1,2.1,3.0,104.751421473
1,2.1,3.1,103.643230503
1,2.1,3.1,103.702075243
1,2.1,3.1,103.006359706
1,2.1,3.1,102.521874413
1,2.1,3.1,104.163476165
1,2.2,2.9,102.326086626
1,2.2,2.9,102.519067311
1,2.2,2.9,102.625427103
1,2.2,2.9,102.716126465
1,2.2,2.9,103.149215046
1,2.2,3.0,103.207637518
1,2.2,3.0,102.776240241
1,2.2,3.0,102.942345242
1,2.2,3.0,102.513960019
1,2.2,3.0,102.62203812
1,2.2,3.1,103.138355175
1,2.2,3.1,102.816769153
1,2.2,3.1,103.089232594
1,2.2,3.1,102.605361229
1,2.2,3.1,102.963913299
5,2.0,2.9,97.1904904982
5,2.0,2.9,96.5224563387
5,2.0,2.9,98.0869039523
5,2.0,2.9,94.9645910644
5,2.0,2.9,96.0122066046
5,2.0,3.0,98.5268950056
5,2.0,3.0,93.4652424141
5,2.0,3.0,95.1784268501
5,2.0,3.0,95.1459004254
5,2.0,3.0,93.1558397171
5,2.0,3.1,97.132873311
5,2.0,3.1,96.0254849218
5,2.0,3.1,95.5811781635
5,2.0,3.1,94.3573811171
5,2.0,3.1,94.6257165107
5,2.1,2.9,94.4968825354
5,2.1,2.9,95.5204219398
5,2.1,2.9,95.2556913256
5,2.1,2.9,93.9817863491
5,2.1,2.9,97.8918807794
5,2.1,3.0,94.7147449835
5,2.1,3.0,93.460607314
5,2.1,3.0,97.6299561067
5,2.1,3.0,100.208533266
5,2.1,3.0,97.0794150941
5,2.1,3.1,97.3063001989
5,2.1,3.1,96.4432321595
5,2.1,3.1,97.0687104642
5,2.1,3.1,97.1042699159
5,2.1,3.1,94.9971840317
5,2.2,2.9,96.2553869276
5,2.2,2.9,96.190917684
5,2.2,2.9,94.9678583467
5,2.2,2.9,96.6515843026
5,2.2,2.9,99.7710825213
5,2.2,3.0,95.2481983792
5,2.2,3.0,95.5642577263
5,2.2,3.0,94.6279269062
5,2.2,3.0,94.1288365751
5,2.2,3.0,95.5388534357
5,2.2,3.1,94.3021364413
5,2.2,3.1,95.0513455421
5,2.2,3.1,95.1765698894
5,2.2,3.1,91.674584595
5,2.2,3.1,90.8379585731
10,2.0,2.9,84.8420178303
10,2.0,2.9,84.8670125527
10,2.0,2.9,85.9618621411
10,2.0,2.9,86.0567945945
10,2.0,2.9,86.3647145138
10,2.0,3.0,87.5598955415
10,2.0,3.0,84.4818197986
10,2.0,3.0,84.6723702724
10,2.0,3.0,90.4392665915
10,2.0,3.0,85.424576818
10,2.0,3.1,87.6207272155
10,2.0,3.1,83.9779019999
10,2.0,3.1,84.3471431226
10,2.0,3.1,86.0008173842
10,2.0,3.1,86.065412197
10,2.1,2.9,84.2636512991
10,2.1,2.9,83.0632858755
10,2.1,2.9,86.0678437036
10,2.1,2.9,83.1631319315
10,2.1,2.9,86.3113831034
10,2.1,3.0,84.2915407743
10,2.1,3.0,84.7528757212
10,2.1,3.0,86.3714045538
10,2.1,3.0,84.6370432208
10,2.1,3.0,83.577830953
10,2.1,3.1,83.8992093137
10,2.1,3.1,85.4594577809
10,2.1,3.1,82.0859042148
10,2.1,3.1,86.1557581085
10,2.1,3.1,85.3444532827
10,2.2,2.9,84.2408517294
10,2.2,2.9,84.3480200036
10,2.2,2.9,84.9199923166
10,2.2,2.9,89.1130413259
10,2.2,2.9,86.4675193911
10,2.2,3.0,84.7195933672
10,2.2,3.0,84.3296378882
10,2.2,3.0,86.3475912148
10,2.2,3.0,87.2587070043
10,2.2,3.0,85.2693701723
10,2.2,3.1,84.8691561392
10,2.2,3.1,86.127785827
10,2.2,3.1,85.4795197544
10,2.2,3.1,85.6431264625
10,2.2,3.1,87.0642195721
20,2.0,2.9,67.4380353877
20,2.0,2.9,72.5282732762
20,2.0,2.9,71.0809259233
20,2.0,2.9,76.0014987068
20,2.0,2.9,73.5044775492
20,2.0,3.0,67.6369602273
20,2.0,3.0,73.2629376848
20,2.0,3.0,67.5933877557
20,2.0,3.0,68.5633495718
20,2.0,3.0,73.5609490876
20,2.0,3.1,64.8319590308
20,2.0,3.1,68.3911510811
20,2.0,3.1,73.3087001587
20,2.0,3.1,69.5193583501
20,2.0,3.1,70.6483842947
20,2.1,2.9,71.4374161095
20,2.1,2.9,74.3519953618
20,2.1,2.9,72.7155975815
20,2.1,2.9,71.8102583907
20,2.1,2.9,70.5372562526
20,2.1,3.0,72.7984953507
20,2.1,3.0,68.5049350998
20,2.1,3.0,68.6815086905
20,2.1,3.0,70.3663478091
20,2.1,3.0,69.8418421415
20,2.1,3.1,67.307757484
20,2.1,3.1,71.4503921779
20,2.1,3.1,70.3263635611
20,2.1,3.1,70.9386493426
20,2.1,3.1,70.2527965914
20,2.2,2.9,70.8616836802
20,2.2,2.9,70.9972189774
20,2.2,2.9,74.3532116469
20,2.2,2.9,70.2903507105
20,2.2,2.9,74.0981288142
20,2.2,3.0,75.1985674139
20,2.2,3.0,69.1723940582
20,2.2,3.0,74.9888386332
20,2.2,3.0,76.63347568
20,2.2,3.0,71.0884392915
20,2.2,3.1,68.1019920587
20,2.2,3.1,73.7482046197
20,2.2,3.1,69.2353996934
20,2.2,3.1,72.8196889093
20,2.2,3.1,66.5126925307
30,2.0,2.9,56.0193771463
30,2.0,2.9,63.6037831376
30,2.0,2.9,61.1285811348
30,2.0,2.9,63.8776599315
30,2.0,2.9,64.328050974
30,2.0,3.0,60.9745936782
30,2.0,3.0,62.8170024572
30,2.0,3.0,61.8018047104
30,2.0,3.0,63.0025687455
30,2.0,3.0,59.0355937775
30,2.0,3.1,64.197927936
30,2.0,3.1,62.6095383434
30,2.0,3.1,62.3990334646
30,2.0,3.1,56.2366324142
30,2.0,3.1,62.5793341455
30,2.1,2.9,60.1862053575
30,2.1,2.9,62.6076173069
30,2.1,2.9,69.5368264335
30,2.1,2.9,59.6740504421
30,2.1,2.9,60.3937618227
30,2.1,3.0,63.5241947763
30,2.1,3.0,65.5416863499
30,2.1,3.0,59.2913047844
30,2.1,3.0,64.2114959629
30,2.1,3.0,58.0612694249
30,2.1,3.1,57.2286399931
30,2.1,3.1,60.5524295439
30,2.1,3.1,62.4817077554
30,2.1,3.1,62.65760346
30,2.1,3.1,63.7338903794
30,2.2,2.9,65.5641422519
30,2.2,2.9,61.2421264357
30,2.2,2.9,62.8310700395
30,2.2,2.9,66.2874097795
30,2.2,2.9,63.4054136024
30,2.2,3.0,63.7195706462
30,2.2,3.0,64.2893425237
30,2.2,3.0,62.0031410826
30,2.2,3.0,63.0889818394
30,2.2,3.0,61.7396783484
30,2.2,3.1,62.7429825065
30,2.2,3.1,66.7003113135
30,2.2,3.1,65.3758894312
30,2.2,3.1,62.6998191356
30,2.2,3.1,64.5620056654
1,2.0,2.8,105.481894643
1,2.0,2.8,104.703247957
1,2.0,2.8,104.371878662
1,2.0,2.8,104.50849592
1,2.0,2.8,106.834743569
1,2.0,2.9,105.64871274
1,2.0,2.9,104.547897262
1,2.0,2.9,105.052328885
1,2.0,2.9,105.395218473
1,2.0,2.9,104.27043322
1,2.0,3.0,103.990618968
1,2.0,3.0,105.21204023
1,2.0,3.0,104.653499792
1,2.0,3.0,105.22747746
1,2.0,3.0,104.690333913
1,2.1,2.8,104.274853511
1,2.1,2.8,103.568960525
1,2.1,2.8,104.631985061
1,2.1,2.8,103.507199358
1,2.1,2.8,104.367909308
1,2.1,2.9,102.881614727
1,2.1,2.9,103.686622875
1,2.1,2.9,104.399629027
1,2.1,2.9,104.14501531
1,2.1,2.9,104.758515442
1,2.1,3.0,103.538173154
1,2.1,3.0,103.258494152
1,2.1,3.0,104.339354774
1,2.1,3.0,103.610865135
1,2.1,3.0,102.60888358
1,2.2,2.8,102.147407336
1,2.2,2.8,102.530048714
1,2.2,2.8,102.290018728
1,2.2,2.8,102.537677978
1,2.2,2.8,103.686351472
1,2.2,2.9,102.039389073
1,2.2,2.9,103.83177926
1,2.2,2.9,101.986868602
1,2.2,2.9,102.585246742
1,2.2,2.9,102.276176331
1,2.2,3.0,102.374193897
1,2.2,3.0,102.229914921
1,2.2,3.0,101.912652826
1,2.2,3.0,102.511431246
1,2.2,3.0,102.791142455
5,2.0,2.8,97.1131257766
5,2.0,2.8,94.6583279152
5,2.0,2.8,97.638463671
5,2.0,2.8,97.7256017987
5,2.0,2.8,97.9707570871
5,2.0,2.9,96.6509054802
5,2.0,2.9,99.0732527994
5,2.0,2.9,92.7178100926
5,2.0,2.9,95.2705400908
5,2.0,2.9,97.490044914
5,2.0,3.0,98.2684747768
5,2.0,3.0,96.5507279641
5,2.0,3.0,97.9670928475
5,2.0,3.0,97.8052196283
5,2.0,3.0,97.4357909897
5,2.1,2.8,97.8804781571
5,2.1,2.8,97.6976728878
5,2.1,2.8,96.2669802284
5,2.1,2.8,95.6313860236
5,2.1,2.8,96.4801869735
5,2.1,2.9,92.7745916116
5,2.1,2.9,95.1622902552
5,2.1,2.9,91.7499313639
5,2.1,2.9,98.057304806
5,2.1,2.9,97.4691693532
5,2.1,3.0,94.6178400788
5,2.1,3.0,95.3348316945
5,2.1,3.0,94.9235475144
5,2.1,3.0,96.5543545691
5,2.1,3.0,93.9782863857
5,2.2,2.8,94.3170242674
5,2.2,2.8,95.1996896822
5,2.2,2.8,96.7106169055
5,2.2,2.8,93.2737888051
5,2.2,2.8,98.1446613595
5,2.2,2.9,97.0169758252
5,2.2,2.9,99.2231143847
5,2.2,2.9,93.1165461855
5,2.2,2.9,95.932891216
5,2.2,2.9,95.224308362
5,2.2,3.0,91.0401231377
5,2.2,3.0,93.9619575111
5,2.2,3.0,95.5033148602
5,2.2,3.0,97.1985577452
5,2.2,3.0,92.1371312191
10,2.0,2.8,86.6991844601
10,2.0,2.8,84.522669569
10,2.0,2.8,83.8145744342
10,2.0,2.8,81.3735076412
10,2.0,2.8,84.6998097163
10,2.0,2.9,84.0958538635
10,2.0,2.9,82.0856277003
10,2.0,2.9,83.1283134371
10,2.0,2.9,88.1619658045
10,2.0,2.9,83.4122327689
10,2.0,3.0,86.8572353214
10,2.0,3.0,84.2499105082
10,2.0,3.0,85.4541083461
10,2.0,3.0,83.4864070084
10,2.0,3.0,82.4360660066
10,2.1,2.8,81.0307366025
10,2.1,2.8,88.2838131788
10,2.1,2.8,82.8922304172
10,2.1,2.8,85.3749493382
10,2.1,2.8,89.3368280728
10,2.1,2.9,88.5299570253
10,2.1,2.9,83.0618263802
10,2.1,2.9,84.4809447015
10,2.1,2.9,88.452462615
10,2.1,2.9,85.2902869057
10,2.1,3.0,83.0687729262
10,2.1,3.0,82.6730881853
10,2.1,3.0,85.9817748033
10,2.1,3.0,85.2888539514
10,2.1,3.0,86.5803815848
10,2.2,2.8,83.0642557671
10,2.2,2.8,85.4822977785
10,2.2,2.8,82.7366897815
10,2.2,2.8,86.1683229994
10,2.2,2.8,90.5765429882
10,2.2,2.9,86.0858568619
10,2.2,2.9,87.9063506583
10,2.2,2.9,87.5798508241
10,2.2,2.9,85.958765695
10,2.2,2.9,85.8726756337
10,2.2,3.0,81.4995153633
10,2.2,3.0,86.5634819378
10,2.2,3.0,86.7573596125
10,2.2,3.0,86.5085700193
10,2.2,3.0,84.3219206667
20,2.0,2.8,72.9124495074
20,2.0,2.8,73.8752901259
20,2.0,2.8,69.4844197002
20,2.0,2.8,72.6866001463
20,2.0,2.8,72.2773435568
20,2.0,2.9,72.8840154768
20,2.0,2.9,70.3596732091
20,2.0,2.9,71.7867275655
20,2.0,2.9,74.5940890868
20,2.0,2.9,72.4794605094
20,2.0,3.0,74.3076478632
20,2.0,3.0,74.6336116519
20,2.0,3.0,68.1463580774
20,2.0,3.0,70.6284485063
20,2.0,3.0,69.644023266
20,2.1,2.8,70.2127515363
20,2.1,2.8,71.0417143144
20,2.1,2.8,74.5686603132
20,2.1,2.8,72.8416079693
20,2.1,2.8,71.5638346705
20,2.1,2.9,70.2158756086
20,2.1,2.9,71.6828589799
20,2.1,2.9,66.9226007307
20,2.1,2.9,68.3826941109
20,2.1,2.9,72.5935025924
20,2.1,3.0,73.3108854175
20,2.1,3.0,68.961575512
20,2.1,3.0,74.2800077202
20,2.1,3.0,68.1158660105
20,2.1,3.0,75.6540543737
20,2.2,2.8,68.148527938
20,2.2,2.8,72.5525033851
20,2.2,2.8,66.8967968679
20,2.2,2.8,69.2608012186
20,2.2,2.8,66.8475442857
20,2.2,2.9,76.2290202721
20,2.2,2.9,71.7008719804
20,2.2,2.9,72.1339937028
20,2.2,2.9,73.0681687984
20,2.2,2.9,69.1523422276
20,2.2,3.0,73.2877699713
20,2.2,3.0,70.5020164347
20,2.2,3.0,74.8200275771
20,2.2,3.0,75.2060890198
20,2.2,3.0,72.0011721436
30,2.0,2.8,59.9514483063
30,2.0,2.8,61.3828814483
30,2.0,2.8,60.5033525277
30,2.0,2.8,61.9347583277
30,2.0,2.8,63.8384187161
30,2.0,2.9,63.8893251289
30,2.0,2.9,63.7567466753
30,2.0,2.9,60.9106766682
30,2.0,2.9,60.7861462913
30,2.0,2.9,62.8659350438
30,2.0,3.0,57.1466536068
30,2.0,3.0,59.709011525
30,2.0,3.0,62.1678162204
30,2.0,3.0,61.118148805
30,2.0,3.0,58.8410746706
30,2.1,2.8,60.3449692724
30,2.1,2.8,63.2563176194
30,2.1,2.8,66.1677013731
30,2.1,2.8,60.2031947523
30,2.1,2.8,61.8018017492
30,2.1,2.9,61.2936837908
30,2.1,2.9,61.1217111208
30,2.1,2.9,65.3377590052
30,2.1,2.9,59.5178737385
30,2.1,2.9,69.1722052224
30,2.1,3.0,63.4099365849
30,2.1,3.0,64.0446983139
30,2.1,3.0,60.3765599148
30,2.1,3.0,63.4081918868
30,2.1,3.0,60.5295805378
30,2.2,2.8,65.334797613
30,2.2,2.8,63.4201842515
30,2.2,2.8,61.2220555165
30,2.2,2.8,59.9096335128
30,2.2,2.8,59.6787043894
30,2.2,2.9,64.3355874721
30,2.2,2.9,65.6698946958
30,2.2,2.9,61.048338279
30,2.2,2.9,65.3971857657
30,2.2,2.9,61.5328347616
30,2.2,3.0,59.0719787261
30,2.2,3.0,63.3409350568
30,2.2,3.0,63.0198256522
30,2.2,3.0,60.047577778
30,2.2,3.0,62.7973832854
1,2.0,2.8,104.78226558
1,2.0,2.8,105.039495967
1,2.0,2.8,104.400297233
1,2.0,2.8,107.312310934
1,2.0,2.8,105.43040511
1,2.0,2.9,104.278362442
1,2.0,2.9,106.147093103
1,2.0,2.9,104.217556422
1,2.0,2.9,106.184713239
1,2.0,2.9,106.777674168
1,2.0,3.0,104.539693292
1,2.0,3.0,104.43095904
1,2.0,3.0,104.809597426
1,2.0,3.0,105.259190696
1,2.0,3.0,105.736895617
1,2.1,2.8,103.76173522
1,2.1,2.8,103.847883528
1,2.1,2.8,102.543478657
1,2.1,2.8,104.350474762
1,2.1,2.8,103.427462022
1,2.1,2.9,104.595590376
1,2.1,2.9,103.503360446
1,2.1,2.9,103.675662713
1,2.1,2.9,103.489225048
1,2.1,2.9,104.069117651
1,2.1,3.0,103.584563668
1,2.1,3.0,104.033763157
1,2.1,3.0,103.508982394
1,2.1,3.0,104.039796105
1,2.1,3.0,104.346981337
1,2.2,2.8,102.634663989
1,2.2,2.8,102.862762124
1,2.2,2.8,102.299810243
1,2.2,2.8,102.227492206
1,2.2,2.8,102.182284038
1,2.2,2.9,102.559321277
1,2.2,2.9,102.070638347
1,2.2,2.9,102.949396698
1,2.2,2.9,103.603416264
1,2.2,2.9,101.663100495
1,2.2,3.0,101.847386384
1,2.2,3.0,102.79609087
1,2.2,3.0,101.50837382
1,2.2,3.0,101.943467861
1,2.2,3.0,102.426123006
5,2.0,2.8,94.1429585624
5,2.0,2.8,95.3030983648
5,2.0,2.8,95.4545047661
5,2.0,2.8,96.5132335326
5,2.0,2.8,94.60177572
5,2.0,2.9,97.3082870627
5,2.0,2.9,95.1313405618
5,2.0,2.9,92.9501773859
5,2.0,2.9,95.0503777123
5,2.0,2.9,96.7626855417
5,2.0,3.0,97.6552056767
5,2.0,3.0,95.0115652338
5,2.0,3.0,94.3113056147
5,2.0,3.0,95.0780574444
5,2.0,3.0,95.2874005196
5,2.1,2.8,97.4276446024
5,2.1,2.8,95.6517378333
5,2.1,2.8,98.5845586254
5,2.1,2.8,94.5871889761
5,2.1,2.8,97.2175249861
5,2.1,2.9,96.5377974998
5,2.1,2.9,94.2796231683
5,2.1,2.9,96.5329276922
5,2.1,2.9,92.9372080037
5,2.1,2.9,97.285085295
5,2.1,3.0,98.9924063521
5,2.1,3.0,93.3340556776
5,2.1,3.0,94.8542310272
5,2.1,3.0,99.3046612086
5,2.1,3.0,96.9350011139
5,2.2,2.8,93.72481908
5,2.2,2.8,95.7865377367
5,2.2,2.8,94.0413997801
5,2.2,2.8,95.8131653179
5,2.2,2.8,94.4830057223
5,2.2,2.9,93.7244570065
5,2.2,2.9,96.3012489902
5,2.2,2.9,94.2393997504
5,2.2,2.9,95.18293615
5,2.2,2.9,94.7817608163
5,2.2,3.0,94.9422951621
5,2.2,3.0,95.4318501075
5,2.2,3.0,95.9200174527
5,2.2,3.0,95.9061250598
5,2.2,3.0,97.8206089937
10,2.0,2.8,86.7200606825
10,2.0,2.8,85.44593389
10,2.0,2.8,87.3211994041
10,2.0,2.8,84.2431020573
10,2.0,2.8,88.0463211881
10,2.0,2.9,83.4800236766
10,2.0,2.9,84.1346978124
10,2.0,2.9,86.5445286878
10,2.0,2.9,84.84374995
10,2.0,2.9,84.2527126634
10,2.0,3.0,86.9625377115
10,2.0,3.0,90.3107771832
10,2.0,3.0,79.9274987503
10,2.0,3.0,89.0833994767
10,2.0,3.0,85.4379989529
10,2.1,2.8,81.6355342444
10,2.1,2.8,86.2404801676
10,2.1,2.8,84.9437255492
10,2.1,2.8,85.3640070573
10,2.1,2.8,86.1858995788
10,2.1,2.9,85.5255451274
10,2.1,2.9,81.9545963885
10,2.1,2.9,81.725113412
10,2.1,2.9,84.518727359
10,2.1,2.9,81.8492724817
10,2.1,3.0,83.1869704476
10,2.1,3.0,85.9382917695
10,2.1,3.0,89.4488734159
10,2.1,3.0,86.3217514361
10,2.1,3.0,84.2513585516
10,2.2,2.8,87.9189959703
10,2.2,2.8,84.8742943381
10,2.2,2.8,82.2597110503
10,2.2,2.8,82.4649274351
10,2.2,2.8,85.1138266251
10,2.2,2.9,86.4625359975
10,2.2,2.9,87.9994438753
10,2.2,2.9,83.2367410434
10,2.2,2.9,83.5936580249
10,2.2,2.9,88.6347983315
10,2.2,3.0,87.4020998902
10,2.2,3.0,83.2145389961
10,2.2,3.0,86.7791753348
10,2.2,3.0,84.7766962996
10,2.2,3.0,83.2941265195
20,2.0,2.8,72.0482262943
20,2.0,2.8,70.3290082929
20,2.0,2.8,70.0941723314
20,2.0,2.8,74.5324649153
20,2.0,2.8,70.3069022185
20,2.0,2.9,72.2482939474
20,2.0,2.9,66.9815751125
20,2.0,2.9,71.5905031125
20,2.0,2.9,69.545468385
20,2.0,2.9,76.9651043516
20,2.0,3.0,71.9527928259
20,2.0,3.0,67.3849152022
20,2.0,3.0,71.2092082758
20,2.0,3.0,71.1772359634
20,2.0,3.0,71.4391046618
20,2.1,2.8,69.2468855504
20,2.1,2.8,68.4579871383
20,2.1,2.8,73.0532232839
20,2.1,2.8,72.0436101277
20,2.1,2.8,70.0973090767
20,2.1,2.9,68.8859991009
20,2.1,2.9,71.5608230728
20,2.1,2.9,74.9368814775
20,2.1,2.9,71.9488247171
20,2.1,2.9,69.2470364432
20,2.1,3.0,67.6128724445
20,2.1,3.0,67.6328774701
20,2.1,3.0,70.6426548936
20,2.1,3.0,77.4356095951
20,2.1,3.0,67.7453127021
20,2.2,2.8,74.8001323326
20,2.2,2.8,69.3758063642
20,2.2,2.8,69.8007684883
20,2.2,2.8,72.4893297724
20,2.2,2.8,72.8649826194
20,2.2,2.9,73.3216717543
20,2.2,2.9,74.4670618953
20,2.2,2.9,72.1349457934
20,2.2,2.9,73.68547119
20,2.2,2.9,74.414318879
20,2.2,3.0,69.9573263303
20,2.2,3.0,72.4440437485
20,2.2,3.0,70.6885725025
20,2.2,3.0,72.7544964272
20,2.2,3.0,73.7211869866
30,2.0,2.8,63.0069224945
30,2.0,2.8,57.692420084
30,2.0,2.8,62.4946010114
30,2.0,2.8,61.9316354774
30,2.0,2.8,64.080701532
30,2.0,2.9,64.4822946674
30,2.0,2.9,68.1840821496
30,2.0,2.9,63.1367155755
30,2.0,2.9,62.4729030913
30,2.0,2.9,63.0948814961
30,2.0,3.0,63.7634917336
30,2.0,3.0,60.8440652433
30,2.0,3.0,64.3077622761
30,2.0,3.0,61.841069641
30,2.0,3.0,61.0228623125
30,2.1,2.8,66.7500981346
30,2.1,2.8,59.2250570059
30,2.1,2.8,58.695290257
30,2.1,2.8,61.2038749008
30,2.1,2.8,63.7463073253
30,2.1,2.9,66.8799354848
30,2.1,2.9,61.0425979979
30,2.1,2.9,63.1256016369
30,2.1,2.9,57.2990585083
30,2.1,2.9,64.1987067084
30,2.1,3.0,63.9171143617
30,2.1,3.0,67.2044223379
30,2.1,3.0,61.3569275856
30,2.1,3.0,65.0070376045
30,2.1,3.0,62.599732292
30,2.2,2.8,62.7084091341
30,2.2,2.8,61.9317232538
30,2.2,2.8,65.1310487733
30,2.2,2.8,66.3550633839
30,2.2,2.8,64.1241751378
30,2.2,2.9,63.9102209955
30,2.2,2.9,62.5718091154
30,2.2,2.9,65.2563095193
30,2.2,2.9,64.5393417223
30,2.2,2.9,63.9196315967
30,2.2,3.0,62.6751939477
30,2.2,3.0,62.7725095969
30,2.2,3.0,58.753446371
30,2.2,3.0,61.0293209286
30,2.2,3.0,57.6297678776
1,2.2,2.8,102.949937649
1,2.2,2.8,102.776666018
1,2.2,2.8,102.885702461
1,2.2,2.8,104.240830482
1,2.2,2.8,102.532199205
1,2.2,2.9,102.330066923
1,2.2,2.9,102.612971492
1,2.2,2.9,103.240862826
1,2.2,2.9,103.087240348
1,2.2,2.9,103.249684144
1,2.2,3.0,102.631823862
1,2.2,3.0,102.427585979
1,2.2,3.0,101.251051177
1,2.2,3.0,101.59549859
1,2.2,3.0,101.830004217
1,2.3,2.8,102.115393938
1,2.3,2.8,101.185732423
1,2.3,2.8,101.225136567
1,2.3,2.8,101.953818349
1,2.3,2.8,102.318826241
1,2.3,2.9,100.317829686
1,2.3,2.9,102.355935874
1,2.3,2.9,101.131248664
1,2.3,2.9,100.655536187
1,2.3,2.9,102.033368928
1,2.3,3.0,102.200304017
1,2.3,3.0,101.304088016
1,2.3,3.0,101.270588001
1,2.3,3.0,101.289590782
1,2.3,3.0,101.376825045
1,2.4,2.8,100.411040823
1,2.4,2.8,100.193494487
1,2.4,2.8,99.8284852887
1,2.4,2.8,100.813251533
1,2.4,2.8,100.235129265
1,2.4,2.9,99.8917748881
1,2.4,2.9,98.7888610596
1,2.4,2.9,100.243302189
1,2.4,2.9,100.129069468
1,2.4,2.9,99.9703945135
1,2.4,3.0,100.154497048
1,2.4,3.0,99.5135088724
1,2.4,3.0,100.249592083
1,2.4,3.0,100.252638587
1,2.4,3.0,99.6052965761
5,2.2,2.8,94.6874710394
5,2.2,2.8,97.1680190609
5,2.2,2.8,94.4915589567
5,2.2,2.8,97.1213964455
5,2.2,2.8,94.9891991031
5,2.2,2.9,96.20873495
5,2.2,2.9,96.4212409655
5,2.2,2.9,98.7884215454
5,2.2,2.9,96.3985173696
5,2.2,2.9,100.003585051
5,2.2,3.0,93.9761519346
5,2.2,3.0,96.8659678817
5,2.2,3.0,94.3741822513
5,2.2,3.0,92.750225581
5,2.2,3.0,98.7180175983
5,2.3,2.8,94.1834628464
5,2.3,2.8,96.0386784224
5,2.3,2.8,96.2920825164
5,2.3,2.8,97.9772430459
5,2.3,2.8,98.2558626725
5,2.3,2.9,96.4376272531
5,2.3,2.9,95.8045738977
5,2.3,2.9,90.9141039203
5,2.3,2.9,92.9479492365
5,2.3,2.9,92.030247643
5,2.3,3.0,96.0636906639
5,2.3,3.0,94.4548344812
5,2.3,3.0,92.2833105547
5,2.3,3.0,96.3457375476
5,2.3,3.0,92.776855522
5,2.4,2.8,93.565930204
5,2.4,2.8,89.8171855111
5,2.4,2.8,93.9491629184
5,2.4,2.8,94.3590904061
5,2.4,2.8,99.7772001898
5,2.4,2.9,93.8494852486
5,2.4,2.9,97.1173349229
5,2.4,2.9,94.821006511
5,2.4,2.9,95.6476511969
5,2.4,2.9,94.7654120238
5,2.4,3.0,94.7536461906
5,2.4,3.0,93.6425196745
5,2.4,3.0,95.3476312959
5,2.4,3.0,90.197499131
5,2.4,3.0,94.5814711656
10,2.2,2.8,88.2062557862
10,2.2,2.8,82.7584722465
10,2.2,2.8,87.1427648206
10,2.2,2.8,82.5460887547
10,2.2,2.8,88.5273163334
10,2.2,2.9,84.1843767615
10,2.2,2.9,86.297426724
10,2.2,2.9,86.7964263241
10,2.2,2.9,80.6072385613
10,2.2,2.9,87.1954202792
10,2.2,3.0,89.4075788272
10,2.2,3.0,82.0797242795
10,2.2,3.0,83.7796178658
10,2.2,3.0,86.3538764217
10,2.2,3.0,83.3978142372
10,2.3,2.8,84.9213208133
10,2.3,2.8,87.7479580412
10,2.3,2.8,85.7844796196
10,2.3,2.8,86.4580726497
10,2.3,2.8,83.6013166546
10,2.3,2.9,85.8013006307
10,2.3,2.9,84.5775936694
10,2.3,2.9,85.3857183086
10,2.3,2.9,90.4147184527
10,2.3,2.9,87.0809279732
10,2.3,3.0,87.0840708812
10,2.3,3.0,84.1488334944
10,2.3,3.0,87.5836114302
10,2.3,3.0,85.4256519041
10,2.3,3.0,85.4880184453
10,2.4,2.8,86.5861630831
10,2.4,2.8,85.3601903145
10,2.4,2.8,82.6590187343
10,2.4,2.8,82.8604376751
10,2.4,2.8,89.5458388512
10,2.4,2.9,81.9297301509
10,2.4,2.9,81.414099749
10,2.4,2.9,87.6429912041
10,2.4,2.9,87.7450724059
10,2.4,2.9,82.9281806942
10,2.4,3.0,89.2398824791
10,2.4,3.0,86.1417947413
10,2.4,3.0,89.1398158763
10,2.4,3.0,89.3650780395
10,2.4,3.0,86.5701322694
20,2.2,2.8,70.8510965394
20,2.2,2.8,68.3582226802
20,2.2,2.8,68.6794364146
20,2.2,2.8,71.0246534847
20,2.2,2.8,74.6051829758
20,2.2,2.9,72.535913748
20,2.2,2.9,70.1255810871
20,2.2,2.9,69.1288220029
20,2.2,2.9,72.747026434
20,2.2,2.9,72.9994142912
20,2.2,3.0,68.7918274679
20,2.2,3.0,71.9379972126
20,2.2,3.0,69.4081801637
20,2.2,3.0,69.8228108038
20,2.2,3.0,70.9158848451
20,2.3,2.8,68.7247574455
20,2.3,2.8,72.3530219382
20,2.3,2.8,72.2903437646
20,2.3,2.8,73.5902042283
20,2.3,2.8,69.2807192911
20,2.3,2.9,77.4831764121
20,2.3,2.9,74.550322594
20,2.3,2.9,72.6478576062
20,2.3,2.9,71.5929703278
20,2.3,2.9,72.5576912745
20,2.3,3.0,68.3679250297
20,2.3,3.0,68.3284482478
20,2.3,3.0,70.9018582613
20,2.3,3.0,76.0859862605
20,2.3,3.0,71.2654387207
20,2.4,2.8,73.3915516997
20,2.4,2.8,73.3447972257
20,2.4,2.8,68.2812589165
20,2.4,2.8,71.0915748021
20,2.4,2.8,70.5951224649
20,2.4,2.9,73.8521979992
20,2.4,2.9,74.4940131002
20,2.4,2.9,73.959839472
20,2.4,2.9,68.0828876104
20,2.4,2.9,65.0066270237
20,2.4,3.0,73.781644898
20,2.4,3.0,69.1219402519
20,2.4,3.0,70.0962835652
20,2.4,3.0,71.3409481969
20,2.4,3.0,68.9783837829
30,2.2,2.8,66.24519663
30,2.2,2.8,64.0561232039
30,2.2,2.8,62.5455397794
30,2.2,2.8,62.1183842813
30,2.2,2.8,64.1880410951
30,2.2,2.9,67.8076360591
30,2.2,2.9,60.9706241815
30,2.2,2.9,62.3861699732
30,2.2,2.9,62.432493629
30,2.2,2.9,61.3358809857
30,2.2,3.0,60.3405904218
30,2.2,3.0,59.8585045534
30,2.2,3.0,66.1979247229
30,2.2,3.0,59.1309079213
30,2.2,3.0,62.7205061298
30,2.3,2.8,62.4497635617
30,2.3,2.8,62.8872462792
30,2.3,2.8,62.5214130941
30,2.3,2.8,62.853764336
30,2.3,2.8,62.5275132059
30,2.3,2.9,60.5412201102
30,2.3,2.9,57.0888031164
30,2.3,2.9,59.1528403514
30,2.3,2.9,63.6386838368
30,2.3,2.9,63.4946061685
30,2.3,3.0,59.8891150886
30,2.3,3.0,62.3433450105
30,2.3,3.0,63.4408890966
30,2.3,3.0,60.3555963316
30,2.3,3.0,68.938599599
30,2.4,2.8,65.6123818655
30,2.4,2.8,58.7895652322
30,2.4,2.8,63.1844505094
30,2.4,2.8,62.0388899079
30,2.4,2.8,61.6403015246
30,2.4,2.9,62.8621672406
30,2.4,2.9,59.8897110209
30,2.4,2.9,60.9129551244
30,2.4,2.9,62.8708577807
30,2.4,2.9,65.1565514883
30,2.4,3.0,64.3683905323
30,2.4,3.0,60.4692256186
30,2.4,3.0,62.4760805085
30,2.4,3.0,64.2085898056
30,2.4,3.0,60.2621796289
1,2.2,2.8,102.668973281
1,2.2,2.8,103.12293791
1,2.2,2.8,102.330462106
1,2.2,2.8,102.956433621
1,2.2,2.8,102.705308125
1,2.2,2.9,101.528402252
1,2.2,2.9,103.113491027
1,2.2,2.9,102.688408592
1,2.2,2.9,102.709255606
1,2.2,2.9,102.902769236
1,2.2,3.0,104.063617291
1,2.2,3.0,102.834934557
1,2.2,3.0,102.660492737
1,2.2,3.0,102.884114661
1,2.2,3.0,101.673203702
1,2.3,2.8,101.724335227
1,2.3,2.8,101.30635412
1,2.3,2.8,101.930366508
1,2.3,2.8,102.679519762
1,2.3,2.8,102.470811751
1,2.3,2.9,101.538459293
1,2.3,2.9,101.22571278
1,2.3,2.9,101.833154611
1,2.3,2.9,100.16215446
1,2.3,2.9,101.164573248
1,2.3,3.0,101.30967319
1,2.3,3.0,100.872933701
1,2.3,3.0,101.062304748
1,2.3,3.0,101.547805402
1,2.3,3.0,100.856435201
1,2.4,2.8,100.431879858
1,2.4,2.8,100.433582087
1,2.4,2.8,100.792126822
1,2.4,2.8,99.4062157431
1,2.4,2.8,101.705908179
1,2.4,2.9,99.8930904791
1,2.4,2.9,99.2820183792
1,2.4,2.9,100.731761407
1,2.4,2.9,100.287011353
1,2.4,2.9,100.587927267
1,2.4,3.0,100.48087809
1,2.4,3.0,100.498919166
1,2.4,3.0,100.336699937
1,2.4,3.0,100.194171478
1,2.4,3.0,100.65355249
5,2.2,2.8,97.0748848948
5,2.2,2.8,96.8174296446
5,2.2,2.8,94.2231999267
5,2.2,2.8,95.8455612012
5,2.2,2.8,94.2071004658
5,2.2,2.9,92.6751551033
5,2.2,2.9,98.1917623344
5,2.2,2.9,98.1651755983
5,2.2,2.9,96.3988420816
5,2.2,2.9,95.8740621774
5,2.2,3.0,96.2785400359
5,2.2,3.0,95.4060025955
5,2.2,3.0,94.3570388133
5,2.2,3.0,98.9383063735
5,2.2,3.0,94.8122052321
5,2.3,2.8,95.8450202762
5,2.3,2.8,96.8661353918
5,2.3,2.8,95.1496378573
5,2.3,2.8,95.4309330806
5,2.3,2.8,97.2766296899
5,2.3,2.9,91.7955887955
5,2.3,2.9,92.9937842053
5,2.3,2.9,95.2591524
5,2.3,2.9,96.1980942629
5,2.3,2.9,93.0070607982
5,2.3,3.0,95.4476842717
5,2.3,3.0,92.0344139796
5,2.3,3.0,94.3171730555
5,2.3,3.0,92.9054787744
5,2.3,3.0,95.8711988195
5,2.4,2.8,94.140197783
5,2.4,2.8,95.2161307768
5,2.4,2.8,96.1271188493
5,2.4,2.8,93.4983424383
5,2.4,2.8,92.1582322804
5,2.4,2.9,95.2389288581
5,2.4,2.9,92.8647900223
5,2.4,2.9,93.4801842166
5,2.4,2.9,92.8219228494
5,2.4,2.9,97.2860562948
5,2.4,3.0,92.100509737
5,2.4,3.0,94.425463244
5,2.4,3.0,95.8216530522
5,2.4,3.0,94.4861031875
5,2.4,3.0,92.828520762
10,2.2,2.8,85.0664810966
10,2.2,2.8,84.0569000672
10,2.2,2.8,81.6627625828
10,2.2,2.8,83.9095782197
10,2.2,2.8,87.5352016027
10,2.2,2.9,83.8332997406
10,2.2,2.9,89.6127416282
10,2.2,2.9,86.4689769381
10,2.2,2.9,84.8941143673
10,2.2,2.9,85.8474915982
10,2.2,3.0,85.7644859206
10,2.2,3.0,85.8687814659
10,2.2,3.0,83.0874918103
10,2.2,3.0,85.0572611161
10,2.2,3.0,85.9743737566
10,2.3,2.8,86.3923815488
10,2.3,2.8,88.1426922442
10,2.3,2.8,83.6795969894
10,2.3,2.8,86.7009140441
10,2.3,2.8,85.5699122997
10,2.3,2.9,88.0365928842
10,2.3,2.9,81.9788885269
10,2.3,2.9,82.3022847652
10,2.3,2.9,88.790167923
10,2.3,2.9,87.6580508945
10,2.3,3.0,85.5228911693
10,2.3,3.0,80.4204088531
10,2.3,3.0,89.3457028073
10,2.3,3.0,88.8016876553
10,2.3,3.0,84.7038689666
10,2.4,2.8,85.7196559933
10,2.4,2.8,86.6304501599
10,2.4,2.8,85.6303697855
10,2.4,2.8,89.7944202557
10,2.4,2.8,82.8917764467
10,2.4,2.9,85.4365195811
10,2.4,2.9,83.8451438359
10,2.4,2.9,83.3399562614
10,2.4,2.9,82.0268424281
10,2.4,2.9,86.380287667
10,2.4,3.0,86.1768258987
10,2.4,3.0,85.3862969965
10,2.4,3.0,90.1150978648
10,2.4,3.0,85.2721647362
10,2.4,3.0,86.636704714
20,2.2,2.8,68.9797464668
20,2.2,2.8,71.7011068291
20,2.2,2.8,70.6613414567
20,2.2,2.8,73.4929353624
20,2.2,2.8,70.5815587925
20,2.2,2.9,67.9843791207
20,2.2,2.9,71.0959816127
20,2.2,2.9,73.9307743876
20,2.2,2.9,82.4732457838
20,2.2,2.9,71.2634215197
20,2.2,3.0,71.7406423748
20,2.2,3.0,72.1569861323
20,2.2,3.0,71.9701668646
20,2.2,3.0,67.6940256781
20,2.2,3.0,78.3320939758
20,2.3,2.8,72.2529739467
20,2.3,2.8,72.0738580836
20,2.3,2.8,70.8883845951
20,2.3,2.8,71.7563509091
20,2.3,2.8,72.2492071319
20,2.3,2.9,75.1147183729
20,2.3,2.9,73.0459821362
20,2.3,2.9,71.2847004293
20,2.3,2.9,71.5296020665
20,2.3,2.9,68.6126658911
20,2.3,3.0,74.008853108
20,2.3,3.0,69.6356625192
20,2.3,3.0,70.9754386693
20,2.3,3.0,70.6988184414
20,2.3,3.0,71.9265108664
20,2.4,2.8,70.08971825
20,2.4,2.8,70.8617165032
20,2.4,2.8,70.1450622264
20,2.4,2.8,68.1773823793
20,2.4,2.8,70.9691501562
20,2.4,2.9,73.9373902
20,2.4,2.9,68.7741785778
20,2.4,2.9,72.7793337147
20,2.4,2.9,73.4852208976
20,2.4,2.9,72.9171147752
20,2.4,3.0,69.7396942214
20,2.4,3.0,73.3076393115
20,2.4,3.0,69.4179725713
20,2.4,3.0,70.4986307369
20,2.4,3.0,74.9213949318
30,2.2,2.8,61.6031627504
30,2.2,2.8,63.8481166371
30,2.2,2.8,59.6488018713
30,2.2,2.8,63.0349988172
30,2.2,2.8,59.5263171613
30,2.2,2.9,65.2192647981
30,2.2,2.9,60.5550499724
30,2.2,2.9,66.5031021619
30,2.2,2.9,61.9188758546
30,2.2,2.9,62.6720037403
30,2.2,3.0,63.6504023021
30,2.2,3.0,64.2890165843
30,2.2,3.0,57.3386986595
30,2.2,3.0,59.955821271
30,2.2,3.0,59.6135956271
30,2.3,2.8,63.7592505224
30,2.3,2.8,64.5738000904
30,2.3,2.8,62.6065346262
30,2.3,2.8,64.067227633
30,2.3,2.8,63.7710346081
30,2.3,2.9,63.7292673977
30,2.3,2.9,57.6939538747
30,2.3,2.9,60.5962995511
30,2.3,2.9,59.7069623166
30,2.3,2.9,58.7023513826
30,2.3,3.0,61.6679613072
30,2.3,3.0,63.9694420729
30,2.3,3.0,61.7153390219
30,2.3,3.0,67.1314984381
30,2.3,3.0,61.4974493771
30,2.4,2.8,62.8783080807
30,2.4,2.8,63.9116816813
30,2.4,2.8,66.6383466403
30,2.4,2.8,56.8073492092
30,2.4,2.8,62.362421061
30,2.4,2.9,64.6100493443
30,2.4,2.9,60.721769668
30,2.4,2.9,63.2771011018
30,2.4,2.9,62.5503971749
30,2.4,2.9,62.4681112228
30,2.4,3.0,60.4968041721
30,2.4,3.0,64.4203152665
30,2.4,3.0,60.1729055948
30,2.4,3.0,57.5930617185
30,2.4,3.0,62.2253436014
