Noise,SigD,PSNR
10,0.1,62.119583635
10,0.1,62.3445947299
10,0.1,61.8914805039
10,0.1,62.7031470253
10,0.1,61.0476248261
10,1.0,71.5114203525
10,1.0,70.895031059
10,1.0,74.1771230872
10,1.0,72.1907608874
10,1.0,73.1768509399
10,2.0,74.1224158792
10,2.0,76.8144992213
10,2.0,76.1366817657
10,2.0,72.6986127655
10,2.0,74.8950544393
10,3.0,76.1074621109
10,3.0,77.8783004836
10,3.0,75.0156533482
10,3.0,73.5729519826
10,3.0,74.3895346431
10,4.0,73.1645679967
10,4.0,73.015593362
10,4.0,76.5148300444
10,4.0,72.9715741435
10,4.0,72.9360777293
20,0.1,50.9161482121
20,0.1,50.543367992
20,0.1,50.0335758411
20,0.1,50.7072966345
20,0.1,50.1675554802
20,1.0,63.4058418554
20,1.0,61.3207703232
20,1.0,62.7448043867
20,1.0,61.2895850313
20,1.0,62.0882585997
20,2.0,67.564473933
20,2.0,66.6172775733
20,2.0,65.2637756799
20,2.0,63.6892897734
20,2.0,63.8367393545
20,3.0,68.3670475699
20,3.0,66.1023150305
20,3.0,68.3890562854
20,3.0,70.4673056509
20,3.0,69.8139910637
20,4.0,71.4194404128
20,4.0,65.8546093487
20,4.0,69.9721366386
20,4.0,68.2648363557
20,4.0,68.2092577407
30,0.1,42.5393463713
30,0.1,45.6448172174
30,0.1,47.3831186909
30,0.1,42.3937009358
30,0.1,43.1900930783
30,1.0,53.8432758554
30,1.0,52.396619046
30,1.0,54.4569708957
30,1.0,50.8818087247
30,1.0,53.1734930642
30,2.0,58.255771802
30,2.0,58.7587520915
30,2.0,58.8299471824
30,2.0,56.4177343642
30,2.0,57.0424506
30,3.0,61.3887953167
30,3.0,61.7089989214
30,3.0,59.7477256129
30,3.0,62.2296530622
30,3.0,64.6780883696
30,4.0,59.9898078848
30,4.0,63.8447795018
30,4.0,66.2661775697
30,4.0,62.4666774571
30,4.0,63.6183175093
10,2.25,76.6931930064
10,2.25,72.875839278
10,2.25,76.9588290979
10,2.25,74.0647780862
10,2.25,74.3040692511
10,2.5,75.0102801033
10,2.5,76.0022790121
10,2.5,75.9938489067
10,2.5,74.9669846682
10,2.5,74.4191978203
10,2.75,75.5349706769
10,2.75,75.5337712188
10,2.75,76.4740411035
10,2.75,76.2958513403
10,2.75,75.0380143621
20,2.25,64.0136409984
20,2.25,66.0070810818
20,2.25,64.9135302829
20,2.25,65.5650895872
20,2.25,67.0563123479
20,2.5,65.9487693354
20,2.5,68.9909339047
20,2.5,65.6213189272
20,2.5,70.8085296287
20,2.5,63.0408174825
20,2.75,65.2944980516
20,2.75,71.881157571
20,2.75,63.2640102522
20,2.75,67.21996544
20,2.75,68.179848937
30,2.25,60.4303198766
30,2.25,64.7402802781
30,2.25,59.874204681
30,2.25,58.95223865
30,2.25,59.2915619305
30,2.5,63.6056277402
30,2.5,58.4004171586
30,2.5,60.6350858761
30,2.5,60.4039829647
30,2.5,63.1718738499
30,2.75,61.9058783782
30,2.75,62.7866225979
30,2.75,59.8018705409
30,2.75,58.3622010164
30,2.75,58.8075753345
1,2.25,83.357549793
1,2.25,83.4582765445
1,2.25,83.3906848803
1,2.25,83.2629166946
1,2.25,83.1604980291
1,2.5,82.1627202989
1,2.5,82.0618411966
1,2.5,82.2456228922
1,2.5,82.2777384078
1,2.5,82.143493195
1,2.75,81.2382737363
1,2.75,81.3413639636
1,2.75,81.0499816136
1,2.75,81.2128073113
1,2.75,81.2812123441
5,2.25,80.1836147061
5,2.25,82.025640945
5,2.25,80.5188821116
5,2.25,80.5857106627
5,2.25,80.8653558322
5,2.5,80.7779915547
5,2.5,80.1517533941
5,2.5,79.8528543548
5,2.5,81.3903493826
5,2.5,80.7359054956
5,2.75,79.0404960852
5,2.75,78.8103917291
5,2.75,79.6147216741
5,2.75,79.2037010884
5,2.75,80.0898197496
1,4,77.5082561383
1,4,77.244812598
1,4,77.3669813031
1,4,77.3046752236
1,4,76.9969547649
1,4,77.0742019337
1,4,77.3232615469
1,4,77.3207631865
1,4,77.4415456928
1,4,77.4468887701
1,4,77.399315251
1,4,77.189557676
1,4,77.2990958173
1,4,77.2913760208
1,4,77.314721241
5,4,77.2776250957
5,4,76.527508706
5,4,75.9344030783
5,4,76.2049222096
5,4,76.8995023372
5,4,77.1897298507
5,4,77.4358924297
5,4,76.5217568474
5,4,76.2651896249
5,4,76.7118731588
5,4,77.0329473908
5,4,76.6412137333
5,4,76.2955762463
5,4,76.6370701194
5,4,76.4392781159
10,4,74.2729283988
10,4,74.5829151133
10,4,74.9442999954
10,4,74.3926193973
10,4,73.4831521758
10,4,75.4243214683
10,4,73.536601178
10,4,75.4998783045
10,4,75.4957442687
10,4,74.3651365279
10,4,74.743858123
10,4,74.2389397105
10,4,74.9619441889
10,4,74.9975508493
10,4,74.5470377867
20,4,72.7582071819
20,4,68.9322790316
20,4,67.664020305
20,4,67.7893476715
20,4,67.0267232026
20,4,66.0248843471
20,4,69.4786226679
20,4,69.104839037
20,4,72.8418954113
20,4,69.7341567536
20,4,72.3017055377
20,4,69.6222481239
20,4,70.8751006397
20,4,68.3039088051
20,4,70.4742802531
30,4,63.2599555644
30,4,66.3685345811
30,4,65.4518507676
30,4,66.9105967632
30,4,60.9235560627
30,4,59.34779403
30,4,67.6538491983
30,4,61.3296431414
30,4,61.6623823618
30,4,60.7791965135
30,4,65.23514754
30,4,64.144581912
30,4,63.3273206952
30,4,60.336921322
30,4,63.822619629
1,2.25,83.3073399971
1,2.25,83.1735674341
1,2.25,83.3483843088
1,2.25,83.1688937168
1,2.25,83.4201595664
1,2.25,83.258300811
1,2.25,82.9602452746
1,2.25,83.2662380467
1,2.25,83.1993475163
1,2.25,83.3066657157
1,2.25,83.2511207636
1,2.25,83.1068759389
1,2.25,83.326654047
1,2.25,83.2894127103
1,2.25,83.4730982139
5,2.25,80.9072929923
5,2.25,80.2145667019
5,2.25,81.5076957251
5,2.25,81.277947157
5,2.25,81.3904960112
5,2.25,79.8656902429
5,2.25,80.8946251107
5,2.25,80.8983129769
5,2.25,78.7531326723
5,2.25,81.157444369
5,2.25,80.5270499583
5,2.25,80.2563528159
5,2.25,80.2389953996
5,2.25,80.4721498189
5,2.25,81.8943814495
10,2.25,76.441098292
10,2.25,74.3947519522
10,2.25,75.1085710852
10,2.25,74.3083736089
10,2.25,77.9038877591
10,2.25,76.505915599
10,2.25,76.1112475252
10,2.25,76.1250767305
10,2.25,74.9785763452
10,2.25,76.7919225843
10,2.25,75.5679074531
10,2.25,75.4497340895
10,2.25,77.5258134105
10,2.25,75.1470352063
10,2.25,75.2996830913
20,2.25,65.604047869
20,2.25,62.3721148953
20,2.25,67.808429423
20,2.25,69.0840532406
20,2.25,64.4409699002
20,2.25,66.5482870233
20,2.25,66.0096152168
20,2.25,67.8828589377
20,2.25,69.2594528823
20,2.25,68.9745762343
20,2.25,68.5091751751
20,2.25,68.7220239438
20,2.25,66.0574625544
20,2.25,67.159475781
20,2.25,67.8615532545
30,2.25,61.8548232502
30,2.25,60.215290462
30,2.25,57.9788724147
30,2.25,58.4188479534
30,2.25,61.194937906
30,2.25,59.3531556014
30,2.25,57.973433232
30,2.25,57.3827755104
30,2.25,61.2151725596
30,2.25,60.4235071173
30,2.25,59.1606208879
30,2.25,62.5907978474
30,2.25,60.3057748611
30,2.25,60.4855810392
30,2.25,61.046812301
