Noise,Thresh,PSNR
10,0.1,61.8771938855
10,0.1,62.4750572886
10,0.1,62.8297313452
10,0.1,60.4739799378
10,0.1,62.703227929
10,1.0,57.7977722523
10,1.0,57.7964928952
10,1.0,57.4544052103
10,1.0,58.3492920532
10,1.0,57.8412695364
10,2.0,58.308366152
10,2.0,58.2160463574
10,2.0,57.8637909267
10,2.0,58.206153386
10,2.0,58.0152819785
10,3.0,31.9288385618
10,3.0,31.9034049123
10,3.0,31.9338506836
10,3.0,31.792082906
10,3.0,32.0557092634
20,0.1,52.5247091946
20,0.1,50.3964083678
20,0.1,49.9081668047
20,0.1,51.5030655752
20,0.1,52.738620643
20,1.0,51.9132078518
20,1.0,51.3178340733
20,1.0,51.6374798496
20,1.0,52.2936161625
20,1.0,52.032036872
20,2.0,59.6698779629
20,2.0,41.836560828
20,2.0,36.22094208
20,2.0,43.9709902426
20,2.0,36.0045645644
20,3.0,31.8276038455
20,3.0,32.0403726538
20,3.0,31.8259836001
20,3.0,37.4689905855
20,3.0,31.8449675992
30,0.1,43.0844597378
30,0.1,45.442663383
30,0.1,42.5714386981
30,0.1,44.4682148861
30,0.1,42.954340575
30,1.0,46.2891187992
30,1.0,46.8305119608
30,1.0,45.5174166918
30,1.0,46.2150356632
30,1.0,47.4117106952
30,2.0,36.3255619003
30,2.0,37.1732621052
30,2.0,35.6740419074
30,2.0,37.4515348892
30,2.0,37.0949236601
30,3.0,32.0286078441
30,3.0,32.0028167911
30,3.0,32.0118096121
30,3.0,32.2700727744
30,3.0,31.8548057151
10,0.25,61.5216477282
10,0.25,61.5857180549
10,0.25,63.398809312
10,0.25,62.7511695501
10,0.25,60.6067141358
10,0.5,63.561521944
10,0.5,64.1024145702
10,0.5,64.2383257602
10,0.5,64.5597439934
10,0.5,65.2938631702
10,0.75,65.1855896765
10,0.75,64.4512730691
10,0.75,57.1006584671
10,0.75,66.3076482367
10,0.75,64.6398782897
20,0.25,50.1977589918
20,0.25,50.6415301493
20,0.25,48.3193433029
20,0.25,51.2264818367
20,0.25,51.3644503719
20,0.5,50.8728992722
20,0.5,50.3773032193
20,0.5,48.8709288256
20,0.5,52.0397541293
20,0.5,50.3445806296
20,0.75,50.9299143993
20,0.75,47.4993034102
20,0.75,48.3961238186
20,0.75,50.2871325521
20,0.75,50.0172342138
30,0.25,42.9814743435
30,0.25,45.5028445092
30,0.25,44.4227200955
30,0.25,45.3320978228
30,0.25,45.0216552969
30,0.5,44.4763315649
30,0.5,44.0901081873
30,0.5,46.6797188758
30,0.5,43.7703188724
30,0.5,44.1078686837
30,0.75,45.2146885383
30,0.75,44.7826412411
30,0.75,44.8062579061
30,0.75,44.5370283053
30,0.75,43.8060607406
10,0.15,63.2871691309
10,0.15,62.5041163335
10,0.15,62.0128928916
10,0.15,61.7098485957
10,0.15,62.1476691766
10,0.35,62.0051984325
10,0.35,61.9213690244
10,0.35,61.714757577
10,0.35,61.5753620113
10,0.35,61.7025458886
10,0.45,59.9988270169
10,0.45,62.8458686933
10,0.45,64.0111739763
10,0.45,62.949997298
10,0.45,62.142207492
10,0.55,62.7570669273
10,0.55,62.3677880896
10,0.55,63.6961287132
10,0.55,65.8315950795
10,0.55,65.0242784165
10,0.65,64.6539318606
10,0.65,65.3205101297
10,0.65,63.3335408566
10,0.65,62.8931303859
10,0.65,62.9314681202
20,0.15,48.7107841076
20,0.15,52.4276645177
20,0.15,48.8291733439
20,0.15,50.5670503077
20,0.15,51.3843664716
20,0.35,50.2113222601
20,0.35,50.294656051
20,0.35,51.4230746373
20,0.35,49.0454498093
20,0.35,50.2678189583
20,0.45,50.2648529887
20,0.45,51.709759049
20,0.45,52.4363912786
20,0.45,53.2059046608
20,0.45,51.4171949458
20,0.55,52.2143132016
20,0.55,46.8909855748
20,0.55,49.6417833159
20,0.55,50.7644036046
20,0.55,50.5609761202
20,0.65,48.692824635
20,0.65,48.6842464972
20,0.65,49.4145958589
20,0.65,47.6168839229
20,0.65,50.0519742944
30,0.15,44.0694153159
30,0.15,44.0046390317
30,0.15,43.9410907116
30,0.15,44.9097375139
30,0.15,46.0864434748
30,0.35,45.4085366397
30,0.35,44.4274569326
30,0.35,46.9553518539
30,0.35,46.1568132888
30,0.35,43.7619101947
30,0.45,42.9173842084
30,0.45,44.1791149078
30,0.45,41.4927248607
30,0.45,46.6177524789
30,0.45,44.0974549091
30,0.55,44.049258999
30,0.55,43.0463839215
30,0.55,44.2793806883
30,0.55,45.1104381714
30,0.55,44.1086581132
30,0.65,44.9717467444
30,0.65,42.5454124153
30,0.65,44.6732704307
30,0.65,41.8776785396
30,0.65,42.1354740777
1,0.5,78.1289123817
1,0.5,80.4178710857
1,0.5,78.1046792952
1,0.5,78.132651154
1,0.5,80.4228140396
1,0.55,78.1408943438
1,0.55,78.0834534948
1,0.55,78.1379106107
1,0.55,78.1127472075
1,0.55,78.1024334925
1,0.6,74.0063948813
1,0.6,74.0132592972
1,0.6,74.0031998088
1,0.6,74.0111339219
1,0.6,73.9656641097
5,0.5,74.2875588352
5,0.5,73.2828389069
5,0.5,75.3496779641
5,0.5,71.7582107563
5,0.5,76.236577153
5,0.55,73.3526993958
5,0.55,72.3017802983
5,0.55,71.6845242504
5,0.55,73.3095872007
5,0.55,71.8320440443
5,0.6,75.134075963
5,0.6,73.2084595922
5,0.6,72.9686891602
5,0.6,72.9214986348
5,0.6,73.5214872514
1,0.45,80.4056355012
1,0.45,80.4217899756
1,0.45,80.417843191
1,0.45,80.3969967138
1,0.45,80.4280608155
1,0.55,78.1112097809
1,0.55,78.1173540748
1,0.55,78.1283542833
1,0.55,78.1300939373
1,0.55,78.1168894643
1,0.65,73.9842831182
1,0.65,73.9920405491
1,0.65,73.9971906546
1,0.65,74.0048419074
1,0.65,74.0144608034
5,0.45,74.710206502
5,0.45,74.8646793968
5,0.45,73.4358528287
5,0.45,75.8222151149
5,0.45,75.1867851519
5,0.55,72.5082792961
5,0.55,73.0391880453
5,0.55,74.8946505599
5,0.55,75.646930469
5,0.55,74.8583381303
5,0.65,72.3224459817
5,0.65,72.5295731789
5,0.65,72.7414759236
5,0.65,72.2621889476
5,0.65,72.8153682856
1,0.4,80.3908346858
1,0.4,80.43239574
1,0.4,80.4136849496
1,0.4,80.4266738339
1,0.4,80.4180726795
1,0.55,73.9848874615
1,0.55,78.1247596964
1,0.55,78.1287676637
1,0.55,78.1081227745
1,0.55,74.0093791017
1,0.7,74.0132715901
1,0.7,74.0059503965
1,0.7,74.0002683508
1,0.7,73.9900406713
1,0.7,73.9925948823
5,0.4,75.4229525541
5,0.4,75.418960474
5,0.4,78.5323943271
5,0.4,74.1384366813
5,0.4,74.0139948741
5,0.55,74.2425947987
5,0.55,74.8422844986
5,0.55,73.0597675361
5,0.55,75.6345787514
5,0.55,76.421064549
5,0.7,73.0321840625
5,0.7,73.5591943568
5,0.7,73.2118871087
5,0.7,73.6064419413
5,0.7,73.3386448078
1,0.1,102.848770356
1,0.1,105.99779318
1,0.1,104.959510345
1,0.1,105.511036344
1,0.1,104.201545317
1,0.1,105.297871375
1,0.1,105.06484634
1,0.1,103.12746191
1,0.1,102.420730628
1,0.1,105.946915594
1,0.15,101.510137194
1,0.15,101.5284942
1,0.15,100.568930386
1,0.15,100.943345036
1,0.15,99.5607259684
1,0.15,101.756884123
1,0.15,100.856908442
1,0.15,101.270936426
1,0.15,102.307994387
1,0.15,100.506463505
1,0.2,98.2272104737
1,0.2,98.3715007877
1,0.2,98.8486762776
1,0.2,96.1299332562
1,0.2,96.3590020586
1,0.2,95.3173381926
1,0.2,98.1912931028
1,0.2,98.3697246367
1,0.2,95.2761218609
1,0.2,98.7895270856
1,0.25,90.7487292779
1,0.25,90.8897320845
1,0.25,91.410184041
1,0.25,94.5613792803
1,0.25,94.5049613684
1,0.25,90.8130569759
1,0.25,90.8440131257
1,0.25,88.689681757
1,0.25,90.742991603
1,0.25,90.8139592703
1,0.3,85.7027267714
1,0.3,87.2776424141
1,0.3,88.6878775449
1,0.3,87.8211346784
1,0.3,85.7225591312
1,0.3,89.7327586156
1,0.3,85.7156087358
1,0.3,85.7150647854
1,0.3,85.7055312218
1,0.3,85.7072633473
5,0.1,74.4122238288
5,0.1,75.0424719849
5,0.1,74.1003936494
5,0.1,75.4550684936
5,0.1,74.4126090681
5,0.1,74.9903060052
5,0.1,75.0276666973
5,0.1,74.6520376633
5,0.1,74.9413919241
5,0.1,76.3539707615
5,0.15,74.1395800066
5,0.15,73.932939391
5,0.15,74.9916384706
5,0.15,76.1031548442
5,0.15,75.0687281876
5,0.15,76.2019010738
5,0.15,76.4413488524
5,0.15,75.3772666659
5,0.15,75.1752885363
5,0.15,76.3417102191
5,0.2,74.6864644181
5,0.2,75.9848196855
5,0.2,74.9604533694
5,0.2,77.6930704165
5,0.2,76.0550019942
5,0.2,76.3157960579
5,0.2,75.8635168603
5,0.2,75.0470199453
5,0.2,75.7793748127
5,0.2,76.4392598121
5,0.25,74.811888702
5,0.25,77.1755229908
5,0.25,74.8227371947
5,0.25,76.476739783
5,0.25,73.7936597246
5,0.25,74.7590701433
5,0.25,76.773721236
5,0.25,76.1302169865
5,0.25,76.3190945536
5,0.25,74.7313138793
5,0.3,74.9694387521
5,0.3,75.8205469158
5,0.3,75.4156573176
5,0.3,78.7333948861
5,0.3,76.6649859327
5,0.3,74.368294034
5,0.3,73.3732764728
5,0.3,76.079411016
5,0.3,74.0706516924
5,0.3,76.8120986337
10,0.1,62.512624864
10,0.1,63.6909744125
10,0.1,60.5002738664
10,0.1,61.9805364516
10,0.1,61.2776984326
10,0.1,60.648207553
10,0.1,60.9622412349
10,0.1,61.402407836
10,0.1,61.9154910698
10,0.1,61.7758854566
10,0.15,60.4943986661
10,0.15,62.5311130123
10,0.15,62.4831733365
10,0.15,60.9675028289
10,0.15,64.3402253649
10,0.15,62.9653025265
10,0.15,62.4218375402
10,0.15,64.4427516004
10,0.15,63.2491511086
10,0.15,63.3789588128
10,0.2,60.1100444003
10,0.2,61.2501112786
10,0.2,62.900241805
10,0.2,60.5078753929
10,0.2,62.1655415908
10,0.2,63.0232720901
10,0.2,60.9814338313
10,0.2,62.5948277946
10,0.2,61.1302334927
10,0.2,62.9650289345
10,0.25,63.7263521546
10,0.25,61.5906642088
10,0.25,62.6860369701
10,0.25,61.7401760025
10,0.25,63.0447419694
10,0.25,62.6707115581
10,0.25,64.0849279978
10,0.25,63.0410988737
10,0.25,63.0093718136
10,0.25,60.6891887469
10,0.3,64.5723132686
10,0.3,62.8105495024
10,0.3,61.6791855838
10,0.3,63.1599821228
10,0.3,64.1014281206
10,0.3,63.8755342041
10,0.3,63.4195626499
10,0.3,63.0303669936
10,0.3,63.8840731649
10,0.3,61.7331254884
20,0.1,49.8670743853
20,0.1,50.7817276199
20,0.1,49.4357513469
20,0.1,50.4148174276
20,0.1,49.1959335045
20,0.1,48.6375068888
20,0.1,50.1495415199
20,0.1,51.4175132466
20,0.1,49.3659753329
20,0.1,49.6114236783
20,0.15,51.40714305
20,0.15,49.4081125561
20,0.15,50.3882638694
20,0.15,50.0214692033
20,0.15,49.9461817147
20,0.15,51.4217060104
20,0.15,49.7981575873
20,0.15,51.589332983
20,0.15,49.506722206
20,0.15,50.048526135
20,0.2,51.2243486682
20,0.2,48.1684659211
20,0.2,51.1259699337
20,0.2,50.1999138843
20,0.2,50.0931310937
20,0.2,50.4133594365
20,0.2,50.4628797966
20,0.2,51.2437641173
20,0.2,51.1995645218
20,0.2,49.4948292065
20,0.25,50.2166063004
20,0.25,50.5507201098
20,0.25,49.6772154786
20,0.25,51.5494524133
20,0.25,49.4006563924
20,0.25,49.1667143703
20,0.25,52.1563260815
20,0.25,48.7447726707
20,0.25,51.0653486878
20,0.25,48.0550048504
20,0.3,51.5002949916
20,0.3,50.0019576754
20,0.3,49.3379261421
20,0.3,51.213177061
20,0.3,51.4892630996
20,0.3,48.7642521846
20,0.3,50.4797545986
20,0.3,50.9049279208
20,0.3,52.9604107863
20,0.3,51.7161368111
30,0.1,44.7621843566
30,0.1,45.2469053024
30,0.1,43.0179154063
30,0.1,46.2136621858
30,0.1,43.4846313397
30,0.1,43.3806437646
30,0.1,43.9939374157
30,0.1,43.7502934901
30,0.1,43.384311567
30,0.1,46.765382892
30,0.15,45.2982937956
30,0.15,43.3048241586
30,0.15,44.3497782316
30,0.15,43.9589926014
30,0.15,44.6121033328
30,0.15,43.8564685731
30,0.15,43.5086328396
30,0.15,43.3902837409
30,0.15,42.9217356828
30,0.15,44.5534715317
30,0.2,43.8118540206
30,0.2,44.2551947726
30,0.2,44.6265400391
30,0.2,43.3304917269
30,0.2,44.3054700258
30,0.2,45.9159640396
30,0.2,44.8365680912
30,0.2,43.9619446263
30,0.2,45.3331179836
30,0.2,43.277595042
30,0.25,44.2261919755
30,0.25,44.6337273721
30,0.25,44.5651485355
30,0.25,45.9582298183
30,0.25,43.3252734705
30,0.25,44.9879965011
30,0.25,44.0633222307
30,0.25,43.720612408
30,0.25,43.204928769
30,0.25,42.8218213933
30,0.3,45.2166145288
30,0.3,43.9220518873
30,0.3,44.2967072384
30,0.3,43.0394738819
30,0.3,44.4128077035
30,0.3,44.0240816451
30,0.3,43.7713545546
30,0.3,43.0995943792
30,0.3,43.7241002921
30,0.3,43.1228494443
