Noise,Thresh,PSNR
1,0.1,104.431911013
1,0.1,104.239345641
1,0.1,102.381392473
1,0.1,102.26140313
1,0.1,102.643790655
1,1.0,64.6188197632
1,1.0,64.5964323587
1,1.0,64.6184975274
1,1.0,64.5863158584
1,1.0,64.559303454
1,2.0,55.6237543092
1,2.0,55.6350971706
1,2.0,55.6252917255
1,2.0,55.6501356672
1,2.0,55.6418269227
1,3.0,42.475128094
1,3.0,42.4949182497
1,3.0,42.4816836959
1,3.0,42.5204217086
1,3.0,42.5033935345
5,0.1,78.1810420041
5,0.1,78.5723612584
5,0.1,80.2934561754
5,0.1,79.3459755646
5,0.1,80.0836535682
5,1.0,64.6496603973
5,1.0,64.9031869712
5,1.0,64.3981851005
5,1.0,65.9657308935
5,1.0,64.537667819
5,2.0,55.492895644
5,2.0,55.6656140454
5,2.0,55.5145919886
5,2.0,55.5660481345
5,2.0,55.5855808011
5,3.0,35.7951847325
5,3.0,35.7327708943
5,3.0,35.7799764753
5,3.0,42.4049352451
5,3.0,42.4729047139
10,0.1,66.8126342062
10,0.1,66.7238516814
10,0.1,65.9885709727
10,0.1,64.9316294435
10,0.1,66.1715167084
10,1.0,62.1790087195
10,1.0,62.1712830752
10,1.0,60.569407761
10,1.0,61.9787018397
10,1.0,63.9495536038
10,2.0,55.459119902
10,2.0,55.2631734165
10,2.0,55.7140815059
10,2.0,55.7605840838
10,2.0,55.7304590077
10,3.0,27.3828936048
10,3.0,27.4819722066
10,3.0,27.5375325997
10,3.0,33.0134492332
10,3.0,34.32127577
20,0.1,53.3592081709
20,0.1,54.0463871179
20,0.1,53.9154963754
20,0.1,52.3358348668
20,0.1,54.6763128141
20,1.0,54.5634682617
20,1.0,54.2330971441
20,1.0,52.6965448812
20,1.0,51.927890251
20,1.0,56.4080427111
20,2.0,54.1676195084
20,2.0,49.0778141995
20,2.0,48.8660236416
20,2.0,50.5679307628
20,2.0,35.8830920837
20,3.0,27.5699195342
20,3.0,27.4778938595
20,3.0,32.9469151604
20,3.0,27.351456461
20,3.0,27.4218767125
30,0.1,45.5039393377
30,0.1,47.2313094286
30,0.1,45.4715146212
30,0.1,46.1802188686
30,0.1,47.6509684439
30,1.0,46.9256881141
30,1.0,47.5634395555
30,1.0,49.0927693921
30,1.0,46.4769085196
30,1.0,48.2391666222
30,2.0,36.603758135
30,2.0,32.8335192718
30,2.0,33.2499069665
30,2.0,32.7369325672
30,2.0,33.35570892
30,3.0,27.0563836342
30,3.0,35.0922020434
30,3.0,34.4852031165
30,3.0,27.1480269993
30,3.0,27.6640830914
1,4.0,27.3693905528
1,4.0,27.3773729052
1,4.0,27.3876198584
1,4.0,27.3899552202
1,4.0,27.3863951346
1,5.0,27.3909306942
1,5.0,27.3837395841
1,5.0,27.3743394365
1,5.0,27.3831642003
1,5.0,27.38259056
5,4.0,27.3948049795
5,4.0,27.3735110942
5,4.0,27.4348143812
5,4.0,27.4102351745
5,4.0,27.3442787678
5,5.0,27.4097392601
5,5.0,27.3224926763
5,5.0,27.3969857168
5,5.0,27.3672855505
5,5.0,27.4038952709
10,4.0,27.4052185639
10,4.0,27.3417380103
10,4.0,27.2948022139
10,4.0,27.5260294622
10,4.0,27.3615460453
10,5.0,27.4644590624
10,5.0,27.351160048
10,5.0,27.4136675782
10,5.0,27.2647022834
10,5.0,27.4496711895
20,4.0,27.1576523468
20,4.0,27.3175966584
20,4.0,27.3545257492
20,4.0,27.3255051629
20,4.0,27.3303936789
20,5.0,27.4897414885
20,5.0,27.38475959
20,5.0,27.5268999583
20,5.0,27.3173685749
20,5.0,27.4867779629
30,4.0,27.2408780074
30,4.0,27.5895377328
30,4.0,27.5964737649
30,4.0,27.1736072714
30,4.0,26.9979786976
30,5.0,27.5492301838
30,5.0,27.2437526409
30,5.0,26.9360584395
30,5.0,27.5288780865
30,5.0,27.1088005442
1,2.5,55.5904892156
1,2.5,55.5889411106
1,2.5,55.6116261155
1,2.5,55.6507527935
1,2.5,55.596543011
1,3.5,27.3918175026
1,3.5,27.3950779469
1,3.5,27.3797463841
1,3.5,27.3797103408
1,3.5,27.3884870037
1,4.5,27.3819250179
1,4.5,27.3841422532
1,4.5,27.378262271
1,4.5,27.3983773972
1,4.5,27.3797090865
1,5.5,27.3831481431
1,5.5,27.3769272322
1,5.5,27.3748412987
1,5.5,27.3880919504
1,5.5,27.3860257015
5,2.5,55.5829082887
5,2.5,51.1890689594
5,2.5,55.7611955749
5,2.5,51.3404984183
5,2.5,51.250222984
5,3.5,27.4228597221
5,3.5,27.403094859
5,3.5,27.3419652035
5,3.5,27.4149468933
5,3.5,27.3389794019
5,4.5,27.4120044331
5,4.5,27.362997689
5,4.5,27.3467636961
5,4.5,27.4203331304
5,4.5,27.4282384137
5,5.5,27.3996738349
5,5.5,27.3771837742
5,5.5,27.3659733353
5,5.5,27.3236654427
5,5.5,27.4524836547
10,2.5,44.8063315981
10,2.5,51.2544856725
10,2.5,50.9634542134
10,2.5,47.4666596099
10,2.5,51.4172885323
10,3.5,27.4316510357
10,3.5,27.3978240538
10,3.5,27.4087193158
10,3.5,27.1586922479
10,3.5,27.3022969857
10,4.5,27.3589524614
10,4.5,27.3330019055
10,4.5,27.306929988
10,4.5,27.3449809097
10,4.5,27.4435398911
10,5.5,27.2670451271
10,5.5,27.5083180263
10,5.5,27.2535730482
10,5.5,27.5140512257
10,5.5,27.389082214
20,2.5,32.0095293498
20,2.5,32.2057995347
20,2.5,27.3343198029
20,2.5,27.2921666488
20,2.5,32.6755373081
20,3.5,27.213548531
20,3.5,27.4686700975
20,3.5,27.3749703717
20,3.5,27.352274791
20,3.5,27.4131738749
20,4.5,27.0151410598
20,4.5,27.2055455698
20,4.5,27.6767354232
20,4.5,27.5342858111
20,4.5,27.5877264331
20,5.5,27.3916535179
20,5.5,27.3872406027
20,5.5,27.1527359774
20,5.5,27.4604713043
20,5.5,27.5180635693
30,2.5,33.9172315844
30,2.5,33.4349713864
30,2.5,27.165271069
30,2.5,33.9886734394
30,2.5,33.2058819983
30,3.5,26.968548099
30,3.5,27.5256557316
30,3.5,27.5615529591
30,3.5,27.3846765935
30,3.5,26.9170630783
30,4.5,27.0171145835
30,4.5,27.6016842631
30,4.5,27.4362305691
30,4.5,27.1685847212
30,4.5,27.1746870399
30,5.5,27.6465315337
30,5.5,27.7666938441
30,5.5,27.1625192715
30,5.5,27.558925249
30,5.5,27.3970584075
1,6,27.3813297777
1,6,27.378110695
1,6,27.3847367212
1,6,27.3835809995
1,6,27.3721513757
1,6.5,27.384449441
1,6.5,27.3965065833
1,6.5,27.3876783753
1,6.5,27.3928889396
1,6.5,27.3833767788
1,7,27.3913919045
1,7,27.3893348342
1,7,27.3767183895
1,7,27.3723071238
1,7,27.3842918748
1,7.5,27.3895778557
1,7.5,27.3776429841
1,7.5,27.3639470703
1,7.5,27.3982794323
1,7.5,27.3839679248
1,8,27.3944740837
1,8,27.3889560165
1,8,27.3790331292
1,8,27.3850736494
1,8,27.3812073713
5,6,27.4363039089
5,6,27.3572522405
5,6,27.3477773949
5,6,27.4473942464
5,6,27.4302284713
5,6.5,27.3231679816
5,6.5,27.416704621
5,6.5,27.3770556925
5,6.5,27.359207633
5,6.5,27.3909214669
5,7,27.4423852868
5,7,27.3119721101
5,7,27.4310446028
5,7,27.469736267
5,7,27.3833107245
5,7.5,27.332613858
5,7.5,27.3996911927
5,7.5,27.4148925744
5,7.5,27.3640150761
5,7.5,27.3600667145
5,8,27.3261316251
5,8,27.3579875318
5,8,27.3762380086
5,8,27.3432448063
5,8,27.4068261269
10,6,27.3939404916
10,6,27.4088708802
10,6,27.4633974267
10,6,27.3177172745
10,6,27.4005679023
10,6.5,27.4326044109
10,6.5,27.2843779757
10,6.5,27.4587610601
10,6.5,27.1810605337
10,6.5,27.4554014199
10,7,27.3269914032
10,7,27.4940382139
10,7,27.4012899132
10,7,27.295531556
10,7,27.4122684244
10,7.5,27.3286123941
10,7.5,27.4468910602
10,7.5,27.3169354225
10,7.5,27.4504256066
10,7.5,27.414309601
10,8,27.3375704528
10,8,27.3921126196
10,8,27.2506829941
10,8,27.3594889695
10,8,27.3040454951
20,6,27.5635625201
20,6,27.4420065989
20,6,27.1189112988
20,6,27.3094706901
20,6,27.4211292317
20,6.5,27.1101841029
20,6.5,27.1666322756
20,6.5,27.3149631444
20,6.5,27.6608508282
20,6.5,27.4934900276
20,7,27.4392536766
20,7,27.2572562998
20,7,27.2284022915
20,7,27.3754276428
20,7,27.4443623657
20,7.5,27.4401709028
20,7.5,27.6819018224
20,7.5,27.4390389094
20,7.5,27.2262555671
20,7.5,27.2529394367
20,8,27.4780527482
20,8,26.9935231172
20,8,27.4871808507
20,8,27.5277681739
20,8,27.3275841354
30,6,27.7529089537
30,6,27.2306643156
30,6,27.5238176617
30,6,27.3400436533
30,6,27.4356833565
30,6.5,27.3350472235
30,6.5,27.6023822507
30,6.5,27.4903582654
30,6.5,27.4853029195
30,6.5,27.4009716387
30,7,27.4857318589
30,7,27.1125819073
30,7,27.4586148381
30,7,27.0701183357
30,7,27.2374364393
1,1.5,59.4895076081
1,1.5,60.7816444318
1,1.5,59.5193557926
1,1.5,59.5278584871
1,1.5,59.478329217
1,1.75,55.6101227271
1,1.75,55.6252035569
1,1.75,55.6089825485
1,1.75,55.635625556
1,1.75,55.6474664088
1,2.25,55.6188306932
1,2.25,55.5993156843
1,2.25,55.6435264187
1,2.25,55.6235621942
1,2.25,55.6082654217
1,2.5,55.6078534554
1,2.5,55.5982817141
1,2.5,55.5982796629
1,2.5,55.6313860462
1,2.5,55.5957984715
1,2.75,51.1738293971
1,2.75,51.1964433775
1,2.75,51.1772666973
1,2.75,51.2126655442
1,2.75,51.1633336991
5,1.5,55.7526828091
5,1.5,56.7152847652
5,1.5,58.3083469651
5,1.5,55.6214699054
5,1.5,59.0644493994
5,1.75,55.6217675516
5,1.75,55.6847543294
5,1.75,55.3841194829
5,1.75,55.606293155
5,1.75,55.4543138498
5,2.25,55.4616109401
5,2.25,55.4949099265
5,2.25,55.6439889989
5,2.25,55.6785037469
5,2.25,55.5878867221
5,2.5,51.1973130562
5,2.5,55.6460946321
5,2.5,55.4275283955
5,2.5,51.1783869651
5,2.5,51.1212547261
5,2.75,47.6206388946
5,2.75,51.2285573241
5,2.75,51.2257140988
5,2.75,47.4893857876
5,2.75,51.1435078406
10,1.5,56.4429162591
10,1.5,56.6152552666
10,1.5,60.4839487417
10,1.5,57.1779503338
10,1.5,55.5284565063
10,1.75,55.2959046623
10,1.75,58.4436493674
10,1.75,55.2971761593
10,1.75,56.4963947832
10,1.75,54.9351188267
10,2.25,55.5919150763
10,2.25,55.7327033769
10,2.25,51.1343602182
10,2.25,55.6042627261
10,2.25,51.2736789848
10,2.5,51.1946731057
10,2.5,51.0807633796
10,2.5,47.6200232871
10,2.5,51.2407480835
10,2.5,47.5060164712
10,2.75,33.9571140071
10,2.75,34.3650176512
10,2.75,38.6400323868
10,2.75,35.8752696437
10,2.75,35.9068304581
20,1.5,53.8812895554
20,1.5,55.2802436246
20,1.5,54.1224650464
20,1.5,54.1940099464
20,1.5,54.9049152853
20,1.75,56.1646465169
20,1.75,55.1937434798
20,1.75,53.5242242229
20,1.75,51.5157255218
20,1.75,50.9130420465
20,2.25,34.0959654972
20,2.25,39.1816481476
20,2.25,33.5428349783
20,2.25,31.308909263
20,2.25,37.4449904427
20,2.5,27.5257339691
20,2.5,34.5021634477
20,2.5,27.3707411992
20,2.5,33.0989494415
20,2.5,33.075928843
20,2.75,27.4663832422
20,2.75,27.4052673321
20,2.75,32.6527473089
20,2.75,27.3379509122
20,2.75,27.5727742257
30,1.5,42.9566348419
30,1.5,51.1610705289
30,1.5,53.1500359803
30,1.5,44.0653978236
30,1.5,42.9387040736
30,1.75,37.5964625796
30,1.75,46.0410394419
30,1.75,44.9199798114
30,1.75,41.5434809762
30,1.75,38.6892726113
30,2.25,34.2714692762
30,2.25,32.9795804306
30,2.25,33.0294403523
30,2.25,33.3976335887
30,2.25,33.028748324
30,2.5,33.7743270929
30,2.5,33.1311849822
30,2.5,33.0818376153
30,2.5,33.3507062847
30,2.5,33.5325449333
30,2.75,27.1335049224
30,2.75,33.6908527026
30,2.75,27.3436445021
30,2.75,27.0447789345
30,2.75,33.3384717411
1,0.1,102.94945442
1,0.1,103.340211098
1,0.1,104.263409484
1,0.1,104.187927596
1,0.1,102.372187018
1,0.1,102.34648355
1,0.1,103.303100159
1,0.1,102.378177007
1,0.1,102.925719654
1,0.1,105.066237428
1,0.15,101.019804234
1,0.15,101.17057091
1,0.15,100.368679752
1,0.15,100.975149986
1,0.15,101.651944857
1,0.15,100.763527477
1,0.15,101.285362678
1,0.15,100.780214213
1,0.15,102.119047324
1,0.15,101.488829167
1,0.2,96.8475836195
1,0.2,97.1357765945
1,0.2,97.4773606829
1,0.2,96.9260186894
1,0.2,96.8769082831
1,0.2,97.0740676881
1,0.2,97.6989154015
1,0.2,97.1799097102
1,0.2,97.1430808848
1,0.2,96.2804517362
1,0.25,94.8951103754
1,0.25,94.5929459724
1,0.25,95.4512527434
1,0.25,96.0682928541
1,0.25,94.89611131
1,0.25,93.5880876527
1,0.25,95.6339614639
1,0.25,94.1834060986
1,0.25,94.8752544202
1,0.25,94.5317255562
1,0.3,91.9993709511
1,0.3,91.6815980965
1,0.3,92.4837653886
1,0.3,91.6304680195
1,0.3,91.6032424029
1,0.3,91.7356015986
1,0.3,92.3322999628
1,0.3,92.4707513744
1,0.3,91.348653787
1,0.3,91.3817166286
5,0.1,81.493619469
5,0.1,79.0191294239
5,0.1,79.6778360585
5,0.1,78.1411144157
5,0.1,80.8861211908
5,0.1,78.1039035362
5,0.1,78.8671475169
5,0.1,81.7719392941
5,0.1,79.3192901413
5,0.1,79.6361272724
5,0.15,80.4795253621
5,0.15,79.802150326
5,0.15,81.8607408966
5,0.15,77.5260450255
5,0.15,78.6178775342
5,0.15,78.5572115426
5,0.15,79.2275396011
5,0.15,78.5126564511
5,0.15,78.9172078336
5,0.15,79.57974691
5,0.2,78.8742575557
5,0.2,79.0790697376
5,0.2,78.8341691817
5,0.2,78.6670849151
5,0.2,78.5280408512
5,0.2,80.6781550165
5,0.2,79.2113520129
5,0.2,79.3702395573
5,0.2,80.0643686921
5,0.2,80.839750584
5,0.25,80.6900777405
5,0.25,80.495795342
5,0.25,79.7637654857
5,0.25,80.6753541222
5,0.25,80.0436971024
5,0.25,81.4624478283
5,0.25,81.1174331628
5,0.25,80.3186358277
5,0.25,79.8633180184
5,0.25,81.818743979
5,0.3,80.5126908493
5,0.3,78.8107217513
5,0.3,79.6451163308
5,0.3,79.4951891612
5,0.3,80.6417937819
5,0.3,75.9848893549
5,0.3,81.1416641466
5,0.3,79.8613832646
5,0.3,80.5015663042
5,0.3,76.9859213159
10,0.1,66.9956123127
10,0.1,65.8807459421
10,0.1,65.6180687995
10,0.1,67.6863105487
10,0.1,65.2625210086
10,0.1,66.4878121332
10,0.1,68.2653144479
10,0.1,67.2316648138
10,0.1,67.5752366604
10,0.1,67.3324883011
10,0.15,66.9313291422
10,0.15,66.2334903271
10,0.15,66.7948120167
10,0.15,66.1301350095
10,0.15,65.6990672833
10,0.15,67.1669999036
10,0.15,67.0520803231
10,0.15,67.3663881796
10,0.15,65.0692501272
10,0.15,68.5586758138
10,0.2,67.0987717951
10,0.2,67.8498365239
10,0.2,67.1111994399
10,0.2,67.4593097309
10,0.2,66.0547476624
10,0.2,65.5880808948
10,0.2,67.1151709056
10,0.2,65.6009256622
10,0.2,65.6013076214
10,0.2,66.4005342333
10,0.25,66.3336482716
10,0.25,65.8669942969
10,0.25,67.72661613
10,0.25,67.5941666273
10,0.25,66.2927401747
10,0.25,68.0659457085
10,0.25,65.3363012952
10,0.25,66.1804737141
10,0.25,66.0833008877
10,0.25,68.4510103434
10,0.3,67.8476830107
10,0.3,65.4592763035
10,0.3,66.8783731734
10,0.3,68.3921579696
10,0.3,67.7633915762
10,0.3,65.4571620402
10,0.3,66.2191019615
10,0.3,66.6598758382
10,0.3,64.7738818225
10,0.3,67.8766231114
20,0.1,53.5447181269
20,0.1,53.1661790301
20,0.1,52.0435482398
20,0.1,54.7895631211
20,0.1,53.3566132725
20,0.1,53.1623619653
20,0.1,53.4217475395
20,0.1,53.1014261361
20,0.1,53.9485045252
20,0.1,53.1023574247
20,0.15,50.7132241302
20,0.15,54.947808732
20,0.15,53.3635178374
20,0.15,53.9001744327
20,0.15,54.0648820335
20,0.15,53.6686955547
20,0.15,53.6883804968
20,0.15,54.9275198042
20,0.15,55.126594473
20,0.15,53.3561161019
20,0.2,53.8547811593
20,0.2,54.9462475208
20,0.2,54.1356905178
20,0.2,54.1085299804
20,0.2,53.2086105286
20,0.2,54.0871113036
20,0.2,54.9402802927
20,0.2,53.5186424976
20,0.2,51.0307587583
20,0.2,52.4870394384
20,0.25,52.7276986613
20,0.25,54.219402306
20,0.25,55.4238453318
20,0.25,54.5786075992
20,0.25,53.1711937876
20,0.25,53.0592465401
20,0.25,54.9596895648
20,0.25,54.173915563
20,0.25,55.3603397083
20,0.25,54.1568015886
20,0.3,51.3895670053
20,0.3,53.5679230999
20,0.3,54.1913675339
20,0.3,51.8067615343
20,0.3,53.3832015204
20,0.3,54.0094707286
20,0.3,53.6171840156
20,0.3,54.9682976802
20,0.3,54.8754878239
20,0.3,53.1294367942
30,0.1,46.0629124116
30,0.1,46.6141719414
30,0.1,45.8483005107
30,0.1,47.0963481828
30,0.1,48.7823399761
30,0.1,49.4265990111
30,0.1,49.4918014551
30,0.1,47.7813129221
30,0.1,47.5997257938
30,0.1,45.8368359288
30,0.15,45.6501094653
30,0.15,44.7754684052
30,0.15,46.2244964917
30,0.15,46.7235760244
30,0.15,45.0312240776
30,0.15,46.1285700251
30,0.15,46.4461752441
30,0.15,45.401904738
30,0.15,46.4077025246
30,0.15,45.8433301265
30,0.2,45.9203169116
30,0.2,47.7445190597
30,0.2,45.0548364242
30,0.2,47.5643626821
30,0.2,46.1404664682
30,0.2,47.6937556076
30,0.2,46.7244179641
30,0.2,46.6617495312
30,0.2,47.3492992976
30,0.2,46.4355809289
30,0.25,48.4898494843
30,0.25,48.4572613086
30,0.25,46.1050638421
30,0.25,46.3779610287
30,0.25,46.642319954
30,0.25,48.587191162
30,0.25,48.9664002459
30,0.25,48.1768595238
30,0.25,46.4213525939
30,0.25,46.3322486996
30,0.3,48.6600490509
30,0.3,47.14727474
30,0.3,46.3397547372
30,0.3,46.1186595511
30,0.3,48.5451075447
30,0.3,45.5968420698
30,0.3,47.0303588159
30,0.3,46.1118927994
30,0.3,48.2437892962
30,0.3,46.174728226
