Noise,Beta1,Window1,T1,Beta2,Window2,T2,PSNR
1,0.3,7,0.58,0.43,7,0.61,89.8637493094
1,0.3,7,0.58,0.43,7,0.61,89.3227832039
1,0.3,7,0.58,0.43,7,0.61,89.5332778792
1,0.3,7,0.58,0.43,7,0.61,90.4143136833
1,0.3,7,0.58,0.43,7,0.61,90.9287457747
1,0.3,7,0.58,0.43,7,0.81,89.987184359
1,0.3,7,0.58,0.43,7,0.81,89.6216376257
1,0.3,7,0.58,0.43,7,0.81,90.0621801818
1,0.3,7,0.58,0.43,7,0.81,90.7732223887
1,0.3,7,0.58,0.43,7,0.81,89.9743762776
1,0.3,7,0.58,0.63,7,0.61,87.3222883236
1,0.3,7,0.58,0.63,7,0.61,87.96502117
1,0.3,7,0.58,0.63,7,0.61,87.4228895824
1,0.3,7,0.58,0.63,7,0.61,87.6080530903
1,0.3,7,0.58,0.63,7,0.61,87.8297060125
1,0.3,7,0.58,0.63,7,0.81,87.1215862928
1,0.3,7,0.58,0.63,7,0.81,87.6694025252
1,0.3,7,0.58,0.63,7,0.81,89.2687833142
1,0.3,7,0.58,0.63,7,0.81,87.6395448297
1,0.3,7,0.58,0.63,7,0.81,87.9620803578
1,0.3,7,0.78,0.43,7,0.61,89.9720558432
1,0.3,7,0.78,0.43,7,0.61,89.6345072202
1,0.3,7,0.78,0.43,7,0.61,91.0620124897
1,0.3,7,0.78,0.43,7,0.61,89.7709346614
1,0.3,7,0.78,0.43,7,0.61,90.5319179727
1,0.3,7,0.78,0.43,7,0.81,89.683829186
1,0.3,7,0.78,0.43,7,0.81,90.4539017535
1,0.3,7,0.78,0.43,7,0.81,90.6661371939
1,0.3,7,0.78,0.43,7,0.81,91.0104069405
1,0.3,7,0.78,0.43,7,0.81,88.8371266719
1,0.3,7,0.78,0.63,7,0.61,88.7622486712
1,0.3,7,0.78,0.63,7,0.61,87.1723437871
1,0.3,7,0.78,0.63,7,0.61,87.0554583071
1,0.3,7,0.78,0.63,7,0.61,86.8977596725
1,0.3,7,0.78,0.63,7,0.61,87.5581350362
1,0.3,7,0.78,0.63,7,0.81,87.5662806857
1,0.3,7,0.78,0.63,7,0.81,89.0984910221
1,0.3,7,0.78,0.63,7,0.81,87.1752857024
1,0.3,7,0.78,0.63,7,0.81,87.5966883105
1,0.3,7,0.78,0.63,7,0.81,87.1242283389
1,0.5,7,0.58,0.43,7,0.61,86.7204972102
1,0.5,7,0.58,0.43,7,0.61,86.6698205288
1,0.5,7,0.58,0.43,7,0.61,86.0029629417
1,0.5,7,0.58,0.43,7,0.61,86.2979770483
1,0.5,7,0.58,0.43,7,0.61,86.2743172299
1,0.5,7,0.58,0.43,7,0.81,87.5542909721
1,0.5,7,0.58,0.43,7,0.81,86.1096896577
1,0.5,7,0.58,0.43,7,0.81,85.6082081345
1,0.5,7,0.58,0.43,7,0.81,86.0934659877
1,0.5,7,0.58,0.43,7,0.81,86.6981795495
1,0.5,7,0.58,0.63,7,0.61,84.3264341965
1,0.5,7,0.58,0.63,7,0.61,84.876109202
1,0.5,7,0.58,0.63,7,0.61,85.8209703857
1,0.5,7,0.58,0.63,7,0.61,85.0397000365
1,0.5,7,0.58,0.63,7,0.61,84.2370430695
1,0.5,7,0.58,0.63,7,0.81,83.8795234232
1,0.5,7,0.58,0.63,7,0.81,84.8458192095
1,0.5,7,0.58,0.63,7,0.81,85.0690954595
1,0.5,7,0.58,0.63,7,0.81,84.654510341
1,0.5,7,0.58,0.63,7,0.81,84.2207500381
1,0.5,7,0.78,0.43,7,0.61,86.5742174752
1,0.5,7,0.78,0.43,7,0.61,87.5753359976
1,0.5,7,0.78,0.43,7,0.61,87.2847177293
1,0.5,7,0.78,0.43,7,0.61,86.6386225122
1,0.5,7,0.78,0.43,7,0.61,85.9649391843
1,0.5,7,0.78,0.43,7,0.81,87.0536818311
1,0.5,7,0.78,0.43,7,0.81,86.4646859334
1,0.5,7,0.78,0.43,7,0.81,86.234854672
1,0.5,7,0.78,0.43,7,0.81,87.7071737037
1,0.5,7,0.78,0.43,7,0.81,87.0553357987
1,0.5,7,0.78,0.63,7,0.61,84.9816941442
1,0.5,7,0.78,0.63,7,0.61,84.7024307284
1,0.5,7,0.78,0.63,7,0.61,84.629463243
1,0.5,7,0.78,0.63,7,0.61,84.7919989114
1,0.5,7,0.78,0.63,7,0.61,84.8242492295
1,0.5,7,0.78,0.63,7,0.81,84.5604799313
1,0.5,7,0.78,0.63,7,0.81,85.0046277793
1,0.5,7,0.78,0.63,7,0.81,85.0771766174
1,0.5,7,0.78,0.63,7,0.81,84.8572801889
1,0.5,7,0.78,0.63,7,0.81,85.4155017399
5,0.3,7,0.58,0.43,7,0.61,85.2133470019
5,0.3,7,0.58,0.43,7,0.61,85.1408416644
5,0.3,7,0.58,0.43,7,0.61,89.3139304062
5,0.3,7,0.58,0.43,7,0.61,86.0173430882
5,0.3,7,0.58,0.43,7,0.61,86.0687004089
5,0.3,7,0.58,0.43,7,0.81,86.5399796525
5,0.3,7,0.58,0.43,7,0.81,87.2191189091
5,0.3,7,0.58,0.43,7,0.81,84.8151335028
5,0.3,7,0.58,0.43,7,0.81,88.7616295727
5,0.3,7,0.58,0.43,7,0.81,87.4549027419
5,0.3,7,0.58,0.63,7,0.61,83.0033913835
5,0.3,7,0.58,0.63,7,0.61,85.6915674345
5,0.3,7,0.58,0.63,7,0.61,85.4006929387
5,0.3,7,0.58,0.63,7,0.61,83.696093363
5,0.3,7,0.58,0.63,7,0.61,84.9903401974
5,0.3,7,0.58,0.63,7,0.81,84.826380393
5,0.3,7,0.58,0.63,7,0.81,83.7213893496
5,0.3,7,0.58,0.63,7,0.81,86.3342225832
5,0.3,7,0.58,0.63,7,0.81,85.6442556597
5,0.3,7,0.58,0.63,7,0.81,84.5538164033
5,0.3,7,0.78,0.43,7,0.61,85.3813489673
5,0.3,7,0.78,0.43,7,0.61,90.1448467427
5,0.3,7,0.78,0.43,7,0.61,86.4642903814
5,0.3,7,0.78,0.43,7,0.61,88.0765085375
5,0.3,7,0.78,0.43,7,0.61,88.3328341912
5,0.3,7,0.78,0.43,7,0.81,87.4278880966
5,0.3,7,0.78,0.43,7,0.81,87.6687796091
5,0.3,7,0.78,0.43,7,0.81,86.4874099645
5,0.3,7,0.78,0.43,7,0.81,87.3737466192
5,0.3,7,0.78,0.43,7,0.81,91.9805460838
5,0.3,7,0.78,0.63,7,0.61,84.3469684313
5,0.3,7,0.78,0.63,7,0.61,81.2901654228
5,0.3,7,0.78,0.63,7,0.61,82.2031973458
5,0.3,7,0.78,0.63,7,0.61,89.1107832989
5,0.3,7,0.78,0.63,7,0.61,84.985392194
5,0.3,7,0.78,0.63,7,0.81,90.0472292098
5,0.3,7,0.78,0.63,7,0.81,82.3893548072
5,0.3,7,0.78,0.63,7,0.81,86.9335069667
5,0.3,7,0.78,0.63,7,0.81,85.5720881361
5,0.3,7,0.78,0.63,7,0.81,83.369818801
5,0.5,7,0.58,0.43,7,0.61,85.4740891855
5,0.5,7,0.58,0.43,7,0.61,85.3895230256
5,0.5,7,0.58,0.43,7,0.61,84.7516993198
5,0.5,7,0.58,0.43,7,0.61,85.5931536882
5,0.5,7,0.58,0.43,7,0.61,84.0043527578
5,0.5,7,0.58,0.43,7,0.81,85.3968259468
5,0.5,7,0.58,0.43,7,0.81,83.0519120362
5,0.5,7,0.58,0.43,7,0.81,81.908057979
5,0.5,7,0.58,0.43,7,0.81,80.0168800622
5,0.5,7,0.58,0.43,7,0.81,84.8112703696
5,0.5,7,0.58,0.63,7,0.61,83.2508034244
5,0.5,7,0.58,0.63,7,0.61,80.2564345486
5,0.5,7,0.58,0.63,7,0.61,81.9091524641
5,0.5,7,0.58,0.63,7,0.61,82.7634790383
5,0.5,7,0.58,0.63,7,0.61,83.7315775298
5,0.5,7,0.58,0.63,7,0.81,82.3329978971
5,0.5,7,0.58,0.63,7,0.81,83.827538892
5,0.5,7,0.58,0.63,7,0.81,81.2158516825
5,0.5,7,0.58,0.63,7,0.81,80.9322787536
5,0.5,7,0.58,0.63,7,0.81,81.402561243
5,0.5,7,0.78,0.43,7,0.61,83.5959116327
5,0.5,7,0.78,0.43,7,0.61,89.5579989297
5,0.5,7,0.78,0.43,7,0.61,81.5136286387
5,0.5,7,0.78,0.43,7,0.61,86.0422367101
5,0.5,7,0.78,0.43,7,0.61,85.9246470136
5,0.5,7,0.78,0.43,7,0.81,80.6469234568
5,0.5,7,0.78,0.43,7,0.81,88.1608224322
5,0.5,7,0.78,0.43,7,0.81,82.3766995075
5,0.5,7,0.78,0.43,7,0.81,89.9539831746
5,0.5,7,0.78,0.43,7,0.81,83.7663339216
5,0.5,7,0.78,0.63,7,0.61,82.9673257217
5,0.5,7,0.78,0.63,7,0.61,83.0527482991
5,0.5,7,0.78,0.63,7,0.61,79.1182087782
5,0.5,7,0.78,0.63,7,0.61,81.7627629854
5,0.5,7,0.78,0.63,7,0.61,80.9697649877
5,0.5,7,0.78,0.63,7,0.81,80.3871172074
5,0.5,7,0.78,0.63,7,0.81,83.6463759303
5,0.5,7,0.78,0.63,7,0.81,81.1693451498
5,0.5,7,0.78,0.63,7,0.81,83.6340953536
5,0.5,7,0.78,0.63,7,0.81,84.5063801225
10,0.3,7,0.58,0.43,7,0.61,77.1547552728
10,0.3,7,0.58,0.43,7,0.61,76.9266156502
10,0.3,7,0.58,0.43,7,0.61,79.6900438135
10,0.3,7,0.58,0.43,7,0.61,79.4280956601
10,0.3,7,0.58,0.43,7,0.61,79.5052075696
10,0.3,7,0.58,0.43,7,0.81,77.8036629772
10,0.3,7,0.58,0.43,7,0.81,77.6182132798
10,0.3,7,0.58,0.43,7,0.81,81.7667478002
10,0.3,7,0.58,0.43,7,0.81,77.8113809776
10,0.3,7,0.58,0.43,7,0.81,79.2668204989
10,0.3,7,0.58,0.63,7,0.61,78.1419921164
10,0.3,7,0.58,0.63,7,0.61,78.8041913204
10,0.3,7,0.58,0.63,7,0.61,77.8318002987
10,0.3,7,0.58,0.63,7,0.61,82.5470818751
10,0.3,7,0.58,0.63,7,0.61,76.7179236085
10,0.3,7,0.58,0.63,7,0.81,79.1968414944
10,0.3,7,0.58,0.63,7,0.81,77.9338570918
10,0.3,7,0.58,0.63,7,0.81,79.1510286363
10,0.3,7,0.58,0.63,7,0.81,81.7629073096
10,0.3,7,0.58,0.63,7,0.81,77.5863011084
10,0.3,7,0.78,0.43,7,0.61,78.2816559473
10,0.3,7,0.78,0.43,7,0.61,81.0888813966
10,0.3,7,0.78,0.43,7,0.61,79.154047266
10,0.3,7,0.78,0.43,7,0.61,79.3155809425
10,0.3,7,0.78,0.43,7,0.61,79.2151144671
10,0.3,7,0.78,0.43,7,0.81,75.4476250805
10,0.3,7,0.78,0.43,7,0.81,78.422940473
10,0.3,7,0.78,0.43,7,0.81,84.3634432183
10,0.3,7,0.78,0.43,7,0.81,75.9235404347
10,0.3,7,0.78,0.43,7,0.81,82.4655591052
10,0.3,7,0.78,0.63,7,0.61,76.4746381661
10,0.3,7,0.78,0.63,7,0.61,85.703730821
10,0.3,7,0.78,0.63,7,0.61,77.6579852678
10,0.3,7,0.78,0.63,7,0.61,71.5458364866
10,0.3,7,0.78,0.63,7,0.61,79.8118790463
10,0.3,7,0.78,0.63,7,0.81,75.1358979565
10,0.3,7,0.78,0.63,7,0.81,83.4065374122
10,0.3,7,0.78,0.63,7,0.81,79.1704633882
10,0.3,7,0.78,0.63,7,0.81,79.6785686022
10,0.3,7,0.78,0.63,7,0.81,79.7774869099
10,0.5,7,0.58,0.43,7,0.61,76.8232574673
10,0.5,7,0.58,0.43,7,0.61,78.1251672958
10,0.5,7,0.58,0.43,7,0.61,81.474414657
10,0.5,7,0.58,0.43,7,0.61,79.6949787832
10,0.5,7,0.58,0.43,7,0.61,78.4203431887
10,0.5,7,0.58,0.43,7,0.81,75.9992101818
10,0.5,7,0.58,0.43,7,0.81,75.5536329061
10,0.5,7,0.58,0.43,7,0.81,83.4455518807
10,0.5,7,0.58,0.43,7,0.81,75.2070808467
10,0.5,7,0.58,0.43,7,0.81,79.053534857
10,0.5,7,0.58,0.63,7,0.61,75.6994627557
10,0.5,7,0.58,0.63,7,0.61,78.082568616
10,0.5,7,0.58,0.63,7,0.61,71.6166622073
10,0.5,7,0.58,0.63,7,0.61,77.3324975083
10,0.5,7,0.58,0.63,7,0.61,77.744644705
10,0.5,7,0.58,0.63,7,0.81,74.6309163325
10,0.5,7,0.58,0.63,7,0.81,80.845912752
10,0.5,7,0.58,0.63,7,0.81,73.8877113072
10,0.5,7,0.58,0.63,7,0.81,78.7501911411
10,0.5,7,0.58,0.63,7,0.81,78.3061126965
10,0.5,7,0.78,0.43,7,0.61,75.6732670812
10,0.5,7,0.78,0.43,7,0.61,78.8056926635
10,0.5,7,0.78,0.43,7,0.61,75.5308169364
10,0.5,7,0.78,0.43,7,0.61,74.9032961755
10,0.5,7,0.78,0.43,7,0.61,77.6910201336
10,0.5,7,0.78,0.43,7,0.81,78.8278507876
10,0.5,7,0.78,0.43,7,0.81,78.1367433953
10,0.5,7,0.78,0.43,7,0.81,76.6487795429
10,0.5,7,0.78,0.43,7,0.81,78.4418468185
10,0.5,7,0.78,0.43,7,0.81,80.008083733
10,0.5,7,0.78,0.63,7,0.61,77.6656573567
10,0.5,7,0.78,0.63,7,0.61,76.1097455222
10,0.5,7,0.78,0.63,7,0.61,76.0128686983
10,0.5,7,0.78,0.63,7,0.61,75.7497547967
10,0.5,7,0.78,0.63,7,0.61,77.7953820489
10,0.5,7,0.78,0.63,7,0.81,75.2774952782
10,0.5,7,0.78,0.63,7,0.81,77.3478530497
10,0.5,7,0.78,0.63,7,0.81,76.0358865547
10,0.5,7,0.78,0.63,7,0.81,75.1094455399
10,0.5,7,0.78,0.63,7,0.81,80.6927543615
20,0.3,7,0.58,0.43,7,0.61,65.0403989173
20,0.3,7,0.58,0.43,7,0.61,69.1022942381
20,0.3,7,0.58,0.43,7,0.61,67.5881264722
20,0.3,7,0.58,0.43,7,0.61,66.2204942608
20,0.3,7,0.58,0.43,7,0.61,62.8727565794
20,0.3,7,0.58,0.43,7,0.81,63.9442516672
20,0.3,7,0.58,0.43,7,0.81,63.3369919427
20,0.3,7,0.58,0.43,7,0.81,64.8653061992
20,0.3,7,0.58,0.43,7,0.81,65.9624056057
20,0.3,7,0.58,0.43,7,0.81,65.8820445426
20,0.3,7,0.58,0.63,7,0.61,64.6708299055
20,0.3,7,0.58,0.63,7,0.61,65.8197119189
20,0.3,7,0.58,0.63,7,0.61,64.8953094082
20,0.3,7,0.58,0.63,7,0.61,66.1717254388
20,0.3,7,0.58,0.63,7,0.61,67.9299243057
20,0.3,7,0.58,0.63,7,0.81,67.5052392468
20,0.3,7,0.58,0.63,7,0.81,70.450158925
20,0.3,7,0.58,0.63,7,0.81,62.0048341057
20,0.3,7,0.58,0.63,7,0.81,70.3124736404
20,0.3,7,0.58,0.63,7,0.81,66.2833310707
20,0.3,7,0.78,0.43,7,0.61,69.2173245871
20,0.3,7,0.78,0.43,7,0.61,68.2091740219
20,0.3,7,0.78,0.43,7,0.61,65.3306235619
20,0.3,7,0.78,0.43,7,0.61,68.6729193711
20,0.3,7,0.78,0.43,7,0.61,66.2252875318
20,0.3,7,0.78,0.43,7,0.81,65.9732272972
20,0.3,7,0.78,0.43,7,0.81,67.7784501343
20,0.3,7,0.78,0.43,7,0.81,67.4083092801
20,0.3,7,0.78,0.43,7,0.81,69.3563160279
20,0.3,7,0.78,0.43,7,0.81,65.4016470664
20,0.3,7,0.78,0.63,7,0.61,64.5965093699
20,0.3,7,0.78,0.63,7,0.61,70.5211192645
20,0.3,7,0.78,0.63,7,0.61,66.3282898516
20,0.3,7,0.78,0.63,7,0.61,68.2095861009
20,0.3,7,0.78,0.63,7,0.61,66.0991662708
20,0.3,7,0.78,0.63,7,0.81,67.0755741818
20,0.3,7,0.78,0.63,7,0.81,67.9953062278
20,0.3,7,0.78,0.63,7,0.81,68.3881735313
20,0.3,7,0.78,0.63,7,0.81,67.548757806
20,0.3,7,0.78,0.63,7,0.81,65.6335497413
20,0.5,7,0.58,0.43,7,0.61,65.6988202379
20,0.5,7,0.58,0.43,7,0.61,64.2374502948
20,0.5,7,0.58,0.43,7,0.61,71.366225289
20,0.5,7,0.58,0.43,7,0.61,66.102015303
20,0.5,7,0.58,0.43,7,0.61,67.2936821907
20,0.5,7,0.58,0.43,7,0.81,67.0272475664
20,0.5,7,0.58,0.43,7,0.81,63.3798975273
20,0.5,7,0.58,0.43,7,0.81,65.2608719655
20,0.5,7,0.58,0.43,7,0.81,68.2631064451
20,0.5,7,0.58,0.43,7,0.81,69.0333771639
20,0.5,7,0.58,0.63,7,0.61,63.075448803
20,0.5,7,0.58,0.63,7,0.61,72.7978111033
20,0.5,7,0.58,0.63,7,0.61,63.7833211831
20,0.5,7,0.58,0.63,7,0.61,67.628739218
20,0.5,7,0.58,0.63,7,0.61,69.3271706357
20,0.5,7,0.58,0.63,7,0.81,65.9006806934
20,0.5,7,0.58,0.63,7,0.81,66.7777603706
20,0.5,7,0.58,0.63,7,0.81,63.0157117444
20,0.5,7,0.58,0.63,7,0.81,67.1995699288
20,0.5,7,0.58,0.63,7,0.81,65.7850931638
20,0.5,7,0.78,0.43,7,0.61,68.0107011144
20,0.5,7,0.78,0.43,7,0.61,65.4583995142
20,0.5,7,0.78,0.43,7,0.61,62.3712422176
20,0.5,7,0.78,0.43,7,0.61,64.0394734811
20,0.5,7,0.78,0.43,7,0.61,69.6208234394
20,0.5,7,0.78,0.43,7,0.81,64.1655959877
20,0.5,7,0.78,0.43,7,0.81,67.8104464508
20,0.5,7,0.78,0.43,7,0.81,68.1007123275
20,0.5,7,0.78,0.43,7,0.81,69.6664280274
20,0.5,7,0.78,0.43,7,0.81,65.7291834063
20,0.5,7,0.78,0.63,7,0.61,66.1982546225
20,0.5,7,0.78,0.63,7,0.61,67.3006451655
20,0.5,7,0.78,0.63,7,0.61,65.3994542676
20,0.5,7,0.78,0.63,7,0.61,61.6818130327
20,0.5,7,0.78,0.63,7,0.61,63.9701954531
20,0.5,7,0.78,0.63,7,0.81,64.0986280806
20,0.5,7,0.78,0.63,7,0.81,65.9068677412
20,0.5,7,0.78,0.63,7,0.81,64.400891098
20,0.5,7,0.78,0.63,7,0.81,61.0141713669
20,0.5,7,0.78,0.63,7,0.81,65.922747804
30,0.3,7,0.58,0.43,7,0.61,59.7670392668
30,0.3,7,0.58,0.43,7,0.61,58.7746401582
30,0.3,7,0.58,0.43,7,0.61,57.9642302939
30,0.3,7,0.58,0.43,7,0.61,62.3797525136
30,0.3,7,0.58,0.43,7,0.61,60.5871836177
30,0.3,7,0.58,0.43,7,0.81,63.5720599935
30,0.3,7,0.58,0.43,7,0.81,63.3665610559
30,0.3,7,0.58,0.43,7,0.81,60.2135052686
30,0.3,7,0.58,0.43,7,0.81,61.9172758973
30,0.3,7,0.58,0.43,7,0.81,61.8429522626
30,0.3,7,0.58,0.63,7,0.61,61.646771941
30,0.3,7,0.58,0.63,7,0.61,62.8990942748
30,0.3,7,0.58,0.63,7,0.61,61.5736095842
30,0.3,7,0.58,0.63,7,0.61,62.9428387208
30,0.3,7,0.58,0.63,7,0.61,58.8488413507
30,0.3,7,0.58,0.63,7,0.81,60.7739362034
30,0.3,7,0.58,0.63,7,0.81,58.7998784364
30,0.3,7,0.58,0.63,7,0.81,61.1281935276
30,0.3,7,0.58,0.63,7,0.81,63.8609718986
30,0.3,7,0.58,0.63,7,0.81,63.3067685601
30,0.3,7,0.78,0.43,7,0.61,60.4305205535
30,0.3,7,0.78,0.43,7,0.61,60.4563530322
30,0.3,7,0.78,0.43,7,0.61,61.9928795167
30,0.3,7,0.78,0.43,7,0.61,59.1861365989
30,0.3,7,0.78,0.43,7,0.61,58.4308320775
30,0.3,7,0.78,0.43,7,0.81,62.9941763914
30,0.3,7,0.78,0.43,7,0.81,62.716478154
30,0.3,7,0.78,0.43,7,0.81,59.9933138396
30,0.3,7,0.78,0.43,7,0.81,59.9712330746
30,0.3,7,0.78,0.43,7,0.81,61.3460090638
30,0.3,7,0.78,0.63,7,0.61,60.2501787772
30,0.3,7,0.78,0.63,7,0.61,62.6461308906
30,0.3,7,0.78,0.63,7,0.61,60.0466239568
30,0.3,7,0.78,0.63,7,0.61,63.6307117088
30,0.3,7,0.78,0.63,7,0.61,58.4822460532
30,0.3,7,0.78,0.63,7,0.81,61.3163980343
30,0.3,7,0.78,0.63,7,0.81,61.0739234542
30,0.3,7,0.78,0.63,7,0.81,55.2082182266
30,0.3,7,0.78,0.63,7,0.81,59.9863891712
30,0.3,7,0.78,0.63,7,0.81,60.6551811056
30,0.5,7,0.58,0.43,7,0.61,60.8575466674
30,0.5,7,0.58,0.43,7,0.61,61.8001240814
30,0.5,7,0.58,0.43,7,0.61,61.4486777887
30,0.5,7,0.58,0.43,7,0.61,61.4308189534
30,0.5,7,0.58,0.43,7,0.61,57.3757530906
30,0.5,7,0.58,0.43,7,0.81,62.303439645
30,0.5,7,0.58,0.43,7,0.81,65.3759767731
30,0.5,7,0.58,0.43,7,0.81,61.0318778554
30,0.5,7,0.58,0.43,7,0.81,60.2569798376
30,0.5,7,0.58,0.43,7,0.81,57.610728563
30,0.5,7,0.58,0.63,7,0.61,56.4952138182
30,0.5,7,0.58,0.63,7,0.61,64.4763150948
30,0.5,7,0.58,0.63,7,0.61,54.6751350968
30,0.5,7,0.58,0.63,7,0.61,60.0089128983
30,0.5,7,0.58,0.63,7,0.61,59.5111579771
30,0.5,7,0.58,0.63,7,0.81,56.6339153204
30,0.5,7,0.58,0.63,7,0.81,58.6422927082
30,0.5,7,0.58,0.63,7,0.81,56.9504158086
30,0.5,7,0.58,0.63,7,0.81,63.2769948988
30,0.5,7,0.58,0.63,7,0.81,57.9724225184
30,0.5,7,0.78,0.43,7,0.61,59.3115796827
30,0.5,7,0.78,0.43,7,0.61,58.8168604721
30,0.5,7,0.78,0.43,7,0.61,55.9695993665
30,0.5,7,0.78,0.43,7,0.61,60.270566536
30,0.5,7,0.78,0.43,7,0.61,58.5660996923
30,0.5,7,0.78,0.43,7,0.81,56.5603760868
30,0.5,7,0.78,0.43,7,0.81,56.3745130468
30,0.5,7,0.78,0.43,7,0.81,59.6879522202
30,0.5,7,0.78,0.43,7,0.81,59.9350858343
30,0.5,7,0.78,0.43,7,0.81,55.9130865746
30,0.5,7,0.78,0.63,7,0.61,53.3496791489
30,0.5,7,0.78,0.63,7,0.61,59.2529105401
30,0.5,7,0.78,0.63,7,0.61,58.2736845888
30,0.5,7,0.78,0.63,7,0.61,56.4074317383
30,0.5,7,0.78,0.63,7,0.61,60.5528685149
30,0.5,7,0.78,0.63,7,0.81,57.8906400425
30,0.5,7,0.78,0.63,7,0.81,56.7017385996
30,0.5,7,0.78,0.63,7,0.81,63.1145050888
30,0.5,7,0.78,0.63,7,0.81,63.0430414885
30,0.5,7,0.78,0.63,7,0.81,62.6786347465
1,0.3333,7,0.3333,0.3333,7,0.3333,90.452554137
1,0.3333,7,0.3333,0.3333,7,0.3333,90.8047138094
1,0.3333,7,0.3333,0.3333,7,0.3333,90.0450558842
1,0.3333,7,0.3333,0.3333,7,0.3333,91.6972168049
1,0.3333,7,0.3333,0.3333,7,0.3333,90.6773552702
1,0.3333,7,0.3333,0.3333,7,0.6666,91.6401795673
1,0.3333,7,0.3333,0.3333,7,0.6666,91.5973250916
1,0.3333,7,0.3333,0.3333,7,0.6666,91.5813491874
1,0.3333,7,0.3333,0.3333,7,0.6666,91.5396723714
1,0.3333,7,0.3333,0.3333,7,0.6666,91.7403108455
1,0.3333,7,0.3333,0.6666,7,0.3333,87.915975913
1,0.3333,7,0.3333,0.6666,7,0.3333,86.9426463853
1,0.3333,7,0.3333,0.6666,7,0.3333,85.9979409259
1,0.3333,7,0.3333,0.6666,7,0.3333,86.4771356544
1,0.3333,7,0.3333,0.6666,7,0.3333,86.1133492722
1,0.3333,7,0.3333,0.6666,7,0.6666,87.8973773664
1,0.3333,7,0.3333,0.6666,7,0.6666,87.2331095116
1,0.3333,7,0.3333,0.6666,7,0.6666,86.4495601163
1,0.3333,7,0.3333,0.6666,7,0.6666,86.9140298079
1,0.3333,7,0.3333,0.6666,7,0.6666,86.9592002941
1,0.3333,7,0.6666,0.3333,7,0.3333,91.6702962974
1,0.3333,7,0.6666,0.3333,7,0.3333,90.6251588758
1,0.3333,7,0.6666,0.3333,7,0.3333,90.9274346675
1,0.3333,7,0.6666,0.3333,7,0.3333,90.3296744905
1,0.3333,7,0.6666,0.3333,7,0.3333,91.0160428591
1,0.3333,7,0.6666,0.3333,7,0.6666,89.8866143439
1,0.3333,7,0.6666,0.3333,7,0.6666,90.6950151613
1,0.3333,7,0.6666,0.3333,7,0.6666,91.0386520661
1,0.3333,7,0.6666,0.3333,7,0.6666,90.1595683512
1,0.3333,7,0.6666,0.3333,7,0.6666,90.5255213094
1,0.3333,7,0.6666,0.6666,7,0.3333,86.9118123504
1,0.3333,7,0.6666,0.6666,7,0.3333,87.0254354848
1,0.3333,7,0.6666,0.6666,7,0.3333,87.9001452637
1,0.3333,7,0.6666,0.6666,7,0.3333,86.584507763
1,0.3333,7,0.6666,0.6666,7,0.3333,86.7557925137
1,0.3333,7,0.6666,0.6666,7,0.6666,85.8483542489
1,0.3333,7,0.6666,0.6666,7,0.6666,87.3774754771
1,0.3333,7,0.6666,0.6666,7,0.6666,86.1843739823
1,0.3333,7,0.6666,0.6666,7,0.6666,87.498579543
1,0.3333,7,0.6666,0.6666,7,0.6666,87.087646854
1,0.6666,7,0.3333,0.3333,7,0.3333,85.9302608229
1,0.6666,7,0.3333,0.3333,7,0.3333,86.2117363342
1,0.6666,7,0.3333,0.3333,7,0.3333,86.5724959261
1,0.6666,7,0.3333,0.3333,7,0.3333,87.1286400252
1,0.6666,7,0.3333,0.3333,7,0.3333,87.3370668895
1,0.6666,7,0.3333,0.3333,7,0.6666,87.2198054139
1,0.6666,7,0.3333,0.3333,7,0.6666,86.1514177751
1,0.6666,7,0.3333,0.3333,7,0.6666,86.1665339521
1,0.6666,7,0.3333,0.3333,7,0.6666,86.2563901436
1,0.6666,7,0.3333,0.3333,7,0.6666,85.7035161255
1,0.6666,7,0.3333,0.6666,7,0.3333,83.2490109717
1,0.6666,7,0.3333,0.6666,7,0.3333,83.538064481
1,0.6666,7,0.3333,0.6666,7,0.3333,84.1210815017
1,0.6666,7,0.3333,0.6666,7,0.3333,82.7544814891
1,0.6666,7,0.3333,0.6666,7,0.3333,83.2320192982
1,0.6666,7,0.3333,0.6666,7,0.6666,83.2194113675
1,0.6666,7,0.3333,0.6666,7,0.6666,83.2805528048
1,0.6666,7,0.3333,0.6666,7,0.6666,82.7407117431
1,0.6666,7,0.3333,0.6666,7,0.6666,83.1193318446
1,0.6666,7,0.3333,0.6666,7,0.6666,82.7257218723
1,0.6666,7,0.6666,0.3333,7,0.3333,86.6630409534
1,0.6666,7,0.6666,0.3333,7,0.3333,86.9374348574
1,0.6666,7,0.6666,0.3333,7,0.3333,86.615052434
1,0.6666,7,0.6666,0.3333,7,0.3333,86.2909813845
1,0.6666,7,0.6666,0.3333,7,0.3333,86.2660230079
1,0.6666,7,0.6666,0.3333,7,0.6666,85.7176364142
1,0.6666,7,0.6666,0.3333,7,0.6666,86.0221908215
1,0.6666,7,0.6666,0.3333,7,0.6666,85.6422419963
1,0.6666,7,0.6666,0.3333,7,0.6666,85.2553470023
1,0.6666,7,0.6666,0.3333,7,0.6666,85.3674255241
1,0.6666,7,0.6666,0.6666,7,0.3333,82.6439124806
1,0.6666,7,0.6666,0.6666,7,0.3333,83.0761598812
1,0.6666,7,0.6666,0.6666,7,0.3333,82.5560661428
1,0.6666,7,0.6666,0.6666,7,0.3333,83.1040576029
1,0.6666,7,0.6666,0.6666,7,0.3333,82.6325163449
1,0.6666,7,0.6666,0.6666,7,0.6666,82.75296665
1,0.6666,7,0.6666,0.6666,7,0.6666,82.9527678173
1,0.6666,7,0.6666,0.6666,7,0.6666,82.6173155512
1,0.6666,7,0.6666,0.6666,7,0.6666,83.1613981226
1,0.6666,7,0.6666,0.6666,7,0.6666,82.7517870629
5,0.3333,7,0.3333,0.3333,7,0.3333,90.362737099
5,0.3333,7,0.3333,0.3333,7,0.3333,86.869802316
5,0.3333,7,0.3333,0.3333,7,0.3333,85.2690530595
5,0.3333,7,0.3333,0.3333,7,0.3333,86.8404960796
5,0.3333,7,0.3333,0.3333,7,0.3333,87.2395853426
5,0.3333,7,0.3333,0.3333,7,0.6666,87.7262121762
5,0.3333,7,0.3333,0.3333,7,0.6666,85.2111448138
5,0.3333,7,0.3333,0.3333,7,0.6666,89.8518391275
5,0.3333,7,0.3333,0.3333,7,0.6666,87.0272039876
5,0.3333,7,0.3333,0.3333,7,0.6666,88.5776993601
5,0.3333,7,0.3333,0.6666,7,0.3333,83.9090976761
5,0.3333,7,0.3333,0.6666,7,0.3333,86.2557643089
5,0.3333,7,0.3333,0.6666,7,0.3333,83.2687191453
5,0.3333,7,0.3333,0.6666,7,0.3333,84.8894624789
5,0.3333,7,0.3333,0.6666,7,0.3333,84.6133119859
5,0.3333,7,0.3333,0.6666,7,0.6666,85.1069335385
5,0.3333,7,0.3333,0.6666,7,0.6666,86.1328306782
5,0.3333,7,0.3333,0.6666,7,0.6666,83.9417708333
5,0.3333,7,0.3333,0.6666,7,0.6666,85.6346160229
5,0.3333,7,0.3333,0.6666,7,0.6666,86.9683620712
5,0.3333,7,0.6666,0.3333,7,0.3333,87.5873572936
5,0.3333,7,0.6666,0.3333,7,0.3333,88.9983468942
5,0.3333,7,0.6666,0.3333,7,0.3333,85.2681259013
5,0.3333,7,0.6666,0.3333,7,0.3333,86.3146633518
5,0.3333,7,0.6666,0.3333,7,0.3333,86.3379963068
5,0.3333,7,0.6666,0.3333,7,0.6666,84.2614656601
5,0.3333,7,0.6666,0.3333,7,0.6666,86.0059741701
5,0.3333,7,0.6666,0.3333,7,0.6666,85.6768746271
5,0.3333,7,0.6666,0.3333,7,0.6666,89.9500631003
5,0.3333,7,0.6666,0.3333,7,0.6666,87.4137691406
5,0.3333,7,0.6666,0.6666,7,0.3333,84.7586826506
5,0.3333,7,0.6666,0.6666,7,0.3333,84.788041053
5,0.3333,7,0.6666,0.6666,7,0.3333,83.8002376335
5,0.3333,7,0.6666,0.6666,7,0.3333,83.5742518653
5,0.3333,7,0.6666,0.6666,7,0.3333,83.7095181882
5,0.3333,7,0.6666,0.6666,7,0.6666,83.6183286434
5,0.3333,7,0.6666,0.6666,7,0.6666,85.5851174669
5,0.3333,7,0.6666,0.6666,7,0.6666,83.816188539
5,0.3333,7,0.6666,0.6666,7,0.6666,83.1350580711
5,0.3333,7,0.6666,0.6666,7,0.6666,85.3627658898
5,0.6666,7,0.3333,0.3333,7,0.3333,82.3311535848
5,0.6666,7,0.3333,0.3333,7,0.3333,81.4539540164
5,0.6666,7,0.3333,0.3333,7,0.3333,80.8919653848
5,0.6666,7,0.3333,0.3333,7,0.3333,84.5685088368
5,0.6666,7,0.3333,0.3333,7,0.3333,82.7476959468
5,0.6666,7,0.3333,0.3333,7,0.6666,83.6492909961
5,0.6666,7,0.3333,0.3333,7,0.6666,82.8631084536
5,0.6666,7,0.3333,0.3333,7,0.6666,82.4364429635
5,0.6666,7,0.3333,0.3333,7,0.6666,79.3193691886
5,0.6666,7,0.3333,0.3333,7,0.6666,85.6397677312
5,0.6666,7,0.3333,0.6666,7,0.3333,82.6393475322
5,0.6666,7,0.3333,0.6666,7,0.3333,79.5421688706
5,0.6666,7,0.3333,0.6666,7,0.3333,80.9521808096
5,0.6666,7,0.3333,0.6666,7,0.3333,80.8561125683
5,0.6666,7,0.3333,0.6666,7,0.3333,79.6682913084
5,0.6666,7,0.3333,0.6666,7,0.6666,81.9445736278
5,0.6666,7,0.3333,0.6666,7,0.6666,79.7084936109
5,0.6666,7,0.3333,0.6666,7,0.6666,80.3795741569
5,0.6666,7,0.3333,0.6666,7,0.6666,78.210034421
5,0.6666,7,0.3333,0.6666,7,0.6666,80.2612420033
5,0.6666,7,0.6666,0.3333,7,0.3333,83.0492563911
5,0.6666,7,0.6666,0.3333,7,0.3333,82.6687491871
5,0.6666,7,0.6666,0.3333,7,0.3333,81.1752032879
5,0.6666,7,0.6666,0.3333,7,0.3333,82.0864007863
5,0.6666,7,0.6666,0.3333,7,0.3333,82.3973334503
5,0.6666,7,0.6666,0.3333,7,0.6666,87.4453523994
5,0.6666,7,0.6666,0.3333,7,0.6666,84.8307607549
5,0.6666,7,0.6666,0.3333,7,0.6666,82.0171252717
5,0.6666,7,0.6666,0.3333,7,0.6666,83.0251610921
5,0.6666,7,0.6666,0.3333,7,0.6666,83.6064054967
5,0.6666,7,0.6666,0.6666,7,0.3333,82.289681452
5,0.6666,7,0.6666,0.6666,7,0.3333,81.0742324747
5,0.6666,7,0.6666,0.6666,7,0.3333,81.4847725218
5,0.6666,7,0.6666,0.6666,7,0.3333,81.5000450456
5,0.6666,7,0.6666,0.6666,7,0.3333,80.2479437707
5,0.6666,7,0.6666,0.6666,7,0.6666,80.2319400328
5,0.6666,7,0.6666,0.6666,7,0.6666,79.231485803
5,0.6666,7,0.6666,0.6666,7,0.6666,81.8664442147
5,0.6666,7,0.6666,0.6666,7,0.6666,82.0232163963
5,0.6666,7,0.6666,0.6666,7,0.6666,81.9573812215
10,0.3333,7,0.3333,0.3333,7,0.3333,78.7434839654
10,0.3333,7,0.3333,0.3333,7,0.3333,80.7208527026
10,0.3333,7,0.3333,0.3333,7,0.3333,79.7785399464
10,0.3333,7,0.3333,0.3333,7,0.3333,78.4001869428
10,0.3333,7,0.3333,0.3333,7,0.3333,77.4289951968
10,0.3333,7,0.3333,0.3333,7,0.6666,75.0563640472
10,0.3333,7,0.3333,0.3333,7,0.6666,77.0589828952
10,0.3333,7,0.3333,0.3333,7,0.6666,81.0189157149
10,0.3333,7,0.3333,0.3333,7,0.6666,75.5423030675
10,0.3333,7,0.3333,0.3333,7,0.6666,77.3633613239
10,0.3333,7,0.3333,0.6666,7,0.3333,77.5772292053
10,0.3333,7,0.3333,0.6666,7,0.3333,81.4747903119
10,0.3333,7,0.3333,0.6666,7,0.3333,76.9587953078
10,0.3333,7,0.3333,0.6666,7,0.3333,77.7039721931
10,0.3333,7,0.3333,0.6666,7,0.3333,75.9392739034
10,0.3333,7,0.3333,0.6666,7,0.6666,81.0087902236
10,0.3333,7,0.3333,0.6666,7,0.6666,77.0817063793
10,0.3333,7,0.3333,0.6666,7,0.6666,77.7801454667
10,0.3333,7,0.3333,0.6666,7,0.6666,79.9656934412
10,0.3333,7,0.3333,0.6666,7,0.6666,78.4910078295
10,0.3333,7,0.6666,0.3333,7,0.3333,81.0202973887
10,0.3333,7,0.6666,0.3333,7,0.3333,81.9757620493
10,0.3333,7,0.6666,0.3333,7,0.3333,76.4155780997
10,0.3333,7,0.6666,0.3333,7,0.3333,81.8765773533
10,0.3333,7,0.6666,0.3333,7,0.3333,79.9969303806
10,0.3333,7,0.6666,0.3333,7,0.6666,78.4384675975
10,0.3333,7,0.6666,0.3333,7,0.6666,75.9241304308
10,0.3333,7,0.6666,0.3333,7,0.6666,79.2507304768
10,0.3333,7,0.6666,0.3333,7,0.6666,80.0238911835
10,0.3333,7,0.6666,0.3333,7,0.6666,80.0622961573
10,0.3333,7,0.6666,0.6666,7,0.3333,81.6720220521
10,0.3333,7,0.6666,0.6666,7,0.3333,76.9441327771
10,0.3333,7,0.6666,0.6666,7,0.3333,75.3386771277
10,0.3333,7,0.6666,0.6666,7,0.3333,75.7314054714
10,0.3333,7,0.6666,0.6666,7,0.3333,78.7508518425
10,0.3333,7,0.6666,0.6666,7,0.6666,71.7420233095
10,0.3333,7,0.6666,0.6666,7,0.6666,78.3648593341
10,0.3333,7,0.6666,0.6666,7,0.6666,80.5971932307
10,0.3333,7,0.6666,0.6666,7,0.6666,78.8266279322
10,0.3333,7,0.6666,0.6666,7,0.6666,79.3848047213
10,0.6666,7,0.3333,0.3333,7,0.3333,80.5841422542
10,0.6666,7,0.3333,0.3333,7,0.3333,74.0912738727
10,0.6666,7,0.3333,0.3333,7,0.3333,74.7725034611
10,0.6666,7,0.3333,0.3333,7,0.3333,81.9783111509
10,0.6666,7,0.3333,0.3333,7,0.3333,80.1826912274
10,0.6666,7,0.3333,0.3333,7,0.6666,76.7692911748
10,0.6666,7,0.3333,0.3333,7,0.6666,74.2474898681
10,0.6666,7,0.3333,0.3333,7,0.6666,76.2117224149
10,0.6666,7,0.3333,0.3333,7,0.6666,77.045096084
10,0.6666,7,0.3333,0.3333,7,0.6666,77.7146315511
10,0.6666,7,0.3333,0.6666,7,0.3333,77.8920653745
10,0.6666,7,0.3333,0.6666,7,0.3333,70.8281721693
10,0.6666,7,0.3333,0.6666,7,0.3333,78.9182173695
10,0.6666,7,0.3333,0.6666,7,0.3333,72.1695541125
10,0.6666,7,0.3333,0.6666,7,0.3333,74.1348435952
10,0.6666,7,0.3333,0.6666,7,0.6666,77.5326556608
10,0.6666,7,0.3333,0.6666,7,0.6666,73.6830398696
10,0.6666,7,0.3333,0.6666,7,0.6666,77.4136956912
10,0.6666,7,0.3333,0.6666,7,0.6666,80.6755824282
10,0.6666,7,0.3333,0.6666,7,0.6666,71.5817542105
10,0.6666,7,0.6666,0.3333,7,0.3333,77.6093196901
10,0.6666,7,0.6666,0.3333,7,0.3333,77.9146516987
10,0.6666,7,0.6666,0.3333,7,0.3333,76.9383014041
10,0.6666,7,0.6666,0.3333,7,0.3333,75.2999395227
10,0.6666,7,0.6666,0.3333,7,0.3333,74.8826367655
10,0.6666,7,0.6666,0.3333,7,0.6666,77.5207227891
10,0.6666,7,0.6666,0.3333,7,0.6666,78.0848905046
10,0.6666,7,0.6666,0.3333,7,0.6666,78.0778522291
10,0.6666,7,0.6666,0.3333,7,0.6666,75.8186451189
10,0.6666,7,0.6666,0.3333,7,0.6666,74.2753822047
10,0.6666,7,0.6666,0.6666,7,0.3333,76.3462922907
10,0.6666,7,0.6666,0.6666,7,0.3333,76.1625540589
10,0.6666,7,0.6666,0.6666,7,0.3333,73.4350274176
10,0.6666,7,0.6666,0.6666,7,0.3333,77.5985258035
10,0.6666,7,0.6666,0.6666,7,0.3333,74.209972659
10,0.6666,7,0.6666,0.6666,7,0.6666,75.7534191581
10,0.6666,7,0.6666,0.6666,7,0.6666,75.4789319208
10,0.6666,7,0.6666,0.6666,7,0.6666,73.5614764614
10,0.6666,7,0.6666,0.6666,7,0.6666,73.8467955942
10,0.6666,7,0.6666,0.6666,7,0.6666,72.4325483929
20,0.3333,7,0.3333,0.3333,7,0.3333,67.7566497437
20,0.3333,7,0.3333,0.3333,7,0.3333,66.4354421629
20,0.3333,7,0.3333,0.3333,7,0.3333,71.0951207613
20,0.3333,7,0.3333,0.3333,7,0.3333,65.8897876593
20,0.3333,7,0.3333,0.3333,7,0.3333,69.3288882858
20,0.3333,7,0.3333,0.3333,7,0.6666,67.0844673876
20,0.3333,7,0.3333,0.3333,7,0.6666,68.0702094304
20,0.3333,7,0.3333,0.3333,7,0.6666,67.1747380706
20,0.3333,7,0.3333,0.3333,7,0.6666,64.2338081707
20,0.3333,7,0.3333,0.3333,7,0.6666,67.5721975712
20,0.3333,7,0.3333,0.6666,7,0.3333,64.867754243
20,0.3333,7,0.3333,0.6666,7,0.3333,68.1870551234
20,0.3333,7,0.3333,0.6666,7,0.3333,69.1434567294
20,0.3333,7,0.3333,0.6666,7,0.3333,64.7697031399
20,0.3333,7,0.3333,0.6666,7,0.3333,70.4517337542
20,0.3333,7,0.3333,0.6666,7,0.6666,67.8149938574
20,0.3333,7,0.3333,0.6666,7,0.6666,66.9059521934
20,0.3333,7,0.3333,0.6666,7,0.6666,64.5775554348
20,0.3333,7,0.3333,0.6666,7,0.6666,67.0017603722
20,0.3333,7,0.3333,0.6666,7,0.6666,66.330527999
20,0.3333,7,0.6666,0.3333,7,0.3333,62.475501518
20,0.3333,7,0.6666,0.3333,7,0.3333,68.06636051
20,0.3333,7,0.6666,0.3333,7,0.3333,69.3526347697
20,0.3333,7,0.6666,0.3333,7,0.3333,65.3339745917
20,0.3333,7,0.6666,0.3333,7,0.3333,67.9005236388
20,0.3333,7,0.6666,0.3333,7,0.6666,69.0966499244
20,0.3333,7,0.6666,0.3333,7,0.6666,65.3532710033
20,0.3333,7,0.6666,0.3333,7,0.6666,70.2338291512
20,0.3333,7,0.6666,0.3333,7,0.6666,69.4474578676
20,0.3333,7,0.6666,0.3333,7,0.6666,66.7037937888
20,0.3333,7,0.6666,0.6666,7,0.3333,67.9532934972
20,0.3333,7,0.6666,0.6666,7,0.3333,63.6670997405
20,0.3333,7,0.6666,0.6666,7,0.3333,68.0548529859
20,0.3333,7,0.6666,0.6666,7,0.3333,67.2392845185
20,0.3333,7,0.6666,0.6666,7,0.3333,68.4468371489
20,0.3333,7,0.6666,0.6666,7,0.6666,67.212904504
20,0.3333,7,0.6666,0.6666,7,0.6666,63.5504946516
20,0.3333,7,0.6666,0.6666,7,0.6666,68.65694845
20,0.3333,7,0.6666,0.6666,7,0.6666,66.2581723317
20,0.3333,7,0.6666,0.6666,7,0.6666,62.139364009
20,0.6666,7,0.3333,0.3333,7,0.3333,63.0732155832
20,0.6666,7,0.3333,0.3333,7,0.3333,62.8279973243
20,0.6666,7,0.3333,0.3333,7,0.3333,67.9744821816
20,0.6666,7,0.3333,0.3333,7,0.3333,70.177660223
20,0.6666,7,0.3333,0.3333,7,0.3333,64.5438613519
20,0.6666,7,0.3333,0.3333,7,0.6666,68.0047534
20,0.6666,7,0.3333,0.3333,7,0.6666,65.6240439105
20,0.6666,7,0.3333,0.3333,7,0.6666,64.0271209254
20,0.6666,7,0.3333,0.3333,7,0.6666,70.46400571
20,0.6666,7,0.3333,0.3333,7,0.6666,65.9850898169
20,0.6666,7,0.3333,0.6666,7,0.3333,64.2167032385
20,0.6666,7,0.3333,0.6666,7,0.3333,65.0346769616
20,0.6666,7,0.3333,0.6666,7,0.3333,64.9554800919
20,0.6666,7,0.3333,0.6666,7,0.3333,63.3016383692
20,0.6666,7,0.3333,0.6666,7,0.3333,65.8677190365
20,0.6666,7,0.3333,0.6666,7,0.6666,67.9151813372
20,0.6666,7,0.3333,0.6666,7,0.6666,66.7914132816
20,0.6666,7,0.3333,0.6666,7,0.6666,64.239366266
20,0.6666,7,0.3333,0.6666,7,0.6666,62.708539706
20,0.6666,7,0.3333,0.6666,7,0.6666,59.4022295206
20,0.6666,7,0.6666,0.3333,7,0.3333,65.7865310171
20,0.6666,7,0.6666,0.3333,7,0.3333,67.3694503559
20,0.6666,7,0.6666,0.3333,7,0.3333,63.3478106333
20,0.6666,7,0.6666,0.3333,7,0.3333,69.5821742759
20,0.6666,7,0.6666,0.3333,7,0.3333,66.2930304177
20,0.6666,7,0.6666,0.3333,7,0.6666,67.2794298083
20,0.6666,7,0.6666,0.3333,7,0.6666,65.5201559465
20,0.6666,7,0.6666,0.3333,7,0.6666,64.6136513281
20,0.6666,7,0.6666,0.3333,7,0.6666,69.6261923194
20,0.6666,7,0.6666,0.3333,7,0.6666,64.3037105447
20,0.6666,7,0.6666,0.6666,7,0.3333,61.6037080926
20,0.6666,7,0.6666,0.6666,7,0.3333,68.9953796912
20,0.6666,7,0.6666,0.6666,7,0.3333,60.9611874093
20,0.6666,7,0.6666,0.6666,7,0.3333,64.8173534735
20,0.6666,7,0.6666,0.6666,7,0.3333,60.0950280993
20,0.6666,7,0.6666,0.6666,7,0.6666,67.9205603936
20,0.6666,7,0.6666,0.6666,7,0.6666,61.4887860095
20,0.6666,7,0.6666,0.6666,7,0.6666,68.5038765627
20,0.6666,7,0.6666,0.6666,7,0.6666,62.2288761577
20,0.6666,7,0.6666,0.6666,7,0.6666,65.154941796
30,0.3333,7,0.3333,0.3333,7,0.3333,57.2422928628
30,0.3333,7,0.3333,0.3333,7,0.3333,61.1826129431
30,0.3333,7,0.3333,0.3333,7,0.3333,59.4632243747
30,0.3333,7,0.3333,0.3333,7,0.3333,60.8711869933
30,0.3333,7,0.3333,0.3333,7,0.3333,60.6230868136
30,0.3333,7,0.3333,0.3333,7,0.6666,62.128885751
30,0.3333,7,0.3333,0.3333,7,0.6666,61.6067512652
30,0.3333,7,0.3333,0.3333,7,0.6666,57.8203909174
30,0.3333,7,0.3333,0.3333,7,0.6666,63.2119567129
30,0.3333,7,0.3333,0.3333,7,0.6666,60.4472428494
30,0.3333,7,0.3333,0.6666,7,0.3333,64.5175290918
30,0.3333,7,0.3333,0.6666,7,0.3333,64.1542409472
30,0.3333,7,0.3333,0.6666,7,0.3333,60.6001446125
30,0.3333,7,0.3333,0.6666,7,0.3333,62.1585513971
30,0.3333,7,0.3333,0.6666,7,0.3333,60.3315868685
30,0.3333,7,0.3333,0.6666,7,0.6666,62.1579498784
30,0.3333,7,0.3333,0.6666,7,0.6666,61.6310675683
30,0.3333,7,0.3333,0.6666,7,0.6666,63.1439641402
30,0.3333,7,0.3333,0.6666,7,0.6666,60.0211028186
30,0.3333,7,0.3333,0.6666,7,0.6666,60.6624968566
30,0.3333,7,0.6666,0.3333,7,0.3333,60.9249958476
30,0.3333,7,0.6666,0.3333,7,0.3333,56.8322084435
30,0.3333,7,0.6666,0.3333,7,0.3333,59.4420438962
30,0.3333,7,0.6666,0.3333,7,0.3333,64.1481275579
30,0.3333,7,0.6666,0.3333,7,0.3333,62.4612459
30,0.3333,7,0.6666,0.3333,7,0.6666,61.1587682682
30,0.3333,7,0.6666,0.3333,7,0.6666,65.0536829477
30,0.3333,7,0.6666,0.3333,7,0.6666,58.3898385551
30,0.3333,7,0.6666,0.3333,7,0.6666,64.5554660503
30,0.3333,7,0.6666,0.3333,7,0.6666,65.0008061508
30,0.3333,7,0.6666,0.6666,7,0.3333,60.9102008255
30,0.3333,7,0.6666,0.6666,7,0.3333,56.5215361859
30,0.3333,7,0.6666,0.6666,7,0.3333,62.5844805977
30,0.3333,7,0.6666,0.6666,7,0.3333,61.629963094
30,0.3333,7,0.6666,0.6666,7,0.3333,54.4869437368
30,0.3333,7,0.6666,0.6666,7,0.6666,58.5629071506
30,0.3333,7,0.6666,0.6666,7,0.6666,59.2884566699
30,0.3333,7,0.6666,0.6666,7,0.6666,61.5817224167
30,0.3333,7,0.6666,0.6666,7,0.6666,61.0617133101
30,0.3333,7,0.6666,0.6666,7,0.6666,59.9128163867
30,0.6666,7,0.3333,0.3333,7,0.3333,55.376689
30,0.6666,7,0.3333,0.3333,7,0.3333,60.5666286275
30,0.6666,7,0.3333,0.3333,7,0.3333,53.3984709568
30,0.6666,7,0.3333,0.3333,7,0.3333,55.9638878908
30,0.6666,7,0.3333,0.3333,7,0.3333,60.6694599657
30,0.6666,7,0.3333,0.3333,7,0.6666,61.5315981063
30,0.6666,7,0.3333,0.3333,7,0.6666,57.4818498444
30,0.6666,7,0.3333,0.3333,7,0.6666,56.336801589
30,0.6666,7,0.3333,0.3333,7,0.6666,57.1697053161
30,0.6666,7,0.3333,0.3333,7,0.6666,60.0650345552
30,0.6666,7,0.3333,0.6666,7,0.3333,57.1849313521
30,0.6666,7,0.3333,0.6666,7,0.3333,59.3387796715
30,0.6666,7,0.3333,0.6666,7,0.3333,58.5378482494
30,0.6666,7,0.3333,0.6666,7,0.3333,57.1735329485
30,0.6666,7,0.3333,0.6666,7,0.3333,55.3684066489
30,0.6666,7,0.3333,0.6666,7,0.6666,62.6780433102
30,0.6666,7,0.3333,0.6666,7,0.6666,60.1033483899
30,0.6666,7,0.3333,0.6666,7,0.6666,54.8816687882
30,0.6666,7,0.3333,0.6666,7,0.6666,53.4633149035
30,0.6666,7,0.3333,0.6666,7,0.6666,61.9362445478
30,0.6666,7,0.6666,0.3333,7,0.3333,65.6727533731
30,0.6666,7,0.6666,0.3333,7,0.3333,57.7445350176
30,0.6666,7,0.6666,0.3333,7,0.3333,57.8595839916
30,0.6666,7,0.6666,0.3333,7,0.3333,57.1400594248
30,0.6666,7,0.6666,0.3333,7,0.3333,59.7025489096
30,0.6666,7,0.6666,0.3333,7,0.6666,57.9013072858
30,0.6666,7,0.6666,0.3333,7,0.6666,59.3057067348
30,0.6666,7,0.6666,0.3333,7,0.6666,56.964414207
30,0.6666,7,0.6666,0.3333,7,0.6666,58.1212077887
30,0.6666,7,0.6666,0.3333,7,0.6666,58.592255535
30,0.6666,7,0.6666,0.6666,7,0.3333,54.6468771682
30,0.6666,7,0.6666,0.6666,7,0.3333,58.0527537135
30,0.6666,7,0.6666,0.6666,7,0.3333,53.3285394069
30,0.6666,7,0.6666,0.6666,7,0.3333,61.4443046387
30,0.6666,7,0.6666,0.6666,7,0.3333,55.9573321316
30,0.6666,7,0.6666,0.6666,7,0.6666,61.8879350346
30,0.6666,7,0.6666,0.6666,7,0.6666,60.871310087
30,0.6666,7,0.6666,0.6666,7,0.6666,55.8465706377
30,0.6666,7,0.6666,0.6666,7,0.6666,56.5841658501
30,0.6666,7,0.6666,0.6666,7,0.6666,55.8593729197
1,0.2,7,0.68,0.53,7,0.71,90.4883590388
1,0.2,7,0.68,0.53,7,0.71,89.7317218146
1,0.2,7,0.68,0.53,7,0.71,91.4593416343
1,0.2,7,0.68,0.53,7,0.71,90.3324510151
1,0.2,7,0.68,0.53,7,0.71,92.202165555
1,0.2,7,0.68,0.53,7,0.91,90.7737123098
1,0.2,7,0.68,0.53,7,0.91,91.3978001119
1,0.2,7,0.68,0.53,7,0.91,90.4037739497
1,0.2,7,0.68,0.53,7,0.91,91.2718995678
1,0.2,7,0.68,0.53,7,0.91,90.3821405799
1,0.2,7,0.68,0.73,7,0.71,88.8256988802
1,0.2,7,0.68,0.73,7,0.71,88.8743051829
1,0.2,7,0.68,0.73,7,0.71,88.7438483541
1,0.2,7,0.68,0.73,7,0.71,88.7702661704
1,0.2,7,0.68,0.73,7,0.71,89.2740198549
1,0.2,7,0.68,0.73,7,0.91,88.7558657496
1,0.2,7,0.68,0.73,7,0.91,89.4570884098
1,0.2,7,0.68,0.73,7,0.91,89.9546420445
1,0.2,7,0.68,0.73,7,0.91,89.5759144174
1,0.2,7,0.68,0.73,7,0.91,89.0000622128
1,0.2,7,0.88,0.53,7,0.71,90.7685576142
1,0.2,7,0.88,0.53,7,0.71,91.2897566299
1,0.2,7,0.88,0.53,7,0.71,91.1284291978
1,0.2,7,0.88,0.53,7,0.71,92.4986777429
1,0.2,7,0.88,0.53,7,0.71,90.3898341518
1,0.2,7,0.88,0.53,7,0.91,90.600356509
1,0.2,7,0.88,0.53,7,0.91,90.2581249797
1,0.2,7,0.88,0.53,7,0.91,91.5626430729
1,0.2,7,0.88,0.53,7,0.91,91.2256581334
1,0.2,7,0.88,0.53,7,0.91,92.0490587332
1,0.2,7,0.88,0.73,7,0.71,88.8536289442
1,0.2,7,0.88,0.73,7,0.71,88.7254077217
1,0.2,7,0.88,0.73,7,0.71,89.5221985255
1,0.2,7,0.88,0.73,7,0.71,88.7637149925
1,0.2,7,0.88,0.73,7,0.71,89.203602641
1,0.2,7,0.88,0.73,7,0.91,89.455759812
1,0.2,7,0.88,0.73,7,0.91,89.3801643676
1,0.2,7,0.88,0.73,7,0.91,89.5219052918
1,0.2,7,0.88,0.73,7,0.91,89.1568602791
1,0.2,7,0.88,0.73,7,0.91,89.1061156957
1,0.4,7,0.68,0.53,7,0.71,87.4221388558
1,0.4,7,0.68,0.53,7,0.71,86.7208445675
1,0.4,7,0.68,0.53,7,0.71,86.2866251448
1,0.4,7,0.68,0.53,7,0.71,86.5512002821
1,0.4,7,0.68,0.53,7,0.71,87.2418859219
1,0.4,7,0.68,0.53,7,0.91,86.9444412396
1,0.4,7,0.68,0.53,7,0.91,87.7342894315
1,0.4,7,0.68,0.53,7,0.91,87.3983426064
1,0.4,7,0.68,0.53,7,0.91,87.8148317371
1,0.4,7,0.68,0.53,7,0.91,86.9907003089
1,0.4,7,0.68,0.73,7,0.71,85.439113004
1,0.4,7,0.68,0.73,7,0.71,84.9717590523
1,0.4,7,0.68,0.73,7,0.71,85.4257080302
1,0.4,7,0.68,0.73,7,0.71,84.8555467913
1,0.4,7,0.68,0.73,7,0.71,84.2963737494
1,0.4,7,0.68,0.73,7,0.91,84.5080257466
1,0.4,7,0.68,0.73,7,0.91,85.0701511833
1,0.4,7,0.68,0.73,7,0.91,86.0222114102
1,0.4,7,0.68,0.73,7,0.91,85.4080807425
1,0.4,7,0.68,0.73,7,0.91,85.7434887758
1,0.4,7,0.88,0.53,7,0.71,86.02040993
1,0.4,7,0.88,0.53,7,0.71,86.1799842191
1,0.4,7,0.88,0.53,7,0.71,87.921006993
1,0.4,7,0.88,0.53,7,0.71,87.0454997429
1,0.4,7,0.88,0.53,7,0.71,86.9024443769
1,0.4,7,0.88,0.53,7,0.91,86.9506053678
1,0.4,7,0.88,0.53,7,0.91,86.3471735548
1,0.4,7,0.88,0.53,7,0.91,86.1869135079
1,0.4,7,0.88,0.53,7,0.91,87.5815261674
1,0.4,7,0.88,0.53,7,0.91,86.6904992069
1,0.4,7,0.88,0.73,7,0.71,85.4115767209
1,0.4,7,0.88,0.73,7,0.71,85.0087721381
1,0.4,7,0.88,0.73,7,0.71,85.0651907812
1,0.4,7,0.88,0.73,7,0.71,85.9482629672
1,0.4,7,0.88,0.73,7,0.71,85.7502673515
1,0.4,7,0.88,0.73,7,0.91,85.3492303238
1,0.4,7,0.88,0.73,7,0.91,86.1056515211
1,0.4,7,0.88,0.73,7,0.91,85.5430400631
1,0.4,7,0.88,0.73,7,0.91,85.5532291528
1,0.4,7,0.88,0.73,7,0.91,84.9386804148
5,0.2,7,0.68,0.53,7,0.71,89.3344924287
5,0.2,7,0.68,0.53,7,0.71,90.5775867819
5,0.2,7,0.68,0.53,7,0.71,87.4478073637
5,0.2,7,0.68,0.53,7,0.71,89.2868033366
5,0.2,7,0.68,0.53,7,0.71,89.4110673651
5,0.2,7,0.68,0.53,7,0.91,86.3460778253
5,0.2,7,0.68,0.53,7,0.91,87.2080708008
5,0.2,7,0.68,0.53,7,0.91,85.2848615673
5,0.2,7,0.68,0.53,7,0.91,84.1770811948
5,0.2,7,0.68,0.53,7,0.91,85.8482293649
5,0.2,7,0.68,0.73,7,0.71,87.337902788
5,0.2,7,0.68,0.73,7,0.71,84.5871430267
5,0.2,7,0.68,0.73,7,0.71,88.215338611
5,0.2,7,0.68,0.73,7,0.71,83.9012523086
5,0.2,7,0.68,0.73,7,0.71,84.4625626289
5,0.2,7,0.68,0.73,7,0.91,88.7760684897
5,0.2,7,0.68,0.73,7,0.91,87.3729109573
5,0.2,7,0.68,0.73,7,0.91,86.8501576656
5,0.2,7,0.68,0.73,7,0.91,89.9056435185
5,0.2,7,0.68,0.73,7,0.91,89.706919624
5,0.2,7,0.88,0.53,7,0.71,91.9880208916
5,0.2,7,0.88,0.53,7,0.71,89.0094263614
5,0.2,7,0.88,0.53,7,0.71,86.4490237915
5,0.2,7,0.88,0.53,7,0.71,86.8316100736
5,0.2,7,0.88,0.53,7,0.71,87.7800244245
5,0.2,7,0.88,0.53,7,0.91,90.6785243743
5,0.2,7,0.88,0.53,7,0.91,87.52800592
5,0.2,7,0.88,0.53,7,0.91,88.3045927997
5,0.2,7,0.88,0.53,7,0.91,87.6597333469
5,0.2,7,0.88,0.53,7,0.91,87.685273875
5,0.2,7,0.88,0.73,7,0.71,86.2785698335
5,0.2,7,0.88,0.73,7,0.71,86.527669482
5,0.2,7,0.88,0.73,7,0.71,88.350660895
5,0.2,7,0.88,0.73,7,0.71,85.1044936309
5,0.2,7,0.88,0.73,7,0.71,90.1749600105
5,0.2,7,0.88,0.73,7,0.91,85.3927945804
5,0.2,7,0.88,0.73,7,0.91,85.6506146137
5,0.2,7,0.88,0.73,7,0.91,85.8935821011
5,0.2,7,0.88,0.73,7,0.91,84.0049298089
5,0.2,7,0.88,0.73,7,0.91,83.3689268492
5,0.4,7,0.68,0.53,7,0.71,87.2913542932
5,0.4,7,0.68,0.53,7,0.71,85.9379346643
5,0.4,7,0.68,0.53,7,0.71,84.8269459876
5,0.4,7,0.68,0.53,7,0.71,84.9631959094
5,0.4,7,0.68,0.53,7,0.71,83.7331807503
5,0.4,7,0.68,0.53,7,0.91,83.6023196821
5,0.4,7,0.68,0.53,7,0.91,87.403786462
5,0.4,7,0.68,0.53,7,0.91,83.2026774328
5,0.4,7,0.68,0.53,7,0.91,85.3232564921
5,0.4,7,0.68,0.53,7,0.91,86.5407698258
5,0.4,7,0.68,0.73,7,0.71,83.6779680007
5,0.4,7,0.68,0.73,7,0.71,83.1172444543
5,0.4,7,0.68,0.73,7,0.71,85.2473091064
5,0.4,7,0.68,0.73,7,0.71,81.9921916268
5,0.4,7,0.68,0.73,7,0.71,82.9552211915
5,0.4,7,0.68,0.73,7,0.91,87.3620504896
5,0.4,7,0.68,0.73,7,0.91,82.9343191316
5,0.4,7,0.68,0.73,7,0.91,80.9738775754
5,0.4,7,0.68,0.73,7,0.91,83.5172630945
5,0.4,7,0.68,0.73,7,0.91,83.5971249945
5,0.4,7,0.88,0.53,7,0.71,82.3974920182
5,0.4,7,0.88,0.53,7,0.71,82.6500348622
5,0.4,7,0.88,0.53,7,0.71,82.1891505445
5,0.4,7,0.88,0.53,7,0.71,88.3024885719
5,0.4,7,0.88,0.53,7,0.71,82.153298959
5,0.4,7,0.88,0.53,7,0.91,81.2816949161
5,0.4,7,0.88,0.53,7,0.91,81.6998524909
5,0.4,7,0.88,0.53,7,0.91,82.4575274863
5,0.4,7,0.88,0.53,7,0.91,88.2056152035
5,0.4,7,0.88,0.53,7,0.91,86.4934327686
5,0.4,7,0.88,0.73,7,0.71,84.6565233065
5,0.4,7,0.88,0.73,7,0.71,82.2556768969
5,0.4,7,0.88,0.73,7,0.71,84.3445906841
5,0.4,7,0.88,0.73,7,0.71,87.961072123
5,0.4,7,0.88,0.73,7,0.71,81.8622160515
5,0.4,7,0.88,0.73,7,0.91,83.0816891137
5,0.4,7,0.88,0.73,7,0.91,82.2455267444
5,0.4,7,0.88,0.73,7,0.91,80.0854575957
5,0.4,7,0.88,0.73,7,0.91,81.1538136557
5,0.4,7,0.88,0.73,7,0.91,82.2018732797
10,0.2,7,0.68,0.53,7,0.71,79.6645558707
10,0.2,7,0.68,0.53,7,0.71,80.1974771253
10,0.2,7,0.68,0.53,7,0.71,80.9796258617
10,0.2,7,0.68,0.53,7,0.71,77.7119720193
10,0.2,7,0.68,0.53,7,0.71,79.281673116
10,0.2,7,0.68,0.53,7,0.91,76.4169888672
10,0.2,7,0.68,0.53,7,0.91,82.1294625964
10,0.2,7,0.68,0.53,7,0.91,79.4560572595
10,0.2,7,0.68,0.53,7,0.91,78.0793865201
10,0.2,7,0.68,0.53,7,0.91,80.8121440914
10,0.2,7,0.68,0.73,7,0.71,81.0360662862
10,0.2,7,0.68,0.73,7,0.71,78.3821585249
10,0.2,7,0.68,0.73,7,0.71,78.9149696295
10,0.2,7,0.68,0.73,7,0.71,76.2909152833
10,0.2,7,0.68,0.73,7,0.71,78.6745292839
10,0.2,7,0.68,0.73,7,0.91,78.6440735406
10,0.2,7,0.68,0.73,7,0.91,77.1346622378
10,0.2,7,0.68,0.73,7,0.91,78.8250675155
10,0.2,7,0.68,0.73,7,0.91,82.4469128295
10,0.2,7,0.68,0.73,7,0.91,76.9851528266
10,0.2,7,0.88,0.53,7,0.71,79.9919158561
10,0.2,7,0.88,0.53,7,0.71,77.548601364
10,0.2,7,0.88,0.53,7,0.71,81.5173828983
10,0.2,7,0.88,0.53,7,0.71,78.659560762
10,0.2,7,0.88,0.53,7,0.71,79.1228442507
10,0.2,7,0.88,0.53,7,0.91,79.3063445463
10,0.2,7,0.88,0.53,7,0.91,80.7702408395
10,0.2,7,0.88,0.53,7,0.91,82.3433582159
10,0.2,7,0.88,0.53,7,0.91,80.7082497603
10,0.2,7,0.88,0.53,7,0.91,76.876597823
10,0.2,7,0.88,0.73,7,0.71,75.9009086728
10,0.2,7,0.88,0.73,7,0.71,75.477241833
10,0.2,7,0.88,0.73,7,0.71,79.8582450494
10,0.2,7,0.88,0.73,7,0.71,80.8259297811
10,0.2,7,0.88,0.73,7,0.71,76.6955061276
10,0.2,7,0.88,0.73,7,0.91,76.8038851605
10,0.2,7,0.88,0.73,7,0.91,79.8690200908
10,0.2,7,0.88,0.73,7,0.91,78.3356743078
10,0.2,7,0.88,0.73,7,0.91,80.0787878587
10,0.2,7,0.88,0.73,7,0.91,80.1563381536
10,0.4,7,0.68,0.53,7,0.71,76.5065300695
10,0.4,7,0.68,0.53,7,0.71,77.4166275184
10,0.4,7,0.68,0.53,7,0.71,79.7002822882
10,0.4,7,0.68,0.53,7,0.71,77.8823934371
10,0.4,7,0.68,0.53,7,0.71,78.6478171656
10,0.4,7,0.68,0.53,7,0.91,79.9032106319
10,0.4,7,0.68,0.53,7,0.91,77.9416483112
10,0.4,7,0.68,0.53,7,0.91,78.9939672972
10,0.4,7,0.68,0.53,7,0.91,79.5738347805
10,0.4,7,0.68,0.53,7,0.91,78.5109842632
10,0.4,7,0.68,0.73,7,0.71,78.0315346792
10,0.4,7,0.68,0.73,7,0.71,74.6937993783
10,0.4,7,0.68,0.73,7,0.71,80.3755083741
10,0.4,7,0.68,0.73,7,0.71,72.4433048121
10,0.4,7,0.68,0.73,7,0.71,77.6781781794
10,0.4,7,0.68,0.73,7,0.91,79.4739565754
10,0.4,7,0.68,0.73,7,0.91,78.5949340421
10,0.4,7,0.68,0.73,7,0.91,78.4078496214
10,0.4,7,0.68,0.73,7,0.91,76.3189152922
10,0.4,7,0.68,0.73,7,0.91,81.0816127788
10,0.4,7,0.88,0.53,7,0.71,76.9337635318
10,0.4,7,0.88,0.53,7,0.71,79.1093343545
10,0.4,7,0.88,0.53,7,0.71,81.1109489447
10,0.4,7,0.88,0.53,7,0.71,75.5572402109
10,0.4,7,0.88,0.53,7,0.71,75.9669536921
10,0.4,7,0.88,0.53,7,0.91,79.13436316
10,0.4,7,0.88,0.53,7,0.91,76.9502391224
10,0.4,7,0.88,0.53,7,0.91,80.6139068103
10,0.4,7,0.88,0.53,7,0.91,79.7836552004
10,0.4,7,0.88,0.53,7,0.91,78.3020445507
10,0.4,7,0.88,0.73,7,0.71,77.8067602461
10,0.4,7,0.88,0.73,7,0.71,77.384638486
10,0.4,7,0.88,0.73,7,0.71,74.8281713153
10,0.4,7,0.88,0.73,7,0.71,76.4161364951
10,0.4,7,0.88,0.73,7,0.71,74.0718259742
10,0.4,7,0.88,0.73,7,0.91,72.4736594632
10,0.4,7,0.88,0.73,7,0.91,76.3462032204
10,0.4,7,0.88,0.73,7,0.91,79.3296085995
10,0.4,7,0.88,0.73,7,0.91,73.7877583955
10,0.4,7,0.88,0.73,7,0.91,80.5531861741
20,0.2,7,0.68,0.53,7,0.71,66.0995910157
20,0.2,7,0.68,0.53,7,0.71,66.804593502
20,0.2,7,0.68,0.53,7,0.71,65.5495358142
20,0.2,7,0.68,0.53,7,0.71,67.6758639443
20,0.2,7,0.68,0.53,7,0.71,71.92133883
20,0.2,7,0.68,0.53,7,0.91,66.3270471823
20,0.2,7,0.68,0.53,7,0.91,67.1376849132
20,0.2,7,0.68,0.53,7,0.91,65.3044442833
20,0.2,7,0.68,0.53,7,0.91,66.7665681145
20,0.2,7,0.68,0.53,7,0.91,67.2803439142
20,0.2,7,0.68,0.73,7,0.71,68.5609402397
20,0.2,7,0.68,0.73,7,0.71,63.7684458876
20,0.2,7,0.68,0.73,7,0.71,66.0429624757
20,0.2,7,0.68,0.73,7,0.71,66.3784782271
20,0.2,7,0.68,0.73,7,0.71,67.7922011873
20,0.2,7,0.68,0.73,7,0.91,70.9537340205
20,0.2,7,0.68,0.73,7,0.91,64.4169188107
20,0.2,7,0.68,0.73,7,0.91,70.7521501538
20,0.2,7,0.68,0.73,7,0.91,68.0646925529
20,0.2,7,0.68,0.73,7,0.91,71.9649505367
20,0.2,7,0.88,0.53,7,0.71,64.6106513636
20,0.2,7,0.88,0.53,7,0.71,69.1389269563
20,0.2,7,0.88,0.53,7,0.71,67.4065578959
20,0.2,7,0.88,0.53,7,0.71,67.9331319908
20,0.2,7,0.88,0.53,7,0.71,65.6296534901
20,0.2,7,0.88,0.53,7,0.91,65.1091201438
20,0.2,7,0.88,0.53,7,0.91,62.4892448855
20,0.2,7,0.88,0.53,7,0.91,67.298446016
20,0.2,7,0.88,0.53,7,0.91,69.8996997655
20,0.2,7,0.88,0.53,7,0.91,64.8137997048
20,0.2,7,0.88,0.73,7,0.71,64.1381605043
20,0.2,7,0.88,0.73,7,0.71,65.8447805086
20,0.2,7,0.88,0.73,7,0.71,65.5223892556
20,0.2,7,0.88,0.73,7,0.71,63.200289676
20,0.2,7,0.88,0.73,7,0.71,68.0396496565
20,0.2,7,0.88,0.73,7,0.91,67.3946398785
20,0.2,7,0.88,0.73,7,0.91,72.1393125314
20,0.2,7,0.88,0.73,7,0.91,66.8909570758
20,0.2,7,0.88,0.73,7,0.91,65.9941867218
20,0.2,7,0.88,0.73,7,0.91,67.0401416885
20,0.4,7,0.68,0.53,7,0.71,64.8227617387
20,0.4,7,0.68,0.53,7,0.71,66.7419270138
20,0.4,7,0.68,0.53,7,0.71,64.4926055049
20,0.4,7,0.68,0.53,7,0.71,66.0937630598
20,0.4,7,0.68,0.53,7,0.71,67.4849285023
20,0.4,7,0.68,0.53,7,0.91,62.5698401796
20,0.4,7,0.68,0.53,7,0.91,66.2362913929
20,0.4,7,0.68,0.53,7,0.91,64.407751156
20,0.4,7,0.68,0.53,7,0.91,72.2811742891
20,0.4,7,0.68,0.53,7,0.91,67.2086758355
20,0.4,7,0.68,0.73,7,0.71,65.1755426037
20,0.4,7,0.68,0.73,7,0.71,66.3449739399
20,0.4,7,0.68,0.73,7,0.71,71.5150619854
20,0.4,7,0.68,0.73,7,0.71,70.6240155947
20,0.4,7,0.68,0.73,7,0.71,66.1476728974
20,0.4,7,0.68,0.73,7,0.91,72.9971317124
20,0.4,7,0.68,0.73,7,0.91,65.2855285924
20,0.4,7,0.68,0.73,7,0.91,61.4337497339
20,0.4,7,0.68,0.73,7,0.91,70.1560733522
20,0.4,7,0.68,0.73,7,0.91,66.1659678174
20,0.4,7,0.88,0.53,7,0.71,66.3190159178
20,0.4,7,0.88,0.53,7,0.71,69.2202956178
20,0.4,7,0.88,0.53,7,0.71,66.5904886203
20,0.4,7,0.88,0.53,7,0.71,66.7535177324
20,0.4,7,0.88,0.53,7,0.71,69.8166097022
20,0.4,7,0.88,0.53,7,0.91,68.475755023
20,0.4,7,0.88,0.53,7,0.91,67.9674679939
20,0.4,7,0.88,0.53,7,0.91,66.8823743774
20,0.4,7,0.88,0.53,7,0.91,72.34224387
20,0.4,7,0.88,0.53,7,0.91,67.9152441956
20,0.4,7,0.88,0.73,7,0.71,69.0312084104
20,0.4,7,0.88,0.73,7,0.71,65.667466585
20,0.4,7,0.88,0.73,7,0.71,64.1528760321
20,0.4,7,0.88,0.73,7,0.71,65.1571349192
20,0.4,7,0.88,0.73,7,0.71,64.1408197492
20,0.4,7,0.88,0.73,7,0.91,70.7328253589
20,0.4,7,0.88,0.73,7,0.91,65.4474529953
20,0.4,7,0.88,0.73,7,0.91,69.017905306
20,0.4,7,0.88,0.73,7,0.91,67.4488250255
20,0.4,7,0.88,0.73,7,0.91,67.4072684212
30,0.2,7,0.68,0.53,7,0.71,62.5192193983
30,0.2,7,0.68,0.53,7,0.71,60.9763383839
30,0.2,7,0.68,0.53,7,0.71,60.334890757
30,0.2,7,0.68,0.53,7,0.71,60.9977487913
30,0.2,7,0.68,0.53,7,0.71,59.9418198737
30,0.2,7,0.68,0.53,7,0.91,63.3793610394
30,0.2,7,0.68,0.53,7,0.91,58.2609482752
30,0.2,7,0.68,0.53,7,0.91,61.4443704486
30,0.2,7,0.68,0.53,7,0.91,57.95782391
30,0.2,7,0.68,0.53,7,0.91,62.8385469662
30,0.2,7,0.68,0.73,7,0.71,63.8512387131
30,0.2,7,0.68,0.73,7,0.71,59.2102940254
30,0.2,7,0.68,0.73,7,0.71,61.397895418
30,0.2,7,0.68,0.73,7,0.71,55.2919354978
30,0.2,7,0.68,0.73,7,0.71,60.1096935211
30,0.2,7,0.68,0.73,7,0.91,59.3516165381
30,0.2,7,0.68,0.73,7,0.91,58.3129072498
30,0.2,7,0.68,0.73,7,0.91,58.8608194804
30,0.2,7,0.68,0.73,7,0.91,61.0976640074
30,0.2,7,0.68,0.73,7,0.91,58.5733417939
30,0.2,7,0.88,0.53,7,0.71,62.0619920391
30,0.2,7,0.88,0.53,7,0.71,60.0049690979
30,0.2,7,0.88,0.53,7,0.71,61.7288204268
30,0.2,7,0.88,0.53,7,0.71,60.6796613832
30,0.2,7,0.88,0.53,7,0.71,61.063386493
30,0.2,7,0.88,0.53,7,0.91,58.9949669858
30,0.2,7,0.88,0.53,7,0.91,55.1558378111
30,0.2,7,0.88,0.53,7,0.91,59.4499402555
30,0.2,7,0.88,0.53,7,0.91,63.7033280537
30,0.2,7,0.88,0.53,7,0.91,62.7546841964
30,0.2,7,0.88,0.73,7,0.71,58.3843739098
30,0.2,7,0.88,0.73,7,0.71,58.467961669
30,0.2,7,0.88,0.73,7,0.71,62.3419577219
30,0.2,7,0.88,0.73,7,0.71,62.6064157377
30,0.2,7,0.88,0.73,7,0.71,60.1630617521
30,0.2,7,0.88,0.73,7,0.91,60.8037898624
30,0.2,7,0.88,0.73,7,0.91,63.35021362
30,0.2,7,0.88,0.73,7,0.91,55.5379000881
30,0.2,7,0.88,0.73,7,0.91,62.5530588124
30,0.2,7,0.88,0.73,7,0.91,57.9368821917
30,0.4,7,0.68,0.53,7,0.71,60.3562691512
30,0.4,7,0.68,0.53,7,0.71,57.4074986736
30,0.4,7,0.68,0.53,7,0.71,59.6584306188
30,0.4,7,0.68,0.53,7,0.71,59.9427756386
30,0.4,7,0.68,0.53,7,0.71,56.1996062119
30,0.4,7,0.68,0.53,7,0.91,60.5021518416
30,0.4,7,0.68,0.53,7,0.91,60.6912260136
30,0.4,7,0.68,0.53,7,0.91,59.938563874
30,0.4,7,0.68,0.53,7,0.91,57.7928158042
30,0.4,7,0.68,0.53,7,0.91,64.4830484638
30,0.4,7,0.68,0.73,7,0.71,61.6923025817
30,0.4,7,0.68,0.73,7,0.71,57.735177342
30,0.4,7,0.68,0.73,7,0.71,58.9725831225
30,0.4,7,0.68,0.73,7,0.71,62.4805408306
30,0.4,7,0.68,0.73,7,0.71,59.3741360211
30,0.4,7,0.68,0.73,7,0.91,57.1040927479
30,0.4,7,0.68,0.73,7,0.91,58.8735176243
30,0.4,7,0.68,0.73,7,0.91,59.5842098376
30,0.4,7,0.68,0.73,7,0.91,61.8327086514
30,0.4,7,0.68,0.73,7,0.91,63.6629802158
30,0.4,7,0.88,0.53,7,0.71,57.6184257585
30,0.4,7,0.88,0.53,7,0.71,57.3797803691
30,0.4,7,0.88,0.53,7,0.71,57.2062634998
30,0.4,7,0.88,0.53,7,0.71,61.7367604831
30,0.4,7,0.88,0.53,7,0.71,58.8313658823
30,0.4,7,0.88,0.53,7,0.91,62.4491991096
30,0.4,7,0.88,0.53,7,0.91,67.8082210704
30,0.4,7,0.88,0.53,7,0.91,58.30554995
30,0.4,7,0.88,0.53,7,0.91,62.6548566198
30,0.4,7,0.88,0.53,7,0.91,63.6717365411
30,0.4,7,0.88,0.73,7,0.71,58.232371709
30,0.4,7,0.88,0.73,7,0.71,58.2879798284
30,0.4,7,0.88,0.73,7,0.71,57.8302683717
30,0.4,7,0.88,0.73,7,0.71,59.5661786488
30,0.4,7,0.88,0.73,7,0.71,58.3155594192
30,0.4,7,0.88,0.73,7,0.91,65.7471103948
30,0.4,7,0.88,0.73,7,0.91,61.6291902138
30,0.4,7,0.88,0.73,7,0.91,59.6306297275
30,0.4,7,0.88,0.73,7,0.91,59.6938258033
30,0.4,7,0.88,0.73,7,0.91,59.253343483
1,0.32,7,0.65,0.32,7,0.32,91.5755456522
1,0.32,7,0.65,0.32,7,0.32,91.4518986673
1,0.32,7,0.65,0.32,7,0.32,92.0586948024
1,0.32,7,0.65,0.32,7,0.32,91.8207433922
1,0.32,7,0.65,0.32,7,0.32,91.7773917839
1,0.32,7,0.65,0.32,7,0.34,90.7345392352
1,0.32,7,0.65,0.32,7,0.34,91.220071505
1,0.32,7,0.65,0.32,7,0.34,90.7285426801
1,0.32,7,0.65,0.32,7,0.34,91.6978369426
1,0.32,7,0.65,0.32,7,0.34,91.3935433454
1,0.32,7,0.65,0.34,7,0.32,91.2273459386
1,0.32,7,0.65,0.34,7,0.32,91.8795689693
1,0.32,7,0.65,0.34,7,0.32,91.4868893556
1,0.32,7,0.65,0.34,7,0.32,91.3933922456
1,0.32,7,0.65,0.34,7,0.32,90.7242189376
1,0.32,7,0.65,0.34,7,0.34,91.2170654621
1,0.32,7,0.65,0.34,7,0.34,90.6623124857
1,0.32,7,0.65,0.34,7,0.34,90.5606261637
1,0.32,7,0.65,0.34,7,0.34,91.0552758858
1,0.32,7,0.65,0.34,7,0.34,90.7349903394
1,0.32,7,0.67,0.32,7,0.32,91.4361799379
1,0.32,7,0.67,0.32,7,0.32,90.8012533414
1,0.32,7,0.67,0.32,7,0.32,91.5957371861
1,0.32,7,0.67,0.32,7,0.32,91.5629688656
1,0.32,7,0.67,0.32,7,0.32,91.0731543404
1,0.32,7,0.67,0.32,7,0.34,91.2402391252
1,0.32,7,0.67,0.32,7,0.34,93.4531913053
1,0.32,7,0.67,0.32,7,0.34,90.604619274
1,0.32,7,0.67,0.32,7,0.34,91.4236352935
1,0.32,7,0.67,0.32,7,0.34,92.6042729281
1,0.32,7,0.67,0.34,7,0.32,90.1455141725
1,0.32,7,0.67,0.34,7,0.32,90.6211345204
1,0.32,7,0.67,0.34,7,0.32,90.8780332043
1,0.32,7,0.67,0.34,7,0.32,91.0704915931
1,0.32,7,0.67,0.34,7,0.32,92.3464667013
1,0.32,7,0.67,0.34,7,0.34,90.677614472
1,0.32,7,0.67,0.34,7,0.34,90.9012629559
1,0.32,7,0.67,0.34,7,0.34,90.1901117741
1,0.32,7,0.67,0.34,7,0.34,90.5459619805
1,0.32,7,0.67,0.34,7,0.34,89.4527965843
1,0.34,7,0.65,0.32,7,0.32,90.6891817241
1,0.34,7,0.65,0.32,7,0.32,90.4434098334
1,0.34,7,0.65,0.32,7,0.32,89.7139315534
1,0.34,7,0.65,0.32,7,0.32,90.6625730698
1,0.34,7,0.65,0.32,7,0.32,91.533152533
1,0.34,7,0.65,0.32,7,0.34,91.1057878317
1,0.34,7,0.65,0.32,7,0.34,90.0072411505
1,0.34,7,0.65,0.32,7,0.34,91.1545969542
1,0.34,7,0.65,0.32,7,0.34,91.2159295888
1,0.34,7,0.65,0.32,7,0.34,91.1180595197
1,0.34,7,0.65,0.34,7,0.32,90.0083354178
1,0.34,7,0.65,0.34,7,0.32,90.5694726742
1,0.34,7,0.65,0.34,7,0.32,89.3944656392
1,0.34,7,0.65,0.34,7,0.32,92.7679974491
1,0.34,7,0.65,0.34,7,0.32,90.7876737322
1,0.34,7,0.65,0.34,7,0.34,91.5742419827
1,0.34,7,0.65,0.34,7,0.34,91.9324038217
1,0.34,7,0.65,0.34,7,0.34,91.3749891662
1,0.34,7,0.65,0.34,7,0.34,90.2697203901
1,0.34,7,0.65,0.34,7,0.34,89.7364793042
1,0.34,7,0.67,0.32,7,0.32,91.065987898
1,0.34,7,0.67,0.32,7,0.32,90.8800804813
1,0.34,7,0.67,0.32,7,0.32,91.0279249092
1,0.34,7,0.67,0.32,7,0.32,90.5989687994
1,0.34,7,0.67,0.32,7,0.32,90.4457269983
1,0.34,7,0.67,0.32,7,0.34,91.731704698
1,0.34,7,0.67,0.32,7,0.34,91.3242867579
1,0.34,7,0.67,0.32,7,0.34,90.5833290062
1,0.34,7,0.67,0.32,7,0.34,90.7967790638
1,0.34,7,0.67,0.32,7,0.34,91.5195859336
1,0.34,7,0.67,0.34,7,0.32,90.6383853388
1,0.34,7,0.67,0.34,7,0.32,90.3616436176
1,0.34,7,0.67,0.34,7,0.32,91.1989587134
1,0.34,7,0.67,0.34,7,0.32,90.5925985947
1,0.34,7,0.67,0.34,7,0.32,90.129346951
1,0.34,7,0.67,0.34,7,0.34,89.8606543345
1,0.34,7,0.67,0.34,7,0.34,90.5043656386
1,0.34,7,0.67,0.34,7,0.34,91.0071383971
1,0.34,7,0.67,0.34,7,0.34,91.1029695511
1,0.34,7,0.67,0.34,7,0.34,91.6600969924
5,0.32,7,0.65,0.32,7,0.32,87.1370073276
5,0.32,7,0.65,0.32,7,0.32,92.1929930111
5,0.32,7,0.65,0.32,7,0.32,86.8787347729
5,0.32,7,0.65,0.32,7,0.32,87.1706792176
5,0.32,7,0.65,0.32,7,0.32,87.6674074937
5,0.32,7,0.65,0.32,7,0.34,85.4263626312
5,0.32,7,0.65,0.32,7,0.34,84.2452653994
5,0.32,7,0.65,0.32,7,0.34,90.2305444628
5,0.32,7,0.65,0.32,7,0.34,91.1743016922
5,0.32,7,0.65,0.32,7,0.34,84.5372686535
5,0.32,7,0.65,0.34,7,0.32,88.955611291
5,0.32,7,0.65,0.34,7,0.32,86.8870084943
5,0.32,7,0.65,0.34,7,0.32,86.2984505555
5,0.32,7,0.65,0.34,7,0.32,83.0863804876
5,0.32,7,0.65,0.34,7,0.32,86.7411574077
5,0.32,7,0.65,0.34,7,0.34,87.3340979182
5,0.32,7,0.65,0.34,7,0.34,88.2937410268
5,0.32,7,0.65,0.34,7,0.34,89.4914349471
5,0.32,7,0.65,0.34,7,0.34,87.4203434896
5,0.32,7,0.65,0.34,7,0.34,90.9152966028
5,0.32,7,0.67,0.32,7,0.32,87.0935249568
5,0.32,7,0.67,0.32,7,0.32,88.9301688285
5,0.32,7,0.67,0.32,7,0.32,85.6484048569
5,0.32,7,0.67,0.32,7,0.32,87.0921474779
5,0.32,7,0.67,0.32,7,0.32,89.0553722396
5,0.32,7,0.67,0.32,7,0.34,88.9166943322
5,0.32,7,0.67,0.32,7,0.34,91.7206648085
5,0.32,7,0.67,0.32,7,0.34,83.9421472778
5,0.32,7,0.67,0.32,7,0.34,88.2823892128
5,0.32,7,0.67,0.32,7,0.34,88.3601154404
5,0.32,7,0.67,0.34,7,0.32,85.8101737391
5,0.32,7,0.67,0.34,7,0.32,87.7709018539
5,0.32,7,0.67,0.34,7,0.32,85.3427054208
5,0.32,7,0.67,0.34,7,0.32,84.691519682
5,0.32,7,0.67,0.34,7,0.32,89.8994057087
5,0.32,7,0.67,0.34,7,0.34,87.591840401
5,0.32,7,0.67,0.34,7,0.34,87.1713631555
5,0.32,7,0.67,0.34,7,0.34,88.2208679112
5,0.32,7,0.67,0.34,7,0.34,89.7795421521
5,0.32,7,0.67,0.34,7,0.34,87.761501043
5,0.34,7,0.65,0.32,7,0.32,92.9185887964
5,0.34,7,0.65,0.32,7,0.32,90.6313387872
5,0.34,7,0.65,0.32,7,0.32,86.8669300201
5,0.34,7,0.65,0.32,7,0.32,91.6651009807
5,0.34,7,0.65,0.32,7,0.32,86.7078820882
5,0.34,7,0.65,0.32,7,0.34,86.8335566814
5,0.34,7,0.65,0.32,7,0.34,89.0042888646
5,0.34,7,0.65,0.32,7,0.34,87.9405011453
5,0.34,7,0.65,0.32,7,0.34,88.2419263105
5,0.34,7,0.65,0.32,7,0.34,81.3307447004
5,0.34,7,0.65,0.34,7,0.32,87.030965419
5,0.34,7,0.65,0.34,7,0.32,88.7063879049
5,0.34,7,0.65,0.34,7,0.32,85.7746157922
5,0.34,7,0.65,0.34,7,0.32,86.6550753894
5,0.34,7,0.65,0.34,7,0.32,85.1139198186
5,0.34,7,0.65,0.34,7,0.34,88.9586768472
5,0.34,7,0.65,0.34,7,0.34,88.9688530878
5,0.34,7,0.65,0.34,7,0.34,84.8794934843
5,0.34,7,0.65,0.34,7,0.34,86.2619538321
5,0.34,7,0.65,0.34,7,0.34,87.2491080165
5,0.34,7,0.67,0.32,7,0.32,85.7931495082
5,0.34,7,0.67,0.32,7,0.32,87.7559770896
5,0.34,7,0.67,0.32,7,0.32,89.2852976402
5,0.34,7,0.67,0.32,7,0.32,90.0736952559
5,0.34,7,0.67,0.32,7,0.32,90.1950957688
5,0.34,7,0.67,0.32,7,0.34,86.5737059705
5,0.34,7,0.67,0.32,7,0.34,85.1332482819
5,0.34,7,0.67,0.32,7,0.34,88.5573848796
5,0.34,7,0.67,0.32,7,0.34,87.9293011135
5,0.34,7,0.67,0.32,7,0.34,84.8229134123
5,0.34,7,0.67,0.34,7,0.32,88.2179292569
5,0.34,7,0.67,0.34,7,0.32,88.1690955825
5,0.34,7,0.67,0.34,7,0.32,84.8308163824
5,0.34,7,0.67,0.34,7,0.32,88.2685911852
5,0.34,7,0.67,0.34,7,0.32,84.9042947688
5,0.34,7,0.67,0.34,7,0.34,83.8557138859
5,0.34,7,0.67,0.34,7,0.34,88.5393430881
5,0.34,7,0.67,0.34,7,0.34,87.3879126954
5,0.34,7,0.67,0.34,7,0.34,86.6639734366
5,0.34,7,0.67,0.34,7,0.34,87.7887738061
10,0.32,7,0.65,0.32,7,0.32,79.5976849547
10,0.32,7,0.65,0.32,7,0.32,81.9572232975
10,0.32,7,0.65,0.32,7,0.32,78.8779015588
10,0.32,7,0.65,0.32,7,0.32,77.5900102361
10,0.32,7,0.65,0.32,7,0.32,76.537684762
10,0.32,7,0.65,0.32,7,0.34,77.5498240294
10,0.32,7,0.65,0.32,7,0.34,80.8660696847
10,0.32,7,0.65,0.32,7,0.34,80.3521686843
10,0.32,7,0.65,0.32,7,0.34,80.1534513107
10,0.32,7,0.65,0.32,7,0.34,81.0346217768
10,0.32,7,0.65,0.34,7,0.32,75.9461716636
10,0.32,7,0.65,0.34,7,0.32,80.2904711878
10,0.32,7,0.65,0.34,7,0.32,80.8784120688
10,0.32,7,0.65,0.34,7,0.32,82.857994796
10,0.32,7,0.65,0.34,7,0.32,77.8238726904
10,0.32,7,0.65,0.34,7,0.34,81.2112980813
10,0.32,7,0.65,0.34,7,0.34,79.344877629
10,0.32,7,0.65,0.34,7,0.34,78.3936515961
10,0.32,7,0.65,0.34,7,0.34,81.8387202494
10,0.32,7,0.65,0.34,7,0.34,77.5731187953
10,0.32,7,0.67,0.32,7,0.32,82.007605629
10,0.32,7,0.67,0.32,7,0.32,80.2297769986
10,0.32,7,0.67,0.32,7,0.32,78.7768875805
10,0.32,7,0.67,0.32,7,0.32,81.3813289905
10,0.32,7,0.67,0.32,7,0.32,77.4341368974
10,0.32,7,0.67,0.32,7,0.34,84.7582501675
10,0.32,7,0.67,0.32,7,0.34,80.3541390553
10,0.32,7,0.67,0.32,7,0.34,80.7281603652
10,0.32,7,0.67,0.32,7,0.34,81.7655489456
10,0.32,7,0.67,0.32,7,0.34,80.7090640172
10,0.32,7,0.67,0.34,7,0.32,78.5998424394
10,0.32,7,0.67,0.34,7,0.32,78.9135342562
10,0.32,7,0.67,0.34,7,0.32,77.7076592932
10,0.32,7,0.67,0.34,7,0.32,76.5751878777
10,0.32,7,0.67,0.34,7,0.32,79.9530456868
10,0.32,7,0.67,0.34,7,0.34,78.6591693595
10,0.32,7,0.67,0.34,7,0.34,77.7017568631
10,0.32,7,0.67,0.34,7,0.34,77.0249445462
10,0.32,7,0.67,0.34,7,0.34,80.9492556559
10,0.32,7,0.67,0.34,7,0.34,78.3816193066
10,0.34,7,0.65,0.32,7,0.32,81.5558957961
10,0.34,7,0.65,0.32,7,0.32,75.238097076
10,0.34,7,0.65,0.32,7,0.32,78.0820694074
10,0.34,7,0.65,0.32,7,0.32,80.2705562115
10,0.34,7,0.65,0.32,7,0.32,77.2580924435
10,0.34,7,0.65,0.32,7,0.34,78.2606018398
10,0.34,7,0.65,0.32,7,0.34,81.0257898721
10,0.34,7,0.65,0.32,7,0.34,84.388178341
10,0.34,7,0.65,0.32,7,0.34,77.4664345702
10,0.34,7,0.65,0.32,7,0.34,80.3348819986
10,0.34,7,0.65,0.34,7,0.32,75.2829217414
10,0.34,7,0.65,0.34,7,0.32,77.9973236046
10,0.34,7,0.65,0.34,7,0.32,79.656387154
10,0.34,7,0.65,0.34,7,0.32,78.6024408237
10,0.34,7,0.65,0.34,7,0.32,77.4338399652
10,0.34,7,0.65,0.34,7,0.34,79.3020131802
10,0.34,7,0.65,0.34,7,0.34,75.7656580602
10,0.34,7,0.65,0.34,7,0.34,78.9486558221
10,0.34,7,0.65,0.34,7,0.34,79.0763435677
10,0.34,7,0.65,0.34,7,0.34,77.1513544408
10,0.34,7,0.67,0.32,7,0.32,75.3795271076
10,0.34,7,0.67,0.32,7,0.32,80.2020875672
10,0.34,7,0.67,0.32,7,0.32,77.337726637
10,0.34,7,0.67,0.32,7,0.32,81.0526087464
10,0.34,7,0.67,0.32,7,0.32,78.2941066032
10,0.34,7,0.67,0.32,7,0.34,80.3072641147
10,0.34,7,0.67,0.32,7,0.34,78.5093815871
10,0.34,7,0.67,0.32,7,0.34,79.4082174988
10,0.34,7,0.67,0.32,7,0.34,82.9267656012
10,0.34,7,0.67,0.32,7,0.34,77.65666268
10,0.34,7,0.67,0.34,7,0.32,79.6983155321
10,0.34,7,0.67,0.34,7,0.32,79.5612625458
10,0.34,7,0.67,0.34,7,0.32,80.2842980309
10,0.34,7,0.67,0.34,7,0.32,79.1064880399
10,0.34,7,0.67,0.34,7,0.32,85.044344383
10,0.34,7,0.67,0.34,7,0.34,75.1892262681
10,0.34,7,0.67,0.34,7,0.34,82.5125875861
10,0.34,7,0.67,0.34,7,0.34,78.3281991876
10,0.34,7,0.67,0.34,7,0.34,78.8415722505
10,0.34,7,0.67,0.34,7,0.34,83.7973915441
20,0.32,7,0.65,0.32,7,0.32,66.5764311538
20,0.32,7,0.65,0.32,7,0.32,65.3997847713
20,0.32,7,0.65,0.32,7,0.32,69.8283028141
20,0.32,7,0.65,0.32,7,0.32,68.5686365882
20,0.32,7,0.65,0.32,7,0.32,66.7573316756
20,0.32,7,0.65,0.32,7,0.34,67.7232271346
20,0.32,7,0.65,0.32,7,0.34,70.7419886315
20,0.32,7,0.65,0.32,7,0.34,67.8282001535
20,0.32,7,0.65,0.32,7,0.34,69.5834391837
20,0.32,7,0.65,0.32,7,0.34,66.463040466
20,0.32,7,0.65,0.34,7,0.32,64.0345075708
20,0.32,7,0.65,0.34,7,0.32,68.0766632653
20,0.32,7,0.65,0.34,7,0.32,66.8451289401
20,0.32,7,0.65,0.34,7,0.32,66.3865688803
20,0.32,7,0.65,0.34,7,0.32,67.4065907279
20,0.32,7,0.65,0.34,7,0.34,65.2852730188
20,0.32,7,0.65,0.34,7,0.34,65.3806819154
20,0.32,7,0.65,0.34,7,0.34,68.6477025774
20,0.32,7,0.65,0.34,7,0.34,63.9359179092
20,0.32,7,0.65,0.34,7,0.34,68.7746176686
20,0.32,7,0.67,0.32,7,0.32,64.0342482935
20,0.32,7,0.67,0.32,7,0.32,63.6349321745
20,0.32,7,0.67,0.32,7,0.32,71.3856166958
20,0.32,7,0.67,0.32,7,0.32,70.6628558344
20,0.32,7,0.67,0.32,7,0.32,71.9638165027
20,0.32,7,0.67,0.32,7,0.34,67.770954948
20,0.32,7,0.67,0.32,7,0.34,63.7130727825
20,0.32,7,0.67,0.32,7,0.34,66.3216425419
20,0.32,7,0.67,0.32,7,0.34,69.1059211419
20,0.32,7,0.67,0.32,7,0.34,64.8034096082
20,0.32,7,0.67,0.34,7,0.32,70.2217734879
20,0.32,7,0.67,0.34,7,0.32,68.2484475611
20,0.32,7,0.67,0.34,7,0.32,70.1053428254
20,0.32,7,0.67,0.34,7,0.32,68.3873700623
20,0.32,7,0.67,0.34,7,0.32,67.8721917289
20,0.32,7,0.67,0.34,7,0.34,67.9674177597
20,0.32,7,0.67,0.34,7,0.34,64.9466717395
20,0.32,7,0.67,0.34,7,0.34,66.3937483549
20,0.32,7,0.67,0.34,7,0.34,62.3094269223
20,0.32,7,0.67,0.34,7,0.34,66.6888351033
20,0.34,7,0.65,0.32,7,0.32,69.1106813445
20,0.34,7,0.65,0.32,7,0.32,66.4007486456
20,0.34,7,0.65,0.32,7,0.32,65.0168065214
20,0.34,7,0.65,0.32,7,0.32,63.4137452989
20,0.34,7,0.65,0.32,7,0.32,67.94933046
20,0.34,7,0.65,0.32,7,0.34,65.9667387704
20,0.34,7,0.65,0.32,7,0.34,65.6141303832
20,0.34,7,0.65,0.32,7,0.34,66.8290881258
20,0.34,7,0.65,0.32,7,0.34,68.3895344789
20,0.34,7,0.65,0.32,7,0.34,72.0140126596
20,0.34,7,0.65,0.34,7,0.32,67.0903441738
20,0.34,7,0.65,0.34,7,0.32,69.7361413264
20,0.34,7,0.65,0.34,7,0.32,68.3311178129
20,0.34,7,0.65,0.34,7,0.32,67.8603493499
20,0.34,7,0.65,0.34,7,0.32,65.1847999352
20,0.34,7,0.65,0.34,7,0.34,68.0514281543
20,0.34,7,0.65,0.34,7,0.34,68.0362308333
20,0.34,7,0.65,0.34,7,0.34,67.2197500753
20,0.34,7,0.65,0.34,7,0.34,70.0837893891
20,0.34,7,0.65,0.34,7,0.34,67.2489242658
20,0.34,7,0.67,0.32,7,0.32,67.6155373437
20,0.34,7,0.67,0.32,7,0.32,69.4800321968
20,0.34,7,0.67,0.32,7,0.32,67.7544616326
20,0.34,7,0.67,0.32,7,0.32,69.0161570156
20,0.34,7,0.67,0.32,7,0.32,66.2755602001
20,0.34,7,0.67,0.32,7,0.34,72.0972871121
20,0.34,7,0.67,0.32,7,0.34,66.3074801271
20,0.34,7,0.67,0.32,7,0.34,69.9322277919
20,0.34,7,0.67,0.32,7,0.34,67.3361572926
20,0.34,7,0.67,0.32,7,0.34,68.2413369633
20,0.34,7,0.67,0.34,7,0.32,68.6036565033
20,0.34,7,0.67,0.34,7,0.32,65.1425537638
20,0.34,7,0.67,0.34,7,0.32,65.3324774574
20,0.34,7,0.67,0.34,7,0.32,69.0436069154
20,0.34,7,0.67,0.34,7,0.32,67.8221368741
20,0.34,7,0.67,0.34,7,0.34,68.7060504699
20,0.34,7,0.67,0.34,7,0.34,70.5691918048
20,0.34,7,0.67,0.34,7,0.34,70.7604478989
20,0.34,7,0.67,0.34,7,0.34,67.1484471666
20,0.34,7,0.67,0.34,7,0.34,65.7479818009
30,0.32,7,0.65,0.32,7,0.32,62.0028480622
30,0.32,7,0.65,0.32,7,0.32,61.5134061836
30,0.32,7,0.65,0.32,7,0.32,64.9909168351
30,0.32,7,0.65,0.32,7,0.32,61.0364440319
30,0.32,7,0.65,0.32,7,0.32,61.8777765404
30,0.32,7,0.65,0.32,7,0.34,59.7941462117
30,0.32,7,0.65,0.32,7,0.34,60.4949908608
30,0.32,7,0.65,0.32,7,0.34,63.0633724953
30,0.32,7,0.65,0.32,7,0.34,58.9343794608
30,0.32,7,0.65,0.32,7,0.34,58.5136031539
30,0.32,7,0.65,0.34,7,0.32,63.0177997572
30,0.32,7,0.65,0.34,7,0.32,59.9205289893
30,0.32,7,0.65,0.34,7,0.32,60.0185242537
30,0.32,7,0.65,0.34,7,0.32,61.5430318631
30,0.32,7,0.65,0.34,7,0.32,59.7178959181
30,0.32,7,0.65,0.34,7,0.34,57.397002168
30,0.32,7,0.65,0.34,7,0.34,60.4010051133
30,0.32,7,0.65,0.34,7,0.34,64.5680516063
30,0.32,7,0.65,0.34,7,0.34,59.9606231272
30,0.32,7,0.65,0.34,7,0.34,59.7841483785
30,0.32,7,0.67,0.32,7,0.32,60.6888368545
30,0.32,7,0.67,0.32,7,0.32,61.9142444221
30,0.32,7,0.67,0.32,7,0.32,59.408743494
30,0.32,7,0.67,0.32,7,0.32,60.3642489674
30,0.32,7,0.67,0.32,7,0.32,62.9444938324
30,0.32,7,0.67,0.32,7,0.34,57.4968169215
30,0.32,7,0.67,0.32,7,0.34,58.5233305029
30,0.32,7,0.67,0.32,7,0.34,61.7008192254
30,0.32,7,0.67,0.32,7,0.34,62.711037254
30,0.32,7,0.67,0.32,7,0.34,56.4076739208
30,0.32,7,0.67,0.34,7,0.32,61.0139025915
30,0.32,7,0.67,0.34,7,0.32,60.8740916301
30,0.32,7,0.67,0.34,7,0.32,61.3998957713
30,0.32,7,0.67,0.34,7,0.32,61.1285663384
30,0.32,7,0.67,0.34,7,0.32,61.2283399551
30,0.32,7,0.67,0.34,7,0.34,57.4185683487
30,0.32,7,0.67,0.34,7,0.34,63.2117716682
30,0.32,7,0.67,0.34,7,0.34,59.5764715016
30,0.32,7,0.67,0.34,7,0.34,62.1139521613
30,0.32,7,0.67,0.34,7,0.34,60.6262964934
30,0.34,7,0.65,0.32,7,0.32,58.6495089325
30,0.34,7,0.65,0.32,7,0.32,60.8652310088
30,0.34,7,0.65,0.32,7,0.32,63.5206315863
30,0.34,7,0.65,0.32,7,0.32,62.8584495899
30,0.34,7,0.65,0.32,7,0.32,61.5845800295
30,0.34,7,0.65,0.32,7,0.34,62.6981213221
30,0.34,7,0.65,0.32,7,0.34,60.9329840084
30,0.34,7,0.65,0.32,7,0.34,59.4540549274
30,0.34,7,0.65,0.32,7,0.34,60.5178807771
30,0.34,7,0.65,0.32,7,0.34,59.4812395744
30,0.34,7,0.65,0.34,7,0.32,59.4750161571
30,0.34,7,0.65,0.34,7,0.32,59.1971248495
30,0.34,7,0.65,0.34,7,0.32,62.6872581257
30,0.34,7,0.65,0.34,7,0.32,60.3276945814
30,0.34,7,0.65,0.34,7,0.32,57.7038812468
30,0.34,7,0.65,0.34,7,0.34,60.3505448252
30,0.34,7,0.65,0.34,7,0.34,57.5970705349
30,0.34,7,0.65,0.34,7,0.34,58.797376047
30,0.34,7,0.65,0.34,7,0.34,61.2547287306
30,0.34,7,0.65,0.34,7,0.34,62.9912987347
30,0.34,7,0.67,0.32,7,0.32,61.6891921277
30,0.34,7,0.67,0.32,7,0.32,62.297761651
30,0.34,7,0.67,0.32,7,0.32,62.3238383532
30,0.34,7,0.67,0.32,7,0.32,61.8483714015
30,0.34,7,0.67,0.32,7,0.32,60.6582023996
30,0.34,7,0.67,0.32,7,0.34,62.0608532643
30,0.34,7,0.67,0.32,7,0.34,57.9791295792
30,0.34,7,0.67,0.32,7,0.34,64.0321052223
30,0.34,7,0.67,0.32,7,0.34,65.652412805
30,0.34,7,0.67,0.32,7,0.34,62.5783590925
30,0.34,7,0.67,0.34,7,0.32,62.460069221
30,0.34,7,0.67,0.34,7,0.32,58.3812976092
30,0.34,7,0.67,0.34,7,0.32,60.6217144852
30,0.34,7,0.67,0.34,7,0.32,60.7828415679
30,0.34,7,0.67,0.34,7,0.32,62.0479044162
30,0.34,7,0.67,0.34,7,0.34,60.6446084201
30,0.34,7,0.67,0.34,7,0.34,63.9503574354
30,0.34,7,0.67,0.34,7,0.34,64.5197327265
30,0.34,7,0.67,0.34,7,0.34,62.3070238935
30,0.34,7,0.67,0.34,7,0.34,59.6631996073
