Noise,Beta1,Window1,T1,Beta2,Window2,T2,PSNR
1,0.41,7,0.63,0.52,7,0.59,102.516689452
1,0.41,7,0.63,0.52,7,0.59,104.702157387
1,0.41,7,0.63,0.52,7,0.59,103.38487355
1,0.41,7,0.63,0.52,7,0.59,104.584679603
1,0.41,7,0.63,0.52,7,0.59,103.538932303
1,0.41,7,0.63,0.52,7,0.79,103.305592553
1,0.41,7,0.63,0.52,7,0.79,104.788648322
1,0.41,7,0.63,0.52,7,0.79,105.282928643
1,0.41,7,0.63,0.52,7,0.79,103.572784022
1,0.41,7,0.63,0.52,7,0.79,104.666967661
1,0.41,7,0.63,0.72,7,0.59,102.441195811
1,0.41,7,0.63,0.72,7,0.59,104.565320155
1,0.41,7,0.63,0.72,7,0.59,103.369171768
1,0.41,7,0.63,0.72,7,0.59,101.506302601
1,0.41,7,0.63,0.72,7,0.59,102.157201394
1,0.41,7,0.63,0.72,7,0.79,104.50665173
1,0.41,7,0.63,0.72,7,0.79,101.13928783
1,0.41,7,0.63,0.72,7,0.79,101.728610705
1,0.41,7,0.63,0.72,7,0.79,104.549288018
1,0.41,7,0.63,0.72,7,0.79,101.084937281
1,0.41,7,0.83,0.52,7,0.59,106.917649433
1,0.41,7,0.83,0.52,7,0.59,105.881599337
1,0.41,7,0.83,0.52,7,0.59,104.78512439
1,0.41,7,0.83,0.52,7,0.59,104.243115721
1,0.41,7,0.83,0.52,7,0.59,106.345662956
1,0.41,7,0.83,0.52,7,0.79,105.416674436
1,0.41,7,0.83,0.52,7,0.79,106.174937949
1,0.41,7,0.83,0.52,7,0.79,105.622842062
1,0.41,7,0.83,0.52,7,0.79,103.516115721
1,0.41,7,0.83,0.52,7,0.79,106.431283626
1,0.41,7,0.83,0.72,7,0.59,103.11677204
1,0.41,7,0.83,0.72,7,0.59,100.557119168
1,0.41,7,0.83,0.72,7,0.59,105.202324398
1,0.41,7,0.83,0.72,7,0.59,103.126547483
1,0.41,7,0.83,0.72,7,0.59,102.200545491
1,0.41,7,0.83,0.72,7,0.79,105.418643105
1,0.41,7,0.83,0.72,7,0.79,101.17025753
1,0.41,7,0.83,0.72,7,0.79,102.4950477
1,0.41,7,0.83,0.72,7,0.79,100.154162168
1,0.41,7,0.83,0.72,7,0.79,100.659549481
1,0.61,7,0.63,0.52,7,0.59,102.988664429
1,0.61,7,0.63,0.52,7,0.59,104.037521684
1,0.61,7,0.63,0.52,7,0.59,100.39915401
1,0.61,7,0.63,0.52,7,0.59,101.476623742
1,0.61,7,0.63,0.52,7,0.59,104.253440126
1,0.61,7,0.63,0.52,7,0.79,102.435031489
1,0.61,7,0.63,0.52,7,0.79,99.9378137518
1,0.61,7,0.63,0.52,7,0.79,101.36379549
1,0.61,7,0.63,0.52,7,0.79,101.048631875
1,0.61,7,0.63,0.52,7,0.79,104.277919011
1,0.61,7,0.63,0.72,7,0.59,101.436927349
1,0.61,7,0.63,0.72,7,0.59,100.489086193
1,0.61,7,0.63,0.72,7,0.59,100.206196674
1,0.61,7,0.63,0.72,7,0.59,101.235364549
1,0.61,7,0.63,0.72,7,0.59,100.78588293
1,0.61,7,0.63,0.72,7,0.79,100.584962788
1,0.61,7,0.63,0.72,7,0.79,104.133354608
1,0.61,7,0.63,0.72,7,0.79,101.564395931
1,0.61,7,0.63,0.72,7,0.79,101.609860137
1,0.61,7,0.63,0.72,7,0.79,101.459425044
1,0.61,7,0.83,0.52,7,0.59,99.7485267788
1,0.61,7,0.83,0.52,7,0.59,102.673753717
1,0.61,7,0.83,0.52,7,0.59,102.750666621
1,0.61,7,0.83,0.52,7,0.59,101.754469507
1,0.61,7,0.83,0.52,7,0.59,102.021142066
1,0.61,7,0.83,0.52,7,0.79,102.00737214
1,0.61,7,0.83,0.52,7,0.79,100.673847386
1,0.61,7,0.83,0.52,7,0.79,100.579313775
1,0.61,7,0.83,0.52,7,0.79,102.666378986
1,0.61,7,0.83,0.52,7,0.79,102.769616684
1,0.61,7,0.83,0.72,7,0.59,102.112950564
1,0.61,7,0.83,0.72,7,0.59,102.896362121
1,0.61,7,0.83,0.72,7,0.59,101.202542953
1,0.61,7,0.83,0.72,7,0.59,99.9229914209
1,0.61,7,0.83,0.72,7,0.59,102.295794441
1,0.61,7,0.83,0.72,7,0.79,100.184417985
1,0.61,7,0.83,0.72,7,0.79,100.251557466
1,0.61,7,0.83,0.72,7,0.79,101.669020558
1,0.61,7,0.83,0.72,7,0.79,101.617532277
1,0.61,7,0.83,0.72,7,0.79,104.026438703
5,0.41,7,0.63,0.52,7,0.59,88.8549138834
5,0.41,7,0.63,0.52,7,0.59,84.3963637693
5,0.41,7,0.63,0.52,7,0.59,87.9612059363
5,0.41,7,0.63,0.52,7,0.59,84.7398892035
5,0.41,7,0.63,0.52,7,0.59,85.9982032408
5,0.41,7,0.63,0.52,7,0.79,86.3323688214
5,0.41,7,0.63,0.52,7,0.79,88.0581328442
5,0.41,7,0.63,0.52,7,0.79,88.3873072651
5,0.41,7,0.63,0.52,7,0.79,88.3851524894
5,0.41,7,0.63,0.52,7,0.79,85.8709089486
5,0.41,7,0.63,0.72,7,0.59,86.1675903213
5,0.41,7,0.63,0.72,7,0.59,89.3192250613
5,0.41,7,0.63,0.72,7,0.59,90.2238552249
5,0.41,7,0.63,0.72,7,0.59,91.7823569941
5,0.41,7,0.63,0.72,7,0.59,88.72329777
5,0.41,7,0.63,0.72,7,0.79,87.7128278428
5,0.41,7,0.63,0.72,7,0.79,86.968209316
5,0.41,7,0.63,0.72,7,0.79,83.6865063249
5,0.41,7,0.63,0.72,7,0.79,86.3713012631
5,0.41,7,0.63,0.72,7,0.79,90.1491835004
5,0.41,7,0.83,0.52,7,0.59,89.9708464018
5,0.41,7,0.83,0.52,7,0.59,85.9154957766
5,0.41,7,0.83,0.52,7,0.59,91.2252308113
5,0.41,7,0.83,0.52,7,0.59,92.3097047694
5,0.41,7,0.83,0.52,7,0.59,83.6877974765
5,0.41,7,0.83,0.52,7,0.79,89.2216207897
5,0.41,7,0.83,0.52,7,0.79,86.8004392972
5,0.41,7,0.83,0.52,7,0.79,89.0391399319
5,0.41,7,0.83,0.52,7,0.79,88.3891512217
5,0.41,7,0.83,0.52,7,0.79,85.4726933467
5,0.41,7,0.83,0.72,7,0.59,87.7892882994
5,0.41,7,0.83,0.72,7,0.59,89.6559693462
5,0.41,7,0.83,0.72,7,0.59,86.0349484572
5,0.41,7,0.83,0.72,7,0.59,90.9651549528
5,0.41,7,0.83,0.72,7,0.59,86.3494433152
5,0.41,7,0.83,0.72,7,0.79,83.9159475221
5,0.41,7,0.83,0.72,7,0.79,90.0452165686
5,0.41,7,0.83,0.72,7,0.79,84.4877719946
5,0.41,7,0.83,0.72,7,0.79,86.0417747547
5,0.41,7,0.83,0.72,7,0.79,89.3487483468
5,0.61,7,0.63,0.52,7,0.59,89.4913288604
5,0.61,7,0.63,0.52,7,0.59,86.6435759749
5,0.61,7,0.63,0.52,7,0.59,89.5692347904
5,0.61,7,0.63,0.52,7,0.59,84.719019237
5,0.61,7,0.63,0.52,7,0.59,86.2620196686
5,0.61,7,0.63,0.52,7,0.79,88.9917008493
5,0.61,7,0.63,0.52,7,0.79,86.1195366288
5,0.61,7,0.63,0.52,7,0.79,84.5383777353
5,0.61,7,0.63,0.52,7,0.79,83.8672705313
5,0.61,7,0.63,0.52,7,0.79,86.6250272531
5,0.61,7,0.63,0.72,7,0.59,87.0082427162
5,0.61,7,0.63,0.72,7,0.59,82.2317760464
5,0.61,7,0.63,0.72,7,0.59,85.5206051542
5,0.61,7,0.63,0.72,7,0.59,90.8902957189
5,0.61,7,0.63,0.72,7,0.59,84.933019949
5,0.61,7,0.63,0.72,7,0.79,85.2784947678
5,0.61,7,0.63,0.72,7,0.79,83.1945753303
5,0.61,7,0.63,0.72,7,0.79,85.9239416156
5,0.61,7,0.63,0.72,7,0.79,85.0088613641
5,0.61,7,0.63,0.72,7,0.79,85.6501157558
5,0.61,7,0.83,0.52,7,0.59,89.1980069942
5,0.61,7,0.83,0.52,7,0.59,84.9945382642
5,0.61,7,0.83,0.52,7,0.59,87.0893190994
5,0.61,7,0.83,0.52,7,0.59,89.6817396841
5,0.61,7,0.83,0.52,7,0.59,83.7889146582
5,0.61,7,0.83,0.52,7,0.79,86.4378695898
5,0.61,7,0.83,0.52,7,0.79,88.4870424157
5,0.61,7,0.83,0.52,7,0.79,85.6612925921
5,0.61,7,0.83,0.52,7,0.79,87.095687802
5,0.61,7,0.83,0.52,7,0.79,89.6831165809
5,0.61,7,0.83,0.72,7,0.59,87.4624251328
5,0.61,7,0.83,0.72,7,0.59,86.3401986893
5,0.61,7,0.83,0.72,7,0.59,87.8743531079
5,0.61,7,0.83,0.72,7,0.59,83.5183881969
5,0.61,7,0.83,0.72,7,0.59,88.3244177485
5,0.61,7,0.83,0.72,7,0.79,82.6437030381
5,0.61,7,0.83,0.72,7,0.79,84.6018519668
5,0.61,7,0.83,0.72,7,0.79,81.4228193745
5,0.61,7,0.83,0.72,7,0.79,88.4676092255
5,0.61,7,0.83,0.72,7,0.79,85.6479300562
10,0.41,7,0.63,0.52,7,0.59,73.6227430299
10,0.41,7,0.63,0.52,7,0.59,73.4044881331
10,0.41,7,0.63,0.52,7,0.59,75.2564254125
10,0.41,7,0.63,0.52,7,0.59,71.9325687276
10,0.41,7,0.63,0.52,7,0.59,77.9754852649
10,0.41,7,0.63,0.52,7,0.79,71.4305533975
10,0.41,7,0.63,0.52,7,0.79,76.9954899494
10,0.41,7,0.63,0.52,7,0.79,75.2680721931
10,0.41,7,0.63,0.52,7,0.79,76.1718658757
10,0.41,7,0.63,0.52,7,0.79,78.1832411705
10,0.41,7,0.63,0.72,7,0.59,73.8419067843
10,0.41,7,0.63,0.72,7,0.59,76.1644936758
10,0.41,7,0.63,0.72,7,0.59,75.4466505688
10,0.41,7,0.63,0.72,7,0.59,75.3487175874
10,0.41,7,0.63,0.72,7,0.59,73.8724968721
10,0.41,7,0.63,0.72,7,0.79,75.15003879
10,0.41,7,0.63,0.72,7,0.79,77.5649866497
10,0.41,7,0.63,0.72,7,0.79,73.1604042461
10,0.41,7,0.63,0.72,7,0.79,74.3873150178
10,0.41,7,0.63,0.72,7,0.79,73.7546735613
10,0.41,7,0.83,0.52,7,0.59,80.0323911178
10,0.41,7,0.83,0.52,7,0.59,78.1600369939
10,0.41,7,0.83,0.52,7,0.59,76.8026056718
10,0.41,7,0.83,0.52,7,0.59,75.8429624612
10,0.41,7,0.83,0.52,7,0.59,73.9248901542
10,0.41,7,0.83,0.52,7,0.79,75.3695068127
10,0.41,7,0.83,0.52,7,0.79,72.8257742869
10,0.41,7,0.83,0.52,7,0.79,76.8286498124
10,0.41,7,0.83,0.52,7,0.79,78.1275601488
10,0.41,7,0.83,0.52,7,0.79,70.39817084
10,0.41,7,0.83,0.72,7,0.59,73.839766489
10,0.41,7,0.83,0.72,7,0.59,76.3133216131
10,0.41,7,0.83,0.72,7,0.59,73.0733326739
10,0.41,7,0.83,0.72,7,0.59,72.9285874934
10,0.41,7,0.83,0.72,7,0.59,75.905313255
10,0.41,7,0.83,0.72,7,0.79,80.2075719456
10,0.41,7,0.83,0.72,7,0.79,77.5503100863
10,0.41,7,0.83,0.72,7,0.79,74.7685312284
10,0.41,7,0.83,0.72,7,0.79,72.572922303
10,0.41,7,0.83,0.72,7,0.79,75.0642598831
10,0.61,7,0.63,0.52,7,0.59,78.619501019
10,0.61,7,0.63,0.52,7,0.59,74.8467612068
10,0.61,7,0.63,0.52,7,0.59,73.7008658788
10,0.61,7,0.63,0.52,7,0.59,79.5508697616
10,0.61,7,0.63,0.52,7,0.59,74.7932019732
10,0.61,7,0.63,0.52,7,0.79,74.7021017059
10,0.61,7,0.63,0.52,7,0.79,73.7215740135
10,0.61,7,0.63,0.52,7,0.79,77.9004248518
10,0.61,7,0.63,0.52,7,0.79,71.7295950752
10,0.61,7,0.63,0.52,7,0.79,71.8554679488
10,0.61,7,0.63,0.72,7,0.59,75.2128964971
10,0.61,7,0.63,0.72,7,0.59,69.6367656006
10,0.61,7,0.63,0.72,7,0.59,74.4262604803
10,0.61,7,0.63,0.72,7,0.59,74.0749648881
10,0.61,7,0.63,0.72,7,0.59,76.1877265424
10,0.61,7,0.63,0.72,7,0.79,72.2036320402
10,0.61,7,0.63,0.72,7,0.79,76.2998238605
10,0.61,7,0.63,0.72,7,0.79,72.5114322139
10,0.61,7,0.63,0.72,7,0.79,72.9758972893
10,0.61,7,0.63,0.72,7,0.79,75.7018968064
10,0.61,7,0.83,0.52,7,0.59,76.806053783
10,0.61,7,0.83,0.52,7,0.59,77.1684868295
10,0.61,7,0.83,0.52,7,0.59,75.2900374244
10,0.61,7,0.83,0.52,7,0.59,73.0657107983
10,0.61,7,0.83,0.52,7,0.59,70.4707391545
10,0.61,7,0.83,0.52,7,0.79,75.5035224018
10,0.61,7,0.83,0.52,7,0.79,80.2224277541
10,0.61,7,0.83,0.52,7,0.79,73.5993490998
10,0.61,7,0.83,0.52,7,0.79,77.3140814051
10,0.61,7,0.83,0.52,7,0.79,72.3501187588
10,0.61,7,0.83,0.72,7,0.59,78.9387051717
10,0.61,7,0.83,0.72,7,0.59,75.2760351328
10,0.61,7,0.83,0.72,7,0.59,77.3938156162
10,0.61,7,0.83,0.72,7,0.59,74.8623526422
10,0.61,7,0.83,0.72,7,0.59,70.8446978364
10,0.61,7,0.83,0.72,7,0.79,69.1608427944
10,0.61,7,0.83,0.72,7,0.79,74.1681086569
10,0.61,7,0.83,0.72,7,0.79,73.9885389357
10,0.61,7,0.83,0.72,7,0.79,79.9045517116
10,0.61,7,0.83,0.72,7,0.79,80.4986085572
20,0.41,7,0.63,0.52,7,0.59,64.3987837098
20,0.41,7,0.63,0.52,7,0.59,66.8044775002
20,0.41,7,0.63,0.52,7,0.59,65.6818309501
20,0.41,7,0.63,0.52,7,0.59,65.0249416227
20,0.41,7,0.63,0.52,7,0.59,70.6313751991
20,0.41,7,0.63,0.52,7,0.79,61.7646556768
20,0.41,7,0.63,0.52,7,0.79,65.7892176982
20,0.41,7,0.63,0.52,7,0.79,63.4471010677
20,0.41,7,0.63,0.52,7,0.79,65.7896156997
20,0.41,7,0.63,0.52,7,0.79,64.7474456782
20,0.41,7,0.63,0.72,7,0.59,64.9367036816
20,0.41,7,0.63,0.72,7,0.59,66.378300691
20,0.41,7,0.63,0.72,7,0.59,65.4954706024
20,0.41,7,0.63,0.72,7,0.59,65.900643794
20,0.41,7,0.63,0.72,7,0.59,59.5806350714
20,0.41,7,0.63,0.72,7,0.79,66.8905382766
20,0.41,7,0.63,0.72,7,0.79,63.9941418864
20,0.41,7,0.63,0.72,7,0.79,67.6225518621
20,0.41,7,0.63,0.72,7,0.79,69.4129172095
20,0.41,7,0.63,0.72,7,0.79,68.653400759
20,0.41,7,0.83,0.52,7,0.59,64.3313576719
20,0.41,7,0.83,0.52,7,0.59,64.8940999612
20,0.41,7,0.83,0.52,7,0.59,62.2771887085
20,0.41,7,0.83,0.52,7,0.59,67.3017440367
20,0.41,7,0.83,0.52,7,0.59,65.0865290799
20,0.41,7,0.83,0.52,7,0.79,60.0878081307
20,0.41,7,0.83,0.52,7,0.79,62.2741577948
20,0.41,7,0.83,0.52,7,0.79,64.5922027696
20,0.41,7,0.83,0.52,7,0.79,65.2671909152
20,0.41,7,0.83,0.52,7,0.79,68.5806178193
20,0.41,7,0.83,0.72,7,0.59,64.3122387953
20,0.41,7,0.83,0.72,7,0.59,68.5279601095
20,0.41,7,0.83,0.72,7,0.59,63.9073625794
20,0.41,7,0.83,0.72,7,0.59,66.2278561024
20,0.41,7,0.83,0.72,7,0.59,61.1177304153
20,0.41,7,0.83,0.72,7,0.79,63.3789469401
20,0.41,7,0.83,0.72,7,0.79,64.1388928059
20,0.41,7,0.83,0.72,7,0.79,63.9689455498
20,0.41,7,0.83,0.72,7,0.79,60.7257992968
20,0.41,7,0.83,0.72,7,0.79,62.4723959292
20,0.61,7,0.63,0.52,7,0.59,63.8987346574
20,0.61,7,0.63,0.52,7,0.59,64.7925735663
20,0.61,7,0.63,0.52,7,0.59,65.8026462553
20,0.61,7,0.63,0.52,7,0.59,61.9601967359
20,0.61,7,0.63,0.52,7,0.59,59.0433855111
20,0.61,7,0.63,0.52,7,0.79,63.5655507925
20,0.61,7,0.63,0.52,7,0.79,67.8228152831
20,0.61,7,0.63,0.52,7,0.79,64.2612893256
20,0.61,7,0.63,0.52,7,0.79,62.3192209936
20,0.61,7,0.63,0.52,7,0.79,60.5029385919
20,0.61,7,0.63,0.72,7,0.59,65.1219985989
20,0.61,7,0.63,0.72,7,0.59,66.2720688814
20,0.61,7,0.63,0.72,7,0.59,65.6413213023
20,0.61,7,0.63,0.72,7,0.59,65.0479350025
20,0.61,7,0.63,0.72,7,0.59,60.6414770534
20,0.61,7,0.63,0.72,7,0.79,61.7359220928
20,0.61,7,0.63,0.72,7,0.79,61.4975684455
20,0.61,7,0.63,0.72,7,0.79,63.7259810266
20,0.61,7,0.63,0.72,7,0.79,61.505720507
20,0.61,7,0.63,0.72,7,0.79,64.7464334487
20,0.61,7,0.83,0.52,7,0.59,64.7923078922
20,0.61,7,0.83,0.52,7,0.59,64.8236592967
20,0.61,7,0.83,0.52,7,0.59,65.1083916528
20,0.61,7,0.83,0.52,7,0.59,60.6315063125
20,0.61,7,0.83,0.52,7,0.59,62.9603852381
20,0.61,7,0.83,0.52,7,0.79,66.6250280628
20,0.61,7,0.83,0.52,7,0.79,62.8593343306
20,0.61,7,0.83,0.52,7,0.79,65.9611065884
20,0.61,7,0.83,0.52,7,0.79,61.1454396726
20,0.61,7,0.83,0.52,7,0.79,66.1326564153
20,0.61,7,0.83,0.72,7,0.59,64.0972382855
20,0.61,7,0.83,0.72,7,0.59,63.7058874907
20,0.61,7,0.83,0.72,7,0.59,63.3633900067
20,0.61,7,0.83,0.72,7,0.59,62.0011729897
20,0.61,7,0.83,0.72,7,0.59,65.1084251844
20,0.61,7,0.83,0.72,7,0.79,68.1060695511
20,0.61,7,0.83,0.72,7,0.79,62.6100271639
20,0.61,7,0.83,0.72,7,0.79,61.6241506954
20,0.61,7,0.83,0.72,7,0.79,64.21160261
20,0.61,7,0.83,0.72,7,0.79,59.5912603499
30,0.41,7,0.63,0.52,7,0.59,60.9216492895
30,0.41,7,0.63,0.52,7,0.59,60.3809143308
30,0.41,7,0.63,0.52,7,0.59,61.1963622149
30,0.41,7,0.63,0.52,7,0.59,52.6819172424
30,0.41,7,0.63,0.52,7,0.59,58.5554794267
30,0.41,7,0.63,0.52,7,0.79,57.0611630641
30,0.41,7,0.63,0.52,7,0.79,56.5969533653
30,0.41,7,0.63,0.52,7,0.79,59.3460406521
30,0.41,7,0.63,0.52,7,0.79,60.8849456014
30,0.41,7,0.63,0.52,7,0.79,56.9063120347
30,0.41,7,0.63,0.72,7,0.59,57.176483043
30,0.41,7,0.63,0.72,7,0.59,56.9853335468
30,0.41,7,0.63,0.72,7,0.59,60.3472175427
30,0.41,7,0.63,0.72,7,0.59,58.834153848
30,0.41,7,0.63,0.72,7,0.59,60.2307889111
30,0.41,7,0.63,0.72,7,0.79,61.2512096356
30,0.41,7,0.63,0.72,7,0.79,54.7490985418
30,0.41,7,0.63,0.72,7,0.79,61.4181474834
30,0.41,7,0.63,0.72,7,0.79,55.0606375507
30,0.41,7,0.63,0.72,7,0.79,56.7190069037
30,0.41,7,0.83,0.52,7,0.59,59.0207997343
30,0.41,7,0.83,0.52,7,0.59,57.1824392237
30,0.41,7,0.83,0.52,7,0.59,59.8850314719
30,0.41,7,0.83,0.52,7,0.59,58.8368381454
30,0.41,7,0.83,0.52,7,0.59,57.1706340313
30,0.41,7,0.83,0.52,7,0.79,60.1140567526
30,0.41,7,0.83,0.52,7,0.79,57.8792625507
30,0.41,7,0.83,0.52,7,0.79,58.5842018575
30,0.41,7,0.83,0.52,7,0.79,58.9347149824
30,0.41,7,0.83,0.52,7,0.79,60.2653580942
30,0.41,7,0.83,0.72,7,0.59,57.9357717055
30,0.41,7,0.83,0.72,7,0.59,61.3973907087
30,0.41,7,0.83,0.72,7,0.59,58.030540287
30,0.41,7,0.83,0.72,7,0.59,51.0754384068
30,0.41,7,0.83,0.72,7,0.59,60.6266077184
30,0.41,7,0.83,0.72,7,0.79,57.9737256875
30,0.41,7,0.83,0.72,7,0.79,59.0341534141
30,0.41,7,0.83,0.72,7,0.79,58.4326129821
30,0.41,7,0.83,0.72,7,0.79,62.1649263902
30,0.41,7,0.83,0.72,7,0.79,61.7701571646
30,0.61,7,0.63,0.52,7,0.59,62.3979365592
30,0.61,7,0.63,0.52,7,0.59,59.8834275257
30,0.61,7,0.63,0.52,7,0.59,59.9952011977
30,0.61,7,0.63,0.52,7,0.59,54.49449932
30,0.61,7,0.63,0.52,7,0.59,60.0701642059
30,0.61,7,0.63,0.52,7,0.79,59.5843597382
30,0.61,7,0.63,0.52,7,0.79,57.2746402769
30,0.61,7,0.63,0.52,7,0.79,56.4508049841
30,0.61,7,0.63,0.52,7,0.79,60.2831199201
30,0.61,7,0.63,0.52,7,0.79,57.7759888175
30,0.61,7,0.63,0.72,7,0.59,54.2517930116
30,0.61,7,0.63,0.72,7,0.59,63.0683584428
30,0.61,7,0.63,0.72,7,0.59,65.0456332039
30,0.61,7,0.63,0.72,7,0.59,58.059429985
30,0.61,7,0.63,0.72,7,0.59,56.9087819722
30,0.61,7,0.63,0.72,7,0.79,56.4589336761
30,0.61,7,0.63,0.72,7,0.79,60.3758096699
30,0.61,7,0.63,0.72,7,0.79,56.0439325012
30,0.61,7,0.63,0.72,7,0.79,60.1137911132
30,0.61,7,0.63,0.72,7,0.79,58.6085944559
30,0.61,7,0.83,0.52,7,0.59,58.1465859176
30,0.61,7,0.83,0.52,7,0.59,59.4707724501
30,0.61,7,0.83,0.52,7,0.59,56.3756790329
30,0.61,7,0.83,0.52,7,0.59,62.1701331737
30,0.61,7,0.83,0.52,7,0.59,56.0172449801
30,0.61,7,0.83,0.52,7,0.79,60.2530874686
30,0.61,7,0.83,0.52,7,0.79,59.0350749038
30,0.61,7,0.83,0.52,7,0.79,62.4294165274
30,0.61,7,0.83,0.52,7,0.79,57.2933503355
30,0.61,7,0.83,0.52,7,0.79,61.2354426376
30,0.61,7,0.83,0.72,7,0.59,62.6296084567
30,0.61,7,0.83,0.72,7,0.59,55.0421966565
30,0.61,7,0.83,0.72,7,0.59,60.3414601118
30,0.61,7,0.83,0.72,7,0.59,57.4223853714
30,0.61,7,0.83,0.72,7,0.59,54.2470673468
30,0.61,7,0.83,0.72,7,0.79,61.5955541216
30,0.61,7,0.83,0.72,7,0.79,56.8804678505
30,0.61,7,0.83,0.72,7,0.79,55.7500562457
30,0.61,7,0.83,0.72,7,0.79,59.2353506605
30,0.61,7,0.83,0.72,7,0.79,51.3864626889
1,0.3333,7,0.3333,0.3333,7,0.3333,104.595174227
1,0.3333,7,0.3333,0.3333,7,0.3333,108.694027694
1,0.3333,7,0.3333,0.3333,7,0.3333,108.042210494
1,0.3333,7,0.3333,0.3333,7,0.3333,106.136574047
1,0.3333,7,0.3333,0.3333,7,0.3333,107.210263083
1,0.3333,7,0.3333,0.3333,7,0.6666,106.363059284
1,0.3333,7,0.3333,0.3333,7,0.6666,106.375479482
1,0.3333,7,0.3333,0.3333,7,0.6666,108.225144039
1,0.3333,7,0.3333,0.3333,7,0.6666,107.138160718
1,0.3333,7,0.3333,0.3333,7,0.6666,104.789777774
1,0.3333,7,0.3333,0.6666,7,0.3333,103.859790123
1,0.3333,7,0.3333,0.6666,7,0.3333,105.377676496
1,0.3333,7,0.3333,0.6666,7,0.3333,105.125233668
1,0.3333,7,0.3333,0.6666,7,0.3333,103.672296039
1,0.3333,7,0.3333,0.6666,7,0.3333,105.238412526
1,0.3333,7,0.3333,0.6666,7,0.6666,103.459620068
1,0.3333,7,0.3333,0.6666,7,0.6666,104.82511509
1,0.3333,7,0.3333,0.6666,7,0.6666,102.562437823
1,0.3333,7,0.3333,0.6666,7,0.6666,104.753396364
1,0.3333,7,0.3333,0.6666,7,0.6666,103.398484657
1,0.3333,7,0.6666,0.3333,7,0.3333,107.188783288
1,0.3333,7,0.6666,0.3333,7,0.3333,109.91459829
1,0.3333,7,0.6666,0.3333,7,0.3333,107.16442157
1,0.3333,7,0.6666,0.3333,7,0.3333,108.115128023
1,0.3333,7,0.6666,0.3333,7,0.3333,106.850660846
1,0.3333,7,0.6666,0.3333,7,0.6666,108.840958626
1,0.3333,7,0.6666,0.3333,7,0.6666,106.863535143
1,0.3333,7,0.6666,0.3333,7,0.6666,107.920972866
1,0.3333,7,0.6666,0.3333,7,0.6666,106.967009685
1,0.3333,7,0.6666,0.3333,7,0.6666,106.524890077
1,0.3333,7,0.6666,0.6666,7,0.3333,104.824453827
1,0.3333,7,0.6666,0.6666,7,0.3333,103.147316374
1,0.3333,7,0.6666,0.6666,7,0.3333,103.192651372
1,0.3333,7,0.6666,0.6666,7,0.3333,102.481304555
1,0.3333,7,0.6666,0.6666,7,0.3333,105.300783571
1,0.3333,7,0.6666,0.6666,7,0.6666,103.999397628
1,0.3333,7,0.6666,0.6666,7,0.6666,103.641126603
1,0.3333,7,0.6666,0.6666,7,0.6666,107.043729159
1,0.3333,7,0.6666,0.6666,7,0.6666,104.427286758
1,0.3333,7,0.6666,0.6666,7,0.6666,103.573108844
1,0.6666,7,0.3333,0.3333,7,0.3333,105.880108798
1,0.6666,7,0.3333,0.3333,7,0.3333,101.478028785
1,0.6666,7,0.3333,0.3333,7,0.3333,103.786556087
1,0.6666,7,0.3333,0.3333,7,0.3333,104.554698295
1,0.6666,7,0.3333,0.3333,7,0.3333,103.999483009
1,0.6666,7,0.3333,0.3333,7,0.6666,103.642585304
1,0.6666,7,0.3333,0.3333,7,0.6666,101.761179839
1,0.6666,7,0.3333,0.3333,7,0.6666,103.765177133
1,0.6666,7,0.3333,0.3333,7,0.6666,102.096643468
1,0.6666,7,0.3333,0.3333,7,0.6666,100.803479966
1,0.6666,7,0.3333,0.6666,7,0.3333,99.8543179906
1,0.6666,7,0.3333,0.6666,7,0.3333,100.562707158
1,0.6666,7,0.3333,0.6666,7,0.3333,103.806011365
1,0.6666,7,0.3333,0.6666,7,0.3333,100.154194779
1,0.6666,7,0.3333,0.6666,7,0.3333,97.9922824314
1,0.6666,7,0.3333,0.6666,7,0.6666,100.703615534
1,0.6666,7,0.3333,0.6666,7,0.6666,99.6394823206
1,0.6666,7,0.3333,0.6666,7,0.6666,97.5910837222
1,0.6666,7,0.3333,0.6666,7,0.6666,100.282782004
1,0.6666,7,0.3333,0.6666,7,0.6666,102.445997094
1,0.6666,7,0.6666,0.3333,7,0.3333,100.213410381
1,0.6666,7,0.6666,0.3333,7,0.3333,103.401492764
1,0.6666,7,0.6666,0.3333,7,0.3333,104.214551075
1,0.6666,7,0.6666,0.3333,7,0.3333,101.76333466
1,0.6666,7,0.6666,0.3333,7,0.3333,105.291326379
1,0.6666,7,0.6666,0.3333,7,0.6666,104.645681732
1,0.6666,7,0.6666,0.3333,7,0.6666,101.069588484
1,0.6666,7,0.6666,0.3333,7,0.6666,100.874204102
1,0.6666,7,0.6666,0.3333,7,0.6666,103.323264941
1,0.6666,7,0.6666,0.3333,7,0.6666,101.9497162
1,0.6666,7,0.6666,0.6666,7,0.3333,99.1478228781
1,0.6666,7,0.6666,0.6666,7,0.3333,103.013040709
1,0.6666,7,0.6666,0.6666,7,0.3333,101.328860662
1,0.6666,7,0.6666,0.6666,7,0.3333,101.54093094
1,0.6666,7,0.6666,0.6666,7,0.3333,98.4687112382
1,0.6666,7,0.6666,0.6666,7,0.6666,102.660245164
1,0.6666,7,0.6666,0.6666,7,0.6666,99.7786601239
1,0.6666,7,0.6666,0.6666,7,0.6666,100.887784057
1,0.6666,7,0.6666,0.6666,7,0.6666,100.161110958
1,0.6666,7,0.6666,0.6666,7,0.6666,101.570862225
5,0.3333,7,0.3333,0.3333,7,0.3333,89.9185263842
5,0.3333,7,0.3333,0.3333,7,0.3333,86.8278924787
5,0.3333,7,0.3333,0.3333,7,0.3333,87.569395087
5,0.3333,7,0.3333,0.3333,7,0.3333,82.7671027072
5,0.3333,7,0.3333,0.3333,7,0.3333,88.3383457739
5,0.3333,7,0.3333,0.3333,7,0.6666,86.3188878874
5,0.3333,7,0.3333,0.3333,7,0.6666,87.2741709796
5,0.3333,7,0.3333,0.3333,7,0.6666,85.7163527353
5,0.3333,7,0.3333,0.3333,7,0.6666,88.521560067
5,0.3333,7,0.3333,0.3333,7,0.6666,86.8591000575
5,0.3333,7,0.3333,0.6666,7,0.3333,90.4044190835
5,0.3333,7,0.3333,0.6666,7,0.3333,88.5491130459
5,0.3333,7,0.3333,0.6666,7,0.3333,88.5488676441
5,0.3333,7,0.3333,0.6666,7,0.3333,85.3480451729
5,0.3333,7,0.3333,0.6666,7,0.3333,88.8522390549
5,0.3333,7,0.3333,0.6666,7,0.6666,88.8125776407
5,0.3333,7,0.3333,0.6666,7,0.6666,88.6418072192
5,0.3333,7,0.3333,0.6666,7,0.6666,85.162012991
5,0.3333,7,0.3333,0.6666,7,0.6666,85.1078968241
5,0.3333,7,0.3333,0.6666,7,0.6666,88.8194937678
5,0.3333,7,0.6666,0.3333,7,0.3333,86.5043509681
5,0.3333,7,0.6666,0.3333,7,0.3333,84.6203972083
5,0.3333,7,0.6666,0.3333,7,0.3333,89.6154628698
5,0.3333,7,0.6666,0.3333,7,0.3333,86.6953569744
5,0.3333,7,0.6666,0.3333,7,0.3333,88.1349981236
5,0.3333,7,0.6666,0.3333,7,0.6666,83.7981266727
5,0.3333,7,0.6666,0.3333,7,0.6666,86.6829847356
5,0.3333,7,0.6666,0.3333,7,0.6666,85.4807737274
5,0.3333,7,0.6666,0.3333,7,0.6666,87.9787192316
5,0.3333,7,0.6666,0.3333,7,0.6666,88.8994402287
5,0.3333,7,0.6666,0.6666,7,0.3333,87.9472555749
5,0.3333,7,0.6666,0.6666,7,0.3333,90.2649767285
5,0.3333,7,0.6666,0.6666,7,0.3333,90.1149869704
5,0.3333,7,0.6666,0.6666,7,0.3333,89.4694571718
5,0.3333,7,0.6666,0.6666,7,0.3333,86.457059345
5,0.3333,7,0.6666,0.6666,7,0.6666,84.8541256169
5,0.3333,7,0.6666,0.6666,7,0.6666,86.5699041129
5,0.3333,7,0.6666,0.6666,7,0.6666,90.2400561247
5,0.3333,7,0.6666,0.6666,7,0.6666,86.5329059831
5,0.3333,7,0.6666,0.6666,7,0.6666,85.2426714882
5,0.6666,7,0.3333,0.3333,7,0.3333,88.1191725009
5,0.6666,7,0.3333,0.3333,7,0.3333,88.7544085669
5,0.6666,7,0.3333,0.3333,7,0.3333,85.2122741253
5,0.6666,7,0.3333,0.3333,7,0.3333,83.7529986433
5,0.6666,7,0.3333,0.3333,7,0.3333,80.6161963712
5,0.6666,7,0.3333,0.3333,7,0.6666,90.2462286517
5,0.6666,7,0.3333,0.3333,7,0.6666,89.7118695669
5,0.6666,7,0.3333,0.3333,7,0.6666,87.4702625261
5,0.6666,7,0.3333,0.3333,7,0.6666,89.8567219682
5,0.6666,7,0.3333,0.3333,7,0.6666,86.7962976447
5,0.6666,7,0.3333,0.6666,7,0.3333,88.0557051747
5,0.6666,7,0.3333,0.6666,7,0.3333,82.5056144835
5,0.6666,7,0.3333,0.6666,7,0.3333,81.2108698804
5,0.6666,7,0.3333,0.6666,7,0.3333,88.12178281
5,0.6666,7,0.3333,0.6666,7,0.3333,85.4192115653
5,0.6666,7,0.3333,0.6666,7,0.6666,90.0730294302
5,0.6666,7,0.3333,0.6666,7,0.6666,83.1397919589
5,0.6666,7,0.3333,0.6666,7,0.6666,82.7074545254
5,0.6666,7,0.3333,0.6666,7,0.6666,88.1038426589
5,0.6666,7,0.3333,0.6666,7,0.6666,87.0408931992
5,0.6666,7,0.6666,0.3333,7,0.3333,89.0578326297
5,0.6666,7,0.6666,0.3333,7,0.3333,88.4992938476
5,0.6666,7,0.6666,0.3333,7,0.3333,86.1427453962
5,0.6666,7,0.6666,0.3333,7,0.3333,89.4120971611
5,0.6666,7,0.6666,0.3333,7,0.3333,87.4052789875
5,0.6666,7,0.6666,0.3333,7,0.6666,88.2261352859
5,0.6666,7,0.6666,0.3333,7,0.6666,83.3491652995
5,0.6666,7,0.6666,0.3333,7,0.6666,88.9703399753
5,0.6666,7,0.6666,0.3333,7,0.6666,84.2010959101
5,0.6666,7,0.6666,0.3333,7,0.6666,85.9594431914
5,0.6666,7,0.6666,0.6666,7,0.3333,82.085429757
5,0.6666,7,0.6666,0.6666,7,0.3333,87.4234165288
5,0.6666,7,0.6666,0.6666,7,0.3333,84.5340902315
5,0.6666,7,0.6666,0.6666,7,0.3333,84.7804612338
5,0.6666,7,0.6666,0.6666,7,0.3333,86.8267597987
5,0.6666,7,0.6666,0.6666,7,0.6666,86.7127138771
5,0.6666,7,0.6666,0.6666,7,0.6666,83.7515610643
5,0.6666,7,0.6666,0.6666,7,0.6666,88.9451818886
5,0.6666,7,0.6666,0.6666,7,0.6666,88.7926219915
5,0.6666,7,0.6666,0.6666,7,0.6666,82.894759931
10,0.3333,7,0.3333,0.3333,7,0.3333,72.8830045004
10,0.3333,7,0.3333,0.3333,7,0.3333,79.0269498551
10,0.3333,7,0.3333,0.3333,7,0.3333,78.4558754639
10,0.3333,7,0.3333,0.3333,7,0.3333,74.9354341009
10,0.3333,7,0.3333,0.3333,7,0.3333,74.9344257764
10,0.3333,7,0.3333,0.3333,7,0.6666,76.0271331777
10,0.3333,7,0.3333,0.3333,7,0.6666,78.907245543
10,0.3333,7,0.3333,0.3333,7,0.6666,73.7079404812
10,0.3333,7,0.3333,0.3333,7,0.6666,75.9353489707
10,0.3333,7,0.3333,0.3333,7,0.6666,75.009531076
10,0.3333,7,0.3333,0.6666,7,0.3333,75.9045626095
10,0.3333,7,0.3333,0.6666,7,0.3333,76.3805459312
10,0.3333,7,0.3333,0.6666,7,0.3333,75.0061457299
10,0.3333,7,0.3333,0.6666,7,0.3333,76.092010392
10,0.3333,7,0.3333,0.6666,7,0.3333,77.1240017492
10,0.3333,7,0.3333,0.6666,7,0.6666,74.6140786962
10,0.3333,7,0.3333,0.6666,7,0.6666,72.7891762165
10,0.3333,7,0.3333,0.6666,7,0.6666,81.6216370089
10,0.3333,7,0.3333,0.6666,7,0.6666,74.9177857773
10,0.3333,7,0.3333,0.6666,7,0.6666,74.7612812572
10,0.3333,7,0.6666,0.3333,7,0.3333,79.5126930497
10,0.3333,7,0.6666,0.3333,7,0.3333,76.0726027071
10,0.3333,7,0.6666,0.3333,7,0.3333,74.055685709
10,0.3333,7,0.6666,0.3333,7,0.3333,73.2042697078
10,0.3333,7,0.6666,0.3333,7,0.3333,77.9168907595
10,0.3333,7,0.6666,0.3333,7,0.6666,75.9391601152
10,0.3333,7,0.6666,0.3333,7,0.6666,73.3063952405
10,0.3333,7,0.6666,0.3333,7,0.6666,75.6301201868
10,0.3333,7,0.6666,0.3333,7,0.6666,75.5744862673
10,0.3333,7,0.6666,0.3333,7,0.6666,77.0730913516
10,0.3333,7,0.6666,0.6666,7,0.3333,73.1561463214
10,0.3333,7,0.6666,0.6666,7,0.3333,78.7212064519
10,0.3333,7,0.6666,0.6666,7,0.3333,77.7213268108
10,0.3333,7,0.6666,0.6666,7,0.3333,77.9272192831
10,0.3333,7,0.6666,0.6666,7,0.3333,74.7030584818
10,0.3333,7,0.6666,0.6666,7,0.6666,75.1524342764
10,0.3333,7,0.6666,0.6666,7,0.6666,76.9926040679
10,0.3333,7,0.6666,0.6666,7,0.6666,77.3374323221
10,0.3333,7,0.6666,0.6666,7,0.6666,76.1733735072
10,0.3333,7,0.6666,0.6666,7,0.6666,76.6194689528
10,0.6666,7,0.3333,0.3333,7,0.3333,73.7953850759
10,0.6666,7,0.3333,0.3333,7,0.3333,74.6536299181
10,0.6666,7,0.3333,0.3333,7,0.3333,75.6437251747
10,0.6666,7,0.3333,0.3333,7,0.3333,73.2834360683
10,0.6666,7,0.3333,0.3333,7,0.3333,75.2313241954
10,0.6666,7,0.3333,0.3333,7,0.6666,72.3140863057
10,0.6666,7,0.3333,0.3333,7,0.6666,73.4411776759
10,0.6666,7,0.3333,0.3333,7,0.6666,73.0051929518
10,0.6666,7,0.3333,0.3333,7,0.6666,76.9704309962
10,0.6666,7,0.3333,0.3333,7,0.6666,78.0560668074
10,0.6666,7,0.3333,0.6666,7,0.3333,77.4296664347
10,0.6666,7,0.3333,0.6666,7,0.3333,70.984264482
10,0.6666,7,0.3333,0.6666,7,0.3333,77.4537339094
10,0.6666,7,0.3333,0.6666,7,0.3333,74.5879214825
10,0.6666,7,0.3333,0.6666,7,0.3333,75.5671885946
10,0.6666,7,0.3333,0.6666,7,0.6666,75.17504736
10,0.6666,7,0.3333,0.6666,7,0.6666,75.874057352
10,0.6666,7,0.3333,0.6666,7,0.6666,74.766172695
10,0.6666,7,0.3333,0.6666,7,0.6666,80.1973523893
10,0.6666,7,0.3333,0.6666,7,0.6666,74.3601110651
10,0.6666,7,0.6666,0.3333,7,0.3333,79.4764964911
10,0.6666,7,0.6666,0.3333,7,0.3333,74.1236537329
10,0.6666,7,0.6666,0.3333,7,0.3333,80.3268277648
10,0.6666,7,0.6666,0.3333,7,0.3333,78.518468713
10,0.6666,7,0.6666,0.3333,7,0.3333,76.4657199834
10,0.6666,7,0.6666,0.3333,7,0.6666,72.4690085137
10,0.6666,7,0.6666,0.3333,7,0.6666,81.9414810319
10,0.6666,7,0.6666,0.3333,7,0.6666,73.3345434651
10,0.6666,7,0.6666,0.3333,7,0.6666,76.1992590658
10,0.6666,7,0.6666,0.3333,7,0.6666,75.4735807536
10,0.6666,7,0.6666,0.6666,7,0.3333,73.5976756682
10,0.6666,7,0.6666,0.6666,7,0.3333,73.0888578274
10,0.6666,7,0.6666,0.6666,7,0.3333,74.4657896828
10,0.6666,7,0.6666,0.6666,7,0.3333,69.4627599667
10,0.6666,7,0.6666,0.6666,7,0.3333,75.1625470874
10,0.6666,7,0.6666,0.6666,7,0.6666,73.4618680212
10,0.6666,7,0.6666,0.6666,7,0.6666,75.4701913534
10,0.6666,7,0.6666,0.6666,7,0.6666,74.4061909393
10,0.6666,7,0.6666,0.6666,7,0.6666,76.366328628
10,0.6666,7,0.6666,0.6666,7,0.6666,73.8966911541
20,0.3333,7,0.3333,0.3333,7,0.3333,66.3095144072
20,0.3333,7,0.3333,0.3333,7,0.3333,63.8087920939
20,0.3333,7,0.3333,0.3333,7,0.3333,64.0291585614
20,0.3333,7,0.3333,0.3333,7,0.3333,65.8237197269
20,0.3333,7,0.3333,0.3333,7,0.3333,62.7421861429
20,0.3333,7,0.3333,0.3333,7,0.6666,65.9172830677
20,0.3333,7,0.3333,0.3333,7,0.6666,67.2870327139
20,0.3333,7,0.3333,0.3333,7,0.6666,62.716942336
20,0.3333,7,0.3333,0.3333,7,0.6666,68.5919155301
20,0.3333,7,0.3333,0.3333,7,0.6666,61.7160263661
20,0.3333,7,0.3333,0.6666,7,0.3333,65.2882396389
20,0.3333,7,0.3333,0.6666,7,0.3333,62.679546897
20,0.3333,7,0.3333,0.6666,7,0.3333,65.6584929276
20,0.3333,7,0.3333,0.6666,7,0.3333,68.4207950065
20,0.3333,7,0.3333,0.6666,7,0.3333,67.9237727329
20,0.3333,7,0.3333,0.6666,7,0.6666,69.6246471723
20,0.3333,7,0.3333,0.6666,7,0.6666,63.426306149
20,0.3333,7,0.3333,0.6666,7,0.6666,63.6620470373
20,0.3333,7,0.3333,0.6666,7,0.6666,63.9645688377
20,0.3333,7,0.3333,0.6666,7,0.6666,61.7877156912
20,0.3333,7,0.6666,0.3333,7,0.3333,64.5370980193
20,0.3333,7,0.6666,0.3333,7,0.3333,64.3642476764
20,0.3333,7,0.6666,0.3333,7,0.3333,64.0051105963
20,0.3333,7,0.6666,0.3333,7,0.3333,59.0559196702
20,0.3333,7,0.6666,0.3333,7,0.3333,60.2325513831
20,0.3333,7,0.6666,0.3333,7,0.6666,62.0414719349
20,0.3333,7,0.6666,0.3333,7,0.6666,62.4682957769
20,0.3333,7,0.6666,0.3333,7,0.6666,60.2993750084
20,0.3333,7,0.6666,0.3333,7,0.6666,64.6105676424
20,0.3333,7,0.6666,0.3333,7,0.6666,65.9844860974
20,0.3333,7,0.6666,0.6666,7,0.3333,65.8284490703
20,0.3333,7,0.6666,0.6666,7,0.3333,64.4856651566
20,0.3333,7,0.6666,0.6666,7,0.3333,64.0431750939
20,0.3333,7,0.6666,0.6666,7,0.3333,62.1694674721
20,0.3333,7,0.6666,0.6666,7,0.3333,65.6431521654
20,0.3333,7,0.6666,0.6666,7,0.6666,64.4547582859
20,0.3333,7,0.6666,0.6666,7,0.6666,66.5344487043
20,0.3333,7,0.6666,0.6666,7,0.6666,63.7343008236
20,0.3333,7,0.6666,0.6666,7,0.6666,69.158809655
20,0.3333,7,0.6666,0.6666,7,0.6666,64.9740018823
20,0.6666,7,0.3333,0.3333,7,0.3333,61.0258228658
20,0.6666,7,0.3333,0.3333,7,0.3333,64.2220793708
20,0.6666,7,0.3333,0.3333,7,0.3333,62.2133924514
20,0.6666,7,0.3333,0.3333,7,0.3333,62.7826792254
20,0.6666,7,0.3333,0.3333,7,0.3333,64.3573849248
20,0.6666,7,0.3333,0.3333,7,0.6666,63.8706835378
20,0.6666,7,0.3333,0.3333,7,0.6666,64.3582247342
20,0.6666,7,0.3333,0.3333,7,0.6666,66.1771323643
20,0.6666,7,0.3333,0.3333,7,0.6666,62.2350038518
20,0.6666,7,0.3333,0.3333,7,0.6666,63.465780556
20,0.6666,7,0.3333,0.6666,7,0.3333,61.6907460635
20,0.6666,7,0.3333,0.6666,7,0.3333,70.1537364434
20,0.6666,7,0.3333,0.6666,7,0.3333,61.9481290932
20,0.6666,7,0.3333,0.6666,7,0.3333,64.0581053541
20,0.6666,7,0.3333,0.6666,7,0.3333,66.6320170711
20,0.6666,7,0.3333,0.6666,7,0.6666,67.4099648615
20,0.6666,7,0.3333,0.6666,7,0.6666,69.2933999927
20,0.6666,7,0.3333,0.6666,7,0.6666,65.9016802804
20,0.6666,7,0.3333,0.6666,7,0.6666,66.86341964
20,0.6666,7,0.3333,0.6666,7,0.6666,64.9684221968
20,0.6666,7,0.6666,0.3333,7,0.3333,68.6167505603
20,0.6666,7,0.6666,0.3333,7,0.3333,63.3210429206
20,0.6666,7,0.6666,0.3333,7,0.3333,65.6086623279
20,0.6666,7,0.6666,0.3333,7,0.3333,65.945386477
20,0.6666,7,0.6666,0.3333,7,0.3333,64.0135944063
20,0.6666,7,0.6666,0.3333,7,0.6666,65.7933085896
20,0.6666,7,0.6666,0.3333,7,0.6666,65.6267044388
20,0.6666,7,0.6666,0.3333,7,0.6666,65.6264396683
20,0.6666,7,0.6666,0.3333,7,0.6666,64.5702550573
20,0.6666,7,0.6666,0.3333,7,0.6666,66.9756541338
20,0.6666,7,0.6666,0.6666,7,0.3333,64.4164761128
20,0.6666,7,0.6666,0.6666,7,0.3333,61.5069936578
20,0.6666,7,0.6666,0.6666,7,0.3333,60.9023596786
20,0.6666,7,0.6666,0.6666,7,0.3333,63.3601212597
20,0.6666,7,0.6666,0.6666,7,0.3333,63.9631092114
20,0.6666,7,0.6666,0.6666,7,0.6666,66.9841025581
20,0.6666,7,0.6666,0.6666,7,0.6666,61.2959202248
20,0.6666,7,0.6666,0.6666,7,0.6666,62.5235662869
20,0.6666,7,0.6666,0.6666,7,0.6666,61.2874979852
20,0.6666,7,0.6666,0.6666,7,0.6666,65.7952746246
30,0.3333,7,0.3333,0.3333,7,0.3333,64.1759973729
30,0.3333,7,0.3333,0.3333,7,0.3333,51.5952313934
30,0.3333,7,0.3333,0.3333,7,0.3333,59.2993831628
30,0.3333,7,0.3333,0.3333,7,0.3333,58.9464514305
30,0.3333,7,0.3333,0.3333,7,0.3333,55.4781766321
30,0.3333,7,0.3333,0.3333,7,0.6666,57.5775162954
30,0.3333,7,0.3333,0.3333,7,0.6666,57.5401187747
30,0.3333,7,0.3333,0.3333,7,0.6666,59.7222520336
30,0.3333,7,0.3333,0.3333,7,0.6666,59.1972877415
30,0.3333,7,0.3333,0.3333,7,0.6666,55.0259907894
30,0.3333,7,0.3333,0.6666,7,0.3333,57.971322881
30,0.3333,7,0.3333,0.6666,7,0.3333,57.3358680931
30,0.3333,7,0.3333,0.6666,7,0.3333,59.7383309384
30,0.3333,7,0.3333,0.6666,7,0.3333,56.8259811227
30,0.3333,7,0.3333,0.6666,7,0.3333,56.5204073366
30,0.3333,7,0.3333,0.6666,7,0.6666,59.3785656145
30,0.3333,7,0.3333,0.6666,7,0.6666,60.3243030366
30,0.3333,7,0.3333,0.6666,7,0.6666,64.6897267739
30,0.3333,7,0.3333,0.6666,7,0.6666,57.800687188
30,0.3333,7,0.3333,0.6666,7,0.6666,56.9647906808
30,0.3333,7,0.6666,0.3333,7,0.3333,59.6203237735
30,0.3333,7,0.6666,0.3333,7,0.3333,57.6067741923
30,0.3333,7,0.6666,0.3333,7,0.3333,59.0283562789
30,0.3333,7,0.6666,0.3333,7,0.3333,58.7455571708
30,0.3333,7,0.6666,0.3333,7,0.3333,61.3011417129
30,0.3333,7,0.6666,0.3333,7,0.6666,60.2101501076
30,0.3333,7,0.6666,0.3333,7,0.6666,62.8757684437
30,0.3333,7,0.6666,0.3333,7,0.6666,61.5178906059
30,0.3333,7,0.6666,0.3333,7,0.6666,54.9787276802
30,0.3333,7,0.6666,0.3333,7,0.6666,59.9047412951
30,0.3333,7,0.6666,0.6666,7,0.3333,58.0207658798
30,0.3333,7,0.6666,0.6666,7,0.3333,57.0340702232
30,0.3333,7,0.6666,0.6666,7,0.3333,60.2261615416
30,0.3333,7,0.6666,0.6666,7,0.3333,57.4630099172
30,0.3333,7,0.6666,0.6666,7,0.3333,56.7578827874
30,0.3333,7,0.6666,0.6666,7,0.6666,60.416579063
30,0.3333,7,0.6666,0.6666,7,0.6666,59.1938177347
30,0.3333,7,0.6666,0.6666,7,0.6666,58.0784562514
30,0.3333,7,0.6666,0.6666,7,0.6666,59.8578365157
30,0.3333,7,0.6666,0.6666,7,0.6666,57.2131627102
30,0.6666,7,0.3333,0.3333,7,0.3333,60.1696341181
30,0.6666,7,0.3333,0.3333,7,0.3333,53.0742292913
30,0.6666,7,0.3333,0.3333,7,0.3333,61.4451510604
30,0.6666,7,0.3333,0.3333,7,0.3333,58.8617767202
30,0.6666,7,0.3333,0.3333,7,0.3333,55.1334886084
30,0.6666,7,0.3333,0.3333,7,0.6666,58.3999530995
30,0.6666,7,0.3333,0.3333,7,0.6666,59.219955744
30,0.6666,7,0.3333,0.3333,7,0.6666,61.8076838967
30,0.6666,7,0.3333,0.3333,7,0.6666,55.2825328878
30,0.6666,7,0.3333,0.3333,7,0.6666,59.7110210922
30,0.6666,7,0.3333,0.6666,7,0.3333,56.8044807452
30,0.6666,7,0.3333,0.6666,7,0.3333,64.3553921071
30,0.6666,7,0.3333,0.6666,7,0.3333,63.5639298291
30,0.6666,7,0.3333,0.6666,7,0.3333,54.3966129044
30,0.6666,7,0.3333,0.6666,7,0.3333,57.4558685222
30,0.6666,7,0.3333,0.6666,7,0.6666,52.6079846678
30,0.6666,7,0.3333,0.6666,7,0.6666,58.6077894227
30,0.6666,7,0.3333,0.6666,7,0.6666,50.673799719
30,0.6666,7,0.3333,0.6666,7,0.6666,58.4534952951
30,0.6666,7,0.3333,0.6666,7,0.6666,54.2136949381
30,0.6666,7,0.6666,0.3333,7,0.3333,56.5173908314
30,0.6666,7,0.6666,0.3333,7,0.3333,60.1474564721
30,0.6666,7,0.6666,0.3333,7,0.3333,56.9462432056
30,0.6666,7,0.6666,0.3333,7,0.3333,57.6996576531
30,0.6666,7,0.6666,0.3333,7,0.3333,51.9677815602
30,0.6666,7,0.6666,0.3333,7,0.6666,57.6962548951
30,0.6666,7,0.6666,0.3333,7,0.6666,58.6477544475
30,0.6666,7,0.6666,0.3333,7,0.6666,58.0315851554
30,0.6666,7,0.6666,0.3333,7,0.6666,58.5486918733
30,0.6666,7,0.6666,0.3333,7,0.6666,55.426335518
30,0.6666,7,0.6666,0.6666,7,0.3333,50.1058278967
30,0.6666,7,0.6666,0.6666,7,0.3333,58.1895146216
30,0.6666,7,0.6666,0.6666,7,0.3333,57.6518049509
30,0.6666,7,0.6666,0.6666,7,0.3333,60.3132332185
30,0.6666,7,0.6666,0.6666,7,0.3333,57.8549414799
30,0.6666,7,0.6666,0.6666,7,0.6666,60.0761263766
30,0.6666,7,0.6666,0.6666,7,0.6666,61.2627722179
30,0.6666,7,0.6666,0.6666,7,0.6666,61.4752506972
30,0.6666,7,0.6666,0.6666,7,0.6666,59.7440402573
30,0.6666,7,0.6666,0.6666,7,0.6666,58.1753993514
1,0.56,7,0.56,0.23,7,0.23,103.837513182
1,0.56,7,0.56,0.23,7,0.23,107.092104546
1,0.56,7,0.56,0.23,7,0.23,105.71213302
1,0.56,7,0.56,0.23,7,0.23,106.93964555
1,0.56,7,0.56,0.23,7,0.23,104.644603438
1,0.56,7,0.56,0.23,7,0.43,103.547316591
1,0.56,7,0.56,0.23,7,0.43,105.270922351
1,0.56,7,0.56,0.23,7,0.43,104.196882405
1,0.56,7,0.56,0.23,7,0.43,106.911249126
1,0.56,7,0.56,0.23,7,0.43,106.044637333
1,0.56,7,0.56,0.43,7,0.23,101.488673568
1,0.56,7,0.56,0.43,7,0.23,104.235851412
1,0.56,7,0.56,0.43,7,0.23,103.542095224
1,0.56,7,0.56,0.43,7,0.23,104.281886052
1,0.56,7,0.56,0.43,7,0.23,103.402740894
1,0.56,7,0.56,0.43,7,0.43,103.507385378
1,0.56,7,0.56,0.43,7,0.43,103.794123987
1,0.56,7,0.56,0.43,7,0.43,104.116803298
1,0.56,7,0.56,0.43,7,0.43,101.366212214
1,0.56,7,0.56,0.43,7,0.43,103.145061929
1,0.56,7,0.76,0.23,7,0.23,103.944338839
1,0.56,7,0.76,0.23,7,0.23,104.157228229
1,0.56,7,0.76,0.23,7,0.23,105.000640086
1,0.56,7,0.76,0.23,7,0.23,107.291536545
1,0.56,7,0.76,0.23,7,0.23,107.090134823
1,0.56,7,0.76,0.23,7,0.43,106.430903856
1,0.56,7,0.76,0.23,7,0.43,105.916639412
1,0.56,7,0.76,0.23,7,0.43,102.718912003
1,0.56,7,0.76,0.23,7,0.43,106.857562626
1,0.56,7,0.76,0.23,7,0.43,107.592628298
1,0.56,7,0.76,0.43,7,0.23,105.095867588
1,0.56,7,0.76,0.43,7,0.23,102.275236348
1,0.56,7,0.76,0.43,7,0.23,104.332074028
1,0.56,7,0.76,0.43,7,0.23,105.227296592
1,0.56,7,0.76,0.43,7,0.23,103.025394703
1,0.56,7,0.76,0.43,7,0.43,104.419724238
1,0.56,7,0.76,0.43,7,0.43,103.995683379
1,0.56,7,0.76,0.43,7,0.43,105.070017953
1,0.56,7,0.76,0.43,7,0.43,102.824048561
1,0.56,7,0.76,0.43,7,0.43,102.839368456
1,0.76,7,0.56,0.23,7,0.23,104.414450302
1,0.76,7,0.56,0.23,7,0.23,101.155741796
1,0.76,7,0.56,0.23,7,0.23,104.505851703
1,0.76,7,0.56,0.23,7,0.23,104.589602393
1,0.76,7,0.56,0.23,7,0.23,104.295424896
1,0.76,7,0.56,0.23,7,0.43,106.365349784
1,0.76,7,0.56,0.23,7,0.43,104.418705272
1,0.76,7,0.56,0.23,7,0.43,106.525729366
1,0.76,7,0.56,0.23,7,0.43,104.893141014
1,0.76,7,0.56,0.23,7,0.43,105.063344783
1,0.76,7,0.56,0.43,7,0.23,101.204817161
1,0.76,7,0.56,0.43,7,0.23,103.902326374
1,0.76,7,0.56,0.43,7,0.23,102.71122072
1,0.76,7,0.56,0.43,7,0.23,100.694075478
1,0.76,7,0.56,0.43,7,0.23,102.064268413
1,0.76,7,0.56,0.43,7,0.43,100.408895419
1,0.76,7,0.56,0.43,7,0.43,103.32946832
1,0.76,7,0.56,0.43,7,0.43,102.080856214
1,0.76,7,0.56,0.43,7,0.43,99.6219826081
1,0.76,7,0.56,0.43,7,0.43,101.005044978
1,0.76,7,0.76,0.23,7,0.23,103.29232234
1,0.76,7,0.76,0.23,7,0.23,102.784432813
1,0.76,7,0.76,0.23,7,0.23,104.700603845
1,0.76,7,0.76,0.23,7,0.23,104.418277914
1,0.76,7,0.76,0.23,7,0.23,105.86260547
1,0.76,7,0.76,0.23,7,0.43,102.471864105
1,0.76,7,0.76,0.23,7,0.43,100.588203761
1,0.76,7,0.76,0.23,7,0.43,102.594947049
1,0.76,7,0.76,0.23,7,0.43,105.899768968
1,0.76,7,0.76,0.23,7,0.43,104.615706886
1,0.76,7,0.76,0.43,7,0.23,101.50120218
1,0.76,7,0.76,0.43,7,0.23,101.926759043
1,0.76,7,0.76,0.43,7,0.23,100.783266784
1,0.76,7,0.76,0.43,7,0.23,102.607632908
1,0.76,7,0.76,0.43,7,0.23,100.866906934
1,0.76,7,0.76,0.43,7,0.43,102.100720985
1,0.76,7,0.76,0.43,7,0.43,102.654306994
1,0.76,7,0.76,0.43,7,0.43,101.047835515
1,0.76,7,0.76,0.43,7,0.43,100.134817958
1,0.76,7,0.76,0.43,7,0.43,104.716139914
5,0.56,7,0.56,0.23,7,0.23,89.1124941797
5,0.56,7,0.56,0.23,7,0.23,92.9173902556
5,0.56,7,0.56,0.23,7,0.23,88.332816571
5,0.56,7,0.56,0.23,7,0.23,87.7361162189
5,0.56,7,0.56,0.23,7,0.23,88.3866513004
5,0.56,7,0.56,0.23,7,0.43,85.6147110261
5,0.56,7,0.56,0.23,7,0.43,89.1037050577
5,0.56,7,0.56,0.23,7,0.43,86.1409905501
5,0.56,7,0.56,0.23,7,0.43,87.4526490905
5,0.56,7,0.56,0.23,7,0.43,88.5351430593
5,0.56,7,0.56,0.43,7,0.23,85.662888621
5,0.56,7,0.56,0.43,7,0.23,88.3266792498
5,0.56,7,0.56,0.43,7,0.23,87.0503786785
5,0.56,7,0.56,0.43,7,0.23,89.3013891374
5,0.56,7,0.56,0.43,7,0.23,85.3895703643
5,0.56,7,0.56,0.43,7,0.43,88.184057594
5,0.56,7,0.56,0.43,7,0.43,90.9410906452
5,0.56,7,0.56,0.43,7,0.43,88.7106868141
5,0.56,7,0.56,0.43,7,0.43,88.8931778156
5,0.56,7,0.56,0.43,7,0.43,87.7244742591
5,0.56,7,0.76,0.23,7,0.23,93.0470702992
5,0.56,7,0.76,0.23,7,0.23,88.6012911397
5,0.56,7,0.76,0.23,7,0.23,89.4784549173
5,0.56,7,0.76,0.23,7,0.23,84.883787059
5,0.56,7,0.76,0.23,7,0.23,88.9928517557
5,0.56,7,0.76,0.23,7,0.43,89.1107099332
5,0.56,7,0.76,0.23,7,0.43,89.3529899444
5,0.56,7,0.76,0.23,7,0.43,90.1680910514
5,0.56,7,0.76,0.23,7,0.43,86.6595293688
5,0.56,7,0.76,0.23,7,0.43,88.0890940829
5,0.56,7,0.76,0.43,7,0.23,89.3413053132
5,0.56,7,0.76,0.43,7,0.23,84.3992043175
5,0.56,7,0.76,0.43,7,0.23,87.1985767857
5,0.56,7,0.76,0.43,7,0.23,83.6423772457
5,0.56,7,0.76,0.43,7,0.23,87.2488185193
5,0.56,7,0.76,0.43,7,0.43,86.8294363357
5,0.56,7,0.76,0.43,7,0.43,89.3318299339
5,0.56,7,0.76,0.43,7,0.43,87.3716485882
5,0.56,7,0.76,0.43,7,0.43,89.1317396134
5,0.56,7,0.76,0.43,7,0.43,86.3240211932
5,0.76,7,0.56,0.23,7,0.23,87.7735266669
5,0.76,7,0.56,0.23,7,0.23,90.3452934955
5,0.76,7,0.56,0.23,7,0.23,84.7401116296
5,0.76,7,0.56,0.23,7,0.23,89.20794484
5,0.76,7,0.56,0.23,7,0.23,86.7710788983
5,0.76,7,0.56,0.23,7,0.43,88.9162362554
5,0.76,7,0.56,0.23,7,0.43,90.9785828575
5,0.76,7,0.56,0.23,7,0.43,84.1142391095
5,0.76,7,0.56,0.23,7,0.43,84.2326117473
5,0.76,7,0.56,0.23,7,0.43,91.499952195
5,0.76,7,0.56,0.43,7,0.23,88.5835410324
5,0.76,7,0.56,0.43,7,0.23,87.8962064597
5,0.76,7,0.56,0.43,7,0.23,84.6881372834
5,0.76,7,0.56,0.43,7,0.23,85.6523990212
5,0.76,7,0.56,0.43,7,0.23,81.2252539077
5,0.76,7,0.56,0.43,7,0.43,86.4146473288
5,0.76,7,0.56,0.43,7,0.43,87.9192032662
5,0.76,7,0.56,0.43,7,0.43,85.1447891688
5,0.76,7,0.56,0.43,7,0.43,92.7490399925
5,0.76,7,0.56,0.43,7,0.43,84.6637107564
5,0.76,7,0.76,0.23,7,0.23,87.1053844122
5,0.76,7,0.76,0.23,7,0.23,85.4823822784
5,0.76,7,0.76,0.23,7,0.23,86.3198866612
5,0.76,7,0.76,0.23,7,0.23,88.5239193672
5,0.76,7,0.76,0.23,7,0.23,86.5374134396
5,0.76,7,0.76,0.23,7,0.43,87.9226725943
5,0.76,7,0.76,0.23,7,0.43,88.3073931002
5,0.76,7,0.76,0.23,7,0.43,87.5473270433
5,0.76,7,0.76,0.23,7,0.43,87.8724993105
5,0.76,7,0.76,0.23,7,0.43,84.4571962058
5,0.76,7,0.76,0.43,7,0.23,85.0858689376
5,0.76,7,0.76,0.43,7,0.23,84.8521500197
5,0.76,7,0.76,0.43,7,0.23,86.1184755991
5,0.76,7,0.76,0.43,7,0.23,85.9024702424
5,0.76,7,0.76,0.43,7,0.23,81.8765845063
5,0.76,7,0.76,0.43,7,0.43,82.8129839519
5,0.76,7,0.76,0.43,7,0.43,87.8045147844
5,0.76,7,0.76,0.43,7,0.43,88.4487367795
5,0.76,7,0.76,0.43,7,0.43,87.6347120376
5,0.76,7,0.76,0.43,7,0.43,85.6066998536
10,0.56,7,0.56,0.23,7,0.23,76.8507601769
10,0.56,7,0.56,0.23,7,0.23,73.3657738403
10,0.56,7,0.56,0.23,7,0.23,76.2529576572
10,0.56,7,0.56,0.23,7,0.23,76.5415309877
10,0.56,7,0.56,0.23,7,0.23,75.4624879374
10,0.56,7,0.56,0.23,7,0.43,77.7083530236
10,0.56,7,0.56,0.23,7,0.43,76.5787940965
10,0.56,7,0.56,0.23,7,0.43,71.966082111
10,0.56,7,0.56,0.23,7,0.43,76.8604798049
10,0.56,7,0.56,0.23,7,0.43,76.3273380599
10,0.56,7,0.56,0.43,7,0.23,76.0880434865
10,0.56,7,0.56,0.43,7,0.23,76.1905632578
10,0.56,7,0.56,0.43,7,0.23,76.1844422909
10,0.56,7,0.56,0.43,7,0.23,76.7855730017
10,0.56,7,0.56,0.43,7,0.23,79.2986396101
10,0.56,7,0.56,0.43,7,0.43,77.2280436253
10,0.56,7,0.56,0.43,7,0.43,77.7907262097
10,0.56,7,0.56,0.43,7,0.43,74.6386174405
10,0.56,7,0.56,0.43,7,0.43,77.8984496022
10,0.56,7,0.56,0.43,7,0.43,74.4310260323
10,0.56,7,0.76,0.23,7,0.23,78.8362072383
10,0.56,7,0.76,0.23,7,0.23,77.915867401
10,0.56,7,0.76,0.23,7,0.23,75.4707334699
10,0.56,7,0.76,0.23,7,0.23,79.299660052
10,0.56,7,0.76,0.23,7,0.23,76.3891349618
10,0.56,7,0.76,0.23,7,0.43,74.2415026737
10,0.56,7,0.76,0.23,7,0.43,78.5683150905
10,0.56,7,0.76,0.23,7,0.43,77.9388734582
10,0.56,7,0.76,0.23,7,0.43,74.372565733
10,0.56,7,0.76,0.23,7,0.43,76.3082215394
10,0.56,7,0.76,0.43,7,0.23,76.0356538107
10,0.56,7,0.76,0.43,7,0.23,78.1609181489
10,0.56,7,0.76,0.43,7,0.23,76.170830877
10,0.56,7,0.76,0.43,7,0.23,73.6149990202
10,0.56,7,0.76,0.43,7,0.23,80.0046123879
10,0.56,7,0.76,0.43,7,0.43,78.8530803287
10,0.56,7,0.76,0.43,7,0.43,74.5321181975
10,0.56,7,0.76,0.43,7,0.43,76.2945745715
10,0.56,7,0.76,0.43,7,0.43,78.4036649825
10,0.56,7,0.76,0.43,7,0.43,75.6799639801
10,0.76,7,0.56,0.23,7,0.23,71.0316311639
10,0.76,7,0.56,0.23,7,0.23,79.6831457579
10,0.76,7,0.56,0.23,7,0.23,69.1162370159
10,0.76,7,0.56,0.23,7,0.23,76.5037018987
10,0.76,7,0.56,0.23,7,0.23,73.1135274517
10,0.76,7,0.56,0.23,7,0.43,74.5676662188
10,0.76,7,0.56,0.23,7,0.43,74.7920955891
10,0.76,7,0.56,0.23,7,0.43,76.4356592901
10,0.76,7,0.56,0.23,7,0.43,75.3512064865
10,0.76,7,0.56,0.23,7,0.43,76.3914275828
10,0.76,7,0.56,0.43,7,0.23,77.5542336349
10,0.76,7,0.56,0.43,7,0.23,77.0923711017
10,0.76,7,0.56,0.43,7,0.23,73.4373760476
10,0.76,7,0.56,0.43,7,0.23,74.7964406874
10,0.76,7,0.56,0.43,7,0.23,75.2233368033
10,0.76,7,0.56,0.43,7,0.43,75.0925596361
10,0.76,7,0.56,0.43,7,0.43,71.9876243757
10,0.76,7,0.56,0.43,7,0.43,75.1000186022
10,0.76,7,0.56,0.43,7,0.43,72.7295607613
10,0.76,7,0.56,0.43,7,0.43,71.2279967114
10,0.76,7,0.76,0.23,7,0.23,71.3435457111
10,0.76,7,0.76,0.23,7,0.23,72.5883779109
10,0.76,7,0.76,0.23,7,0.23,76.7657953797
10,0.76,7,0.76,0.23,7,0.23,75.3504737766
10,0.76,7,0.76,0.23,7,0.23,74.7129194857
10,0.76,7,0.76,0.23,7,0.43,73.8523832983
10,0.76,7,0.76,0.23,7,0.43,71.4986857688
10,0.76,7,0.76,0.23,7,0.43,76.7510858912
10,0.76,7,0.76,0.23,7,0.43,77.84033412
10,0.76,7,0.76,0.23,7,0.43,76.5894853622
10,0.76,7,0.76,0.43,7,0.23,76.1704512799
10,0.76,7,0.76,0.43,7,0.23,71.3825760119
10,0.76,7,0.76,0.43,7,0.23,75.006876338
10,0.76,7,0.76,0.43,7,0.23,76.8361475702
10,0.76,7,0.76,0.43,7,0.23,75.0334011825
10,0.76,7,0.76,0.43,7,0.43,79.1034184853
10,0.76,7,0.76,0.43,7,0.43,68.9700817365
10,0.76,7,0.76,0.43,7,0.43,74.3728825545
10,0.76,7,0.76,0.43,7,0.43,76.1395878201
10,0.76,7,0.76,0.43,7,0.43,73.1691495276
20,0.56,7,0.56,0.23,7,0.23,63.6705172325
20,0.56,7,0.56,0.23,7,0.23,68.7053344651
20,0.56,7,0.56,0.23,7,0.23,64.2728359789
20,0.56,7,0.56,0.23,7,0.23,63.0119549716
20,0.56,7,0.56,0.23,7,0.23,63.1083565382
20,0.56,7,0.56,0.23,7,0.43,64.9802828205
20,0.56,7,0.56,0.23,7,0.43,62.3658080777
20,0.56,7,0.56,0.23,7,0.43,63.8709912852
20,0.56,7,0.56,0.23,7,0.43,66.0180581126
20,0.56,7,0.56,0.23,7,0.43,62.3153430508
20,0.56,7,0.56,0.43,7,0.23,67.7930407448
20,0.56,7,0.56,0.43,7,0.23,63.5747148709
20,0.56,7,0.56,0.43,7,0.23,67.9679955621
20,0.56,7,0.56,0.43,7,0.23,63.7047241657
20,0.56,7,0.56,0.43,7,0.23,65.3348491622
20,0.56,7,0.56,0.43,7,0.43,63.2811348775
20,0.56,7,0.56,0.43,7,0.43,64.2849195254
20,0.56,7,0.56,0.43,7,0.43,61.2324377594
20,0.56,7,0.56,0.43,7,0.43,65.8429440853
20,0.56,7,0.56,0.43,7,0.43,66.2620253369
20,0.56,7,0.76,0.23,7,0.23,66.3259867038
20,0.56,7,0.76,0.23,7,0.23,67.5628798355
20,0.56,7,0.76,0.23,7,0.23,67.2070892034
20,0.56,7,0.76,0.23,7,0.23,65.1277014036
20,0.56,7,0.76,0.23,7,0.23,65.520562837
20,0.56,7,0.76,0.23,7,0.43,61.6538168434
20,0.56,7,0.76,0.23,7,0.43,62.5597363155
20,0.56,7,0.76,0.23,7,0.43,62.371914943
20,0.56,7,0.76,0.23,7,0.43,64.6434574342
20,0.56,7,0.76,0.23,7,0.43,64.5102274903
20,0.56,7,0.76,0.43,7,0.23,63.6066554307
20,0.56,7,0.76,0.43,7,0.23,66.1796717968
20,0.56,7,0.76,0.43,7,0.23,69.3932152548
20,0.56,7,0.76,0.43,7,0.23,64.5038851325
20,0.56,7,0.76,0.43,7,0.23,64.3975522571
20,0.56,7,0.76,0.43,7,0.43,62.7344135651
20,0.56,7,0.76,0.43,7,0.43,64.9861581568
20,0.56,7,0.76,0.43,7,0.43,62.8901158308
20,0.56,7,0.76,0.43,7,0.43,65.0510417396
20,0.56,7,0.76,0.43,7,0.43,62.6053409135
20,0.76,7,0.56,0.23,7,0.23,63.3833257676
20,0.76,7,0.56,0.23,7,0.23,66.8042302676
20,0.76,7,0.56,0.23,7,0.23,60.0071208364
20,0.76,7,0.56,0.23,7,0.23,62.7539641477
20,0.76,7,0.56,0.23,7,0.23,62.5440006642
20,0.76,7,0.56,0.23,7,0.43,61.9785347762
20,0.76,7,0.56,0.23,7,0.43,64.5844841924
20,0.76,7,0.56,0.23,7,0.43,64.1895810801
20,0.76,7,0.56,0.23,7,0.43,64.3288684777
20,0.76,7,0.56,0.23,7,0.43,62.6073764966
20,0.76,7,0.56,0.43,7,0.23,62.5750934448
20,0.76,7,0.56,0.43,7,0.23,65.4275173246
20,0.76,7,0.56,0.43,7,0.23,63.9057093085
20,0.76,7,0.56,0.43,7,0.23,60.8005647199
20,0.76,7,0.56,0.43,7,0.23,64.4451950014
20,0.76,7,0.56,0.43,7,0.43,61.4194596636
20,0.76,7,0.56,0.43,7,0.43,62.7685603774
20,0.76,7,0.56,0.43,7,0.43,69.3244663761
20,0.76,7,0.56,0.43,7,0.43,63.2848144194
20,0.76,7,0.56,0.43,7,0.43,60.5402286169
20,0.76,7,0.76,0.23,7,0.23,65.2422700779
20,0.76,7,0.76,0.23,7,0.23,62.593009459
20,0.76,7,0.76,0.23,7,0.23,64.9429412342
20,0.76,7,0.76,0.23,7,0.23,64.3979682492
20,0.76,7,0.76,0.23,7,0.23,65.4400273752
20,0.76,7,0.76,0.23,7,0.43,63.3606841506
20,0.76,7,0.76,0.23,7,0.43,62.5341691634
20,0.76,7,0.76,0.23,7,0.43,62.6656607151
20,0.76,7,0.76,0.23,7,0.43,65.3863218081
20,0.76,7,0.76,0.23,7,0.43,61.9048361238
20,0.76,7,0.76,0.43,7,0.23,61.6375426053
20,0.76,7,0.76,0.43,7,0.23,66.4043326596
20,0.76,7,0.76,0.43,7,0.23,63.4569609091
20,0.76,7,0.76,0.43,7,0.23,63.2395816627
20,0.76,7,0.76,0.43,7,0.23,63.7617042976
20,0.76,7,0.76,0.43,7,0.43,63.6179142413
20,0.76,7,0.76,0.43,7,0.43,63.4422179453
20,0.76,7,0.76,0.43,7,0.43,62.7441434245
20,0.76,7,0.76,0.43,7,0.43,61.4463093467
20,0.76,7,0.76,0.43,7,0.43,62.3146636993
30,0.56,7,0.56,0.23,7,0.23,59.1224956468
30,0.56,7,0.56,0.23,7,0.23,59.1619011151
30,0.56,7,0.56,0.23,7,0.23,61.1196159954
30,0.56,7,0.56,0.23,7,0.23,55.5844952778
30,0.56,7,0.56,0.23,7,0.23,57.3384235601
30,0.56,7,0.56,0.23,7,0.43,60.9862606939
30,0.56,7,0.56,0.23,7,0.43,55.733126241
30,0.56,7,0.56,0.23,7,0.43,52.269626799
30,0.56,7,0.56,0.23,7,0.43,54.4821851409
30,0.56,7,0.56,0.23,7,0.43,59.2448966581
30,0.56,7,0.56,0.43,7,0.23,59.9226786238
30,0.56,7,0.56,0.43,7,0.23,57.9583627571
30,0.56,7,0.56,0.43,7,0.23,53.273361966
30,0.56,7,0.56,0.43,7,0.23,61.3734277496
30,0.56,7,0.56,0.43,7,0.23,60.1360045768
30,0.56,7,0.56,0.43,7,0.43,57.0702938062
30,0.56,7,0.56,0.43,7,0.43,58.676029197
30,0.56,7,0.56,0.43,7,0.43,53.839792136
30,0.56,7,0.56,0.43,7,0.43,59.7104342892
30,0.56,7,0.56,0.43,7,0.43,57.6555902797
30,0.56,7,0.76,0.23,7,0.23,55.6219864323
30,0.56,7,0.76,0.23,7,0.23,56.1295856883
30,0.56,7,0.76,0.23,7,0.23,60.3800842627
30,0.56,7,0.76,0.23,7,0.23,60.0153521115
30,0.56,7,0.76,0.23,7,0.23,59.3916131203
30,0.56,7,0.76,0.23,7,0.43,54.2580062378
30,0.56,7,0.76,0.23,7,0.43,58.5557601131
30,0.56,7,0.76,0.23,7,0.43,56.4895237833
30,0.56,7,0.76,0.23,7,0.43,57.6252491468
30,0.56,7,0.76,0.23,7,0.43,58.8418174972
30,0.56,7,0.76,0.43,7,0.23,58.4259128067
30,0.56,7,0.76,0.43,7,0.23,54.9594999514
30,0.56,7,0.76,0.43,7,0.23,60.912389111
30,0.56,7,0.76,0.43,7,0.23,59.7573638639
30,0.56,7,0.76,0.43,7,0.23,61.0499765276
30,0.56,7,0.76,0.43,7,0.43,59.250595857
30,0.56,7,0.76,0.43,7,0.43,57.1424931853
30,0.56,7,0.76,0.43,7,0.43,55.4005766228
30,0.56,7,0.76,0.43,7,0.43,62.5597780364
30,0.56,7,0.76,0.43,7,0.43,58.824437533
30,0.76,7,0.56,0.23,7,0.23,55.3216870272
30,0.76,7,0.56,0.23,7,0.23,57.1653488052
30,0.76,7,0.56,0.23,7,0.23,58.8717033374
30,0.76,7,0.56,0.23,7,0.23,56.1776727181
30,0.76,7,0.56,0.23,7,0.23,56.9431046417
30,0.76,7,0.56,0.23,7,0.43,58.4930290455
30,0.76,7,0.56,0.23,7,0.43,53.4012749767
30,0.76,7,0.56,0.23,7,0.43,49.7716297013
30,0.76,7,0.56,0.23,7,0.43,56.8233906312
30,0.76,7,0.56,0.23,7,0.43,57.0162444867
30,0.76,7,0.56,0.43,7,0.23,54.4480232819
30,0.76,7,0.56,0.43,7,0.23,55.5196011174
30,0.76,7,0.56,0.43,7,0.23,60.2638193824
30,0.76,7,0.56,0.43,7,0.23,59.5654866844
30,0.76,7,0.56,0.43,7,0.23,53.6823435201
30,0.76,7,0.56,0.43,7,0.43,52.3627516232
30,0.76,7,0.56,0.43,7,0.43,58.0410695159
30,0.76,7,0.56,0.43,7,0.43,54.8939791573
30,0.76,7,0.56,0.43,7,0.43,55.9130942372
30,0.76,7,0.56,0.43,7,0.43,61.9689093859
30,0.76,7,0.76,0.23,7,0.23,58.8400521274
30,0.76,7,0.76,0.23,7,0.23,56.8290477558
30,0.76,7,0.76,0.23,7,0.23,53.9085287026
30,0.76,7,0.76,0.23,7,0.23,57.9706408783
30,0.76,7,0.76,0.23,7,0.23,56.8515690594
30,0.76,7,0.76,0.23,7,0.43,61.1641137728
30,0.76,7,0.76,0.23,7,0.43,57.5455979038
30,0.76,7,0.76,0.23,7,0.43,54.917873896
30,0.76,7,0.76,0.23,7,0.43,56.5427065946
30,0.76,7,0.76,0.23,7,0.43,56.2635789096
30,0.76,7,0.76,0.43,7,0.23,55.6668052488
30,0.76,7,0.76,0.43,7,0.23,55.8765345527
30,0.76,7,0.76,0.43,7,0.23,60.261767933
30,0.76,7,0.76,0.43,7,0.23,55.8684815083
30,0.76,7,0.76,0.43,7,0.23,58.0010748061
30,0.76,7,0.76,0.43,7,0.43,57.3594114817
30,0.76,7,0.76,0.43,7,0.43,59.0397843792
30,0.76,7,0.76,0.43,7,0.43,57.2025518123
30,0.76,7,0.76,0.43,7,0.43,55.812901522
30,0.76,7,0.76,0.43,7,0.43,58.9610487799
1,0.65,7,0.65,0.32,7,0.32,102.912165275
1,0.65,7,0.65,0.32,7,0.32,103.97810292
1,0.65,7,0.65,0.32,7,0.32,104.682405046
1,0.65,7,0.65,0.32,7,0.32,104.151255592
1,0.65,7,0.65,0.32,7,0.32,103.483164202
1,0.65,7,0.65,0.32,7,0.34,103.247209334
1,0.65,7,0.65,0.32,7,0.34,106.94942661
1,0.65,7,0.65,0.32,7,0.34,104.102595177
1,0.65,7,0.65,0.32,7,0.34,103.495106584
1,0.65,7,0.65,0.32,7,0.34,102.940519084
1,0.65,7,0.65,0.34,7,0.32,105.186104817
1,0.65,7,0.65,0.34,7,0.32,103.095761042
1,0.65,7,0.65,0.34,7,0.32,104.307360353
1,0.65,7,0.65,0.34,7,0.32,105.097002888
1,0.65,7,0.65,0.34,7,0.32,102.834940898
1,0.65,7,0.65,0.34,7,0.34,102.132132128
1,0.65,7,0.65,0.34,7,0.34,104.022237632
1,0.65,7,0.65,0.34,7,0.34,103.26776014
1,0.65,7,0.65,0.34,7,0.34,102.203882675
1,0.65,7,0.65,0.34,7,0.34,101.963115333
1,0.65,7,0.67,0.32,7,0.32,102.979255703
1,0.65,7,0.67,0.32,7,0.32,102.875362061
1,0.65,7,0.67,0.32,7,0.32,102.973822134
1,0.65,7,0.67,0.32,7,0.32,105.274869745
1,0.65,7,0.67,0.32,7,0.32,103.07294392
1,0.65,7,0.67,0.32,7,0.34,103.802393141
1,0.65,7,0.67,0.32,7,0.34,101.950755352
1,0.65,7,0.67,0.32,7,0.34,105.138148813
1,0.65,7,0.67,0.32,7,0.34,102.457763725
1,0.65,7,0.67,0.32,7,0.34,104.082273373
1,0.65,7,0.67,0.34,7,0.32,101.826254236
1,0.65,7,0.67,0.34,7,0.32,102.599645088
1,0.65,7,0.67,0.34,7,0.32,102.061067471
1,0.65,7,0.67,0.34,7,0.32,103.82898478
1,0.65,7,0.67,0.34,7,0.32,102.716354555
1,0.65,7,0.67,0.34,7,0.34,100.714955082
1,0.65,7,0.67,0.34,7,0.34,102.213182891
1,0.65,7,0.67,0.34,7,0.34,104.126403324
1,0.65,7,0.67,0.34,7,0.34,104.708849752
1,0.65,7,0.67,0.34,7,0.34,102.706104309
1,0.67,7,0.65,0.32,7,0.32,102.819221547
1,0.67,7,0.65,0.32,7,0.32,101.713830498
1,0.67,7,0.65,0.32,7,0.32,104.886089677
1,0.67,7,0.65,0.32,7,0.32,103.996878697
1,0.67,7,0.65,0.32,7,0.32,104.340381684
1,0.67,7,0.65,0.32,7,0.34,100.701316221
1,0.67,7,0.65,0.32,7,0.34,102.523370079
1,0.67,7,0.65,0.32,7,0.34,104.350669024
1,0.67,7,0.65,0.32,7,0.34,104.637763985
1,0.67,7,0.65,0.32,7,0.34,104.71559986
1,0.67,7,0.65,0.34,7,0.32,102.941799652
1,0.67,7,0.65,0.34,7,0.32,101.197700356
1,0.67,7,0.65,0.34,7,0.32,102.638842748
1,0.67,7,0.65,0.34,7,0.32,100.529729006
1,0.67,7,0.65,0.34,7,0.32,103.460900435
1,0.67,7,0.65,0.34,7,0.34,103.85669947
1,0.67,7,0.65,0.34,7,0.34,101.835747546
1,0.67,7,0.65,0.34,7,0.34,104.288739447
1,0.67,7,0.65,0.34,7,0.34,102.183075125
1,0.67,7,0.65,0.34,7,0.34,102.313669504
1,0.67,7,0.67,0.32,7,0.32,104.603070544
1,0.67,7,0.67,0.32,7,0.32,103.320646756
1,0.67,7,0.67,0.32,7,0.32,102.560126193
1,0.67,7,0.67,0.32,7,0.32,101.811248128
1,0.67,7,0.67,0.32,7,0.32,100.865212202
1,0.67,7,0.67,0.32,7,0.34,105.631118426
1,0.67,7,0.67,0.32,7,0.34,104.082348201
1,0.67,7,0.67,0.32,7,0.34,104.697599858
1,0.67,7,0.67,0.32,7,0.34,104.277176336
1,0.67,7,0.67,0.32,7,0.34,102.52872295
1,0.67,7,0.67,0.34,7,0.32,104.188240806
1,0.67,7,0.67,0.34,7,0.32,103.673034063
1,0.67,7,0.67,0.34,7,0.32,104.66024156
1,0.67,7,0.67,0.34,7,0.32,101.461529039
1,0.67,7,0.67,0.34,7,0.32,103.211171485
1,0.67,7,0.67,0.34,7,0.34,101.467376
1,0.67,7,0.67,0.34,7,0.34,103.677581618
1,0.67,7,0.67,0.34,7,0.34,103.351044817
1,0.67,7,0.67,0.34,7,0.34,103.086255218
1,0.67,7,0.67,0.34,7,0.34,103.683172774
5,0.65,7,0.65,0.32,7,0.32,86.0564166554
5,0.65,7,0.65,0.32,7,0.32,87.3012377327
5,0.65,7,0.65,0.32,7,0.32,85.2447092347
5,0.65,7,0.65,0.32,7,0.32,88.1810192834
5,0.65,7,0.65,0.32,7,0.32,87.6718140828
5,0.65,7,0.65,0.32,7,0.34,86.4547450303
5,0.65,7,0.65,0.32,7,0.34,84.3788833544
5,0.65,7,0.65,0.32,7,0.34,85.7704469239
5,0.65,7,0.65,0.32,7,0.34,90.8226318281
5,0.65,7,0.65,0.32,7,0.34,88.9797097356
5,0.65,7,0.65,0.34,7,0.32,85.9281935253
5,0.65,7,0.65,0.34,7,0.32,85.3179062241
5,0.65,7,0.65,0.34,7,0.32,83.9562395537
5,0.65,7,0.65,0.34,7,0.32,87.5306127962
5,0.65,7,0.65,0.34,7,0.32,89.1431986561
5,0.65,7,0.65,0.34,7,0.34,89.5411591255
5,0.65,7,0.65,0.34,7,0.34,87.1961469948
5,0.65,7,0.65,0.34,7,0.34,87.6024480978
5,0.65,7,0.65,0.34,7,0.34,85.0687181596
5,0.65,7,0.65,0.34,7,0.34,90.2600584366
5,0.65,7,0.67,0.32,7,0.32,90.0129645159
5,0.65,7,0.67,0.32,7,0.32,86.9518955076
5,0.65,7,0.67,0.32,7,0.32,89.4538409644
5,0.65,7,0.67,0.32,7,0.32,89.1004773518
5,0.65,7,0.67,0.32,7,0.32,85.480063755
5,0.65,7,0.67,0.32,7,0.34,83.4354742012
5,0.65,7,0.67,0.32,7,0.34,88.8262905742
5,0.65,7,0.67,0.32,7,0.34,87.2416040947
5,0.65,7,0.67,0.32,7,0.34,89.9668628705
5,0.65,7,0.67,0.32,7,0.34,83.8338874463
5,0.65,7,0.67,0.34,7,0.32,85.0949919897
5,0.65,7,0.67,0.34,7,0.32,90.9820123984
5,0.65,7,0.67,0.34,7,0.32,88.9692603377
5,0.65,7,0.67,0.34,7,0.32,88.8675011273
5,0.65,7,0.67,0.34,7,0.32,89.4563034473
5,0.65,7,0.67,0.34,7,0.34,83.3088548202
5,0.65,7,0.67,0.34,7,0.34,86.622475411
5,0.65,7,0.67,0.34,7,0.34,86.2631794011
5,0.65,7,0.67,0.34,7,0.34,82.5671015135
5,0.65,7,0.67,0.34,7,0.34,86.2665036362
5,0.67,7,0.65,0.32,7,0.32,89.3907335398
5,0.67,7,0.65,0.32,7,0.32,84.7127696346
5,0.67,7,0.65,0.32,7,0.32,87.2983624614
5,0.67,7,0.65,0.32,7,0.32,82.7594413105
5,0.67,7,0.65,0.32,7,0.32,85.2762050489
5,0.67,7,0.65,0.32,7,0.34,86.5416665907
5,0.67,7,0.65,0.32,7,0.34,84.3396020868
5,0.67,7,0.65,0.32,7,0.34,88.8941574258
5,0.67,7,0.65,0.32,7,0.34,91.1518744286
5,0.67,7,0.65,0.32,7,0.34,90.8206607698
5,0.67,7,0.65,0.34,7,0.32,86.1298831253
5,0.67,7,0.65,0.34,7,0.32,84.5703681882
5,0.67,7,0.65,0.34,7,0.32,87.9779191304
5,0.67,7,0.65,0.34,7,0.32,85.1085265889
5,0.67,7,0.65,0.34,7,0.32,84.6139517092
5,0.67,7,0.65,0.34,7,0.34,87.3525737594
5,0.67,7,0.65,0.34,7,0.34,84.9260316517
5,0.67,7,0.65,0.34,7,0.34,88.8035015892
5,0.67,7,0.65,0.34,7,0.34,88.26619741
5,0.67,7,0.65,0.34,7,0.34,89.0529183524
5,0.67,7,0.67,0.32,7,0.32,90.3044136906
5,0.67,7,0.67,0.32,7,0.32,85.731995242
5,0.67,7,0.67,0.32,7,0.32,86.4551760882
5,0.67,7,0.67,0.32,7,0.32,88.5158329145
5,0.67,7,0.67,0.32,7,0.32,87.4048151932
5,0.67,7,0.67,0.32,7,0.34,86.1195528553
5,0.67,7,0.67,0.32,7,0.34,88.7593234338
5,0.67,7,0.67,0.32,7,0.34,88.601352882
5,0.67,7,0.67,0.32,7,0.34,88.7542488408
5,0.67,7,0.67,0.32,7,0.34,85.2733408986
5,0.67,7,0.67,0.34,7,0.32,84.5577464473
5,0.67,7,0.67,0.34,7,0.32,90.2686645325
5,0.67,7,0.67,0.34,7,0.32,84.2596947136
5,0.67,7,0.67,0.34,7,0.32,87.3465665633
5,0.67,7,0.67,0.34,7,0.32,87.9395085559
5,0.67,7,0.67,0.34,7,0.34,90.7841213048
5,0.67,7,0.67,0.34,7,0.34,84.6798912703
5,0.67,7,0.67,0.34,7,0.34,84.83355081
5,0.67,7,0.67,0.34,7,0.34,85.1701007953
5,0.67,7,0.67,0.34,7,0.34,88.5784427018
10,0.65,7,0.65,0.32,7,0.32,76.9921871406
10,0.65,7,0.65,0.32,7,0.32,75.2920632512
10,0.65,7,0.65,0.32,7,0.32,76.7875834821
10,0.65,7,0.65,0.32,7,0.32,74.8437810773
10,0.65,7,0.65,0.32,7,0.32,74.070194881
10,0.65,7,0.65,0.32,7,0.34,73.3809319509
10,0.65,7,0.65,0.32,7,0.34,72.4221336346
10,0.65,7,0.65,0.32,7,0.34,76.6926421464
10,0.65,7,0.65,0.32,7,0.34,74.6874077459
10,0.65,7,0.65,0.32,7,0.34,74.3922955688
10,0.65,7,0.65,0.34,7,0.32,75.1826203608
10,0.65,7,0.65,0.34,7,0.32,73.2258469886
10,0.65,7,0.65,0.34,7,0.32,74.294255377
10,0.65,7,0.65,0.34,7,0.32,75.4125507861
10,0.65,7,0.65,0.34,7,0.32,79.3488101233
10,0.65,7,0.65,0.34,7,0.34,76.2313245544
10,0.65,7,0.65,0.34,7,0.34,77.9838195398
10,0.65,7,0.65,0.34,7,0.34,74.2899855
10,0.65,7,0.65,0.34,7,0.34,75.3436601774
10,0.65,7,0.65,0.34,7,0.34,78.3176942245
10,0.65,7,0.67,0.32,7,0.32,75.3642517349
10,0.65,7,0.67,0.32,7,0.32,76.7242390413
10,0.65,7,0.67,0.32,7,0.32,74.0146402498
10,0.65,7,0.67,0.32,7,0.32,74.9992381537
10,0.65,7,0.67,0.32,7,0.32,78.419695996
10,0.65,7,0.67,0.32,7,0.34,75.1805118057
10,0.65,7,0.67,0.32,7,0.34,74.1933341853
10,0.65,7,0.67,0.32,7,0.34,75.2002095113
10,0.65,7,0.67,0.32,7,0.34,73.5257323471
10,0.65,7,0.67,0.32,7,0.34,75.6923013636
10,0.65,7,0.67,0.34,7,0.32,77.7228069047
10,0.65,7,0.67,0.34,7,0.32,76.6310907138
10,0.65,7,0.67,0.34,7,0.32,74.0520766679
10,0.65,7,0.67,0.34,7,0.32,72.4053172116
10,0.65,7,0.67,0.34,7,0.32,74.3360155077
10,0.65,7,0.67,0.34,7,0.34,75.5279379069
10,0.65,7,0.67,0.34,7,0.34,80.1831445991
10,0.65,7,0.67,0.34,7,0.34,74.6032983772
10,0.65,7,0.67,0.34,7,0.34,78.8875094202
10,0.65,7,0.67,0.34,7,0.34,73.7818541036
10,0.67,7,0.65,0.32,7,0.32,78.3757635171
10,0.67,7,0.65,0.32,7,0.32,76.8388595792
10,0.67,7,0.65,0.32,7,0.32,76.1689682846
10,0.67,7,0.65,0.32,7,0.32,78.8198064322
10,0.67,7,0.65,0.32,7,0.32,75.9813222203
10,0.67,7,0.65,0.32,7,0.34,74.4332106449
10,0.67,7,0.65,0.32,7,0.34,79.8062179404
10,0.67,7,0.65,0.32,7,0.34,77.2939840418
10,0.67,7,0.65,0.32,7,0.34,78.0770662536
10,0.67,7,0.65,0.32,7,0.34,76.6317577282
10,0.67,7,0.65,0.34,7,0.32,75.7908029643
10,0.67,7,0.65,0.34,7,0.32,77.4530331631
10,0.67,7,0.65,0.34,7,0.32,82.6002200007
10,0.67,7,0.65,0.34,7,0.32,77.3301868061
10,0.67,7,0.65,0.34,7,0.32,74.2040443596
10,0.67,7,0.65,0.34,7,0.34,79.5949508962
10,0.67,7,0.65,0.34,7,0.34,74.5996103305
10,0.67,7,0.65,0.34,7,0.34,77.6635700544
10,0.67,7,0.65,0.34,7,0.34,77.6491524845
10,0.67,7,0.65,0.34,7,0.34,76.9633181965
10,0.67,7,0.67,0.32,7,0.32,70.5726757753
10,0.67,7,0.67,0.32,7,0.32,83.0666703728
10,0.67,7,0.67,0.32,7,0.32,75.3591613173
10,0.67,7,0.67,0.32,7,0.32,75.0330671022
10,0.67,7,0.67,0.32,7,0.32,76.051602523
10,0.67,7,0.67,0.32,7,0.34,79.5889545141
10,0.67,7,0.67,0.32,7,0.34,77.5711974249
10,0.67,7,0.67,0.32,7,0.34,76.450297014
10,0.67,7,0.67,0.32,7,0.34,78.71570412
10,0.67,7,0.67,0.32,7,0.34,75.9098229813
10,0.67,7,0.67,0.34,7,0.32,76.1977057257
10,0.67,7,0.67,0.34,7,0.32,72.1577253892
10,0.67,7,0.67,0.34,7,0.32,80.867752767
10,0.67,7,0.67,0.34,7,0.32,77.9865636066
10,0.67,7,0.67,0.34,7,0.32,76.4221235149
10,0.67,7,0.67,0.34,7,0.34,76.1585186287
10,0.67,7,0.67,0.34,7,0.34,81.1063992134
10,0.67,7,0.67,0.34,7,0.34,79.3854855563
10,0.67,7,0.67,0.34,7,0.34,75.8140017454
10,0.67,7,0.67,0.34,7,0.34,77.474599009
20,0.65,7,0.65,0.32,7,0.32,61.7721626691
20,0.65,7,0.65,0.32,7,0.32,65.3539049845
20,0.65,7,0.65,0.32,7,0.32,61.1781772352
20,0.65,7,0.65,0.32,7,0.32,67.2600675815
20,0.65,7,0.65,0.32,7,0.32,62.4651756834
20,0.65,7,0.65,0.32,7,0.34,63.5639751299
20,0.65,7,0.65,0.32,7,0.34,61.3020744634
20,0.65,7,0.65,0.32,7,0.34,66.2709013805
20,0.65,7,0.65,0.32,7,0.34,68.6680839391
20,0.65,7,0.65,0.32,7,0.34,64.1294253225
20,0.65,7,0.65,0.34,7,0.32,68.6560257608
20,0.65,7,0.65,0.34,7,0.32,63.537572021
20,0.65,7,0.65,0.34,7,0.32,62.3916629874
20,0.65,7,0.65,0.34,7,0.32,62.8368425691
20,0.65,7,0.65,0.34,7,0.32,62.3431125459
20,0.65,7,0.65,0.34,7,0.34,63.7427662206
20,0.65,7,0.65,0.34,7,0.34,63.136044713
20,0.65,7,0.65,0.34,7,0.34,64.4249926628
20,0.65,7,0.65,0.34,7,0.34,65.587534049
20,0.65,7,0.65,0.34,7,0.34,62.3694282653
20,0.65,7,0.67,0.32,7,0.32,63.0451018343
20,0.65,7,0.67,0.32,7,0.32,64.5936497995
20,0.65,7,0.67,0.32,7,0.32,65.7841952321
20,0.65,7,0.67,0.32,7,0.32,63.6553537809
20,0.65,7,0.67,0.32,7,0.32,64.1649545908
20,0.65,7,0.67,0.32,7,0.34,62.5774082418
20,0.65,7,0.67,0.32,7,0.34,64.4762339227
20,0.65,7,0.67,0.32,7,0.34,67.7506716323
20,0.65,7,0.67,0.32,7,0.34,63.5663302455
20,0.65,7,0.67,0.32,7,0.34,66.2101213315
20,0.65,7,0.67,0.34,7,0.32,63.417206067
20,0.65,7,0.67,0.34,7,0.32,64.0931705534
20,0.65,7,0.67,0.34,7,0.32,61.8593543224
20,0.65,7,0.67,0.34,7,0.32,67.4347646834
20,0.65,7,0.67,0.34,7,0.32,64.6234922128
20,0.65,7,0.67,0.34,7,0.34,64.4210342241
20,0.65,7,0.67,0.34,7,0.34,67.6784553039
20,0.65,7,0.67,0.34,7,0.34,58.4503671468
20,0.65,7,0.67,0.34,7,0.34,66.7123982569
20,0.65,7,0.67,0.34,7,0.34,63.6809358231
20,0.67,7,0.65,0.32,7,0.32,63.9842221242
20,0.67,7,0.65,0.32,7,0.32,63.2153333603
20,0.67,7,0.65,0.32,7,0.32,68.0880071529
20,0.67,7,0.65,0.32,7,0.32,65.884964665
20,0.67,7,0.65,0.32,7,0.32,66.3128861522
20,0.67,7,0.65,0.32,7,0.34,64.1509262489
20,0.67,7,0.65,0.32,7,0.34,65.0940164874
20,0.67,7,0.65,0.32,7,0.34,63.4683413999
20,0.67,7,0.65,0.32,7,0.34,64.3686336171
20,0.67,7,0.65,0.32,7,0.34,65.0342598596
20,0.67,7,0.65,0.34,7,0.32,60.3953406445
20,0.67,7,0.65,0.34,7,0.32,64.7397234618
20,0.67,7,0.65,0.34,7,0.32,63.6680581112
20,0.67,7,0.65,0.34,7,0.32,65.8358328124
20,0.67,7,0.65,0.34,7,0.32,63.5325954558
20,0.67,7,0.65,0.34,7,0.34,68.3109277298
20,0.67,7,0.65,0.34,7,0.34,61.7335924019
20,0.67,7,0.65,0.34,7,0.34,67.3722991511
20,0.67,7,0.65,0.34,7,0.34,61.3801005134
20,0.67,7,0.65,0.34,7,0.34,64.6750947429
20,0.67,7,0.67,0.32,7,0.32,64.9349053458
20,0.67,7,0.67,0.32,7,0.32,65.0064876381
20,0.67,7,0.67,0.32,7,0.32,63.0763359628
20,0.67,7,0.67,0.32,7,0.32,64.5289803218
20,0.67,7,0.67,0.32,7,0.32,63.445508019
20,0.67,7,0.67,0.32,7,0.34,60.9981554175
20,0.67,7,0.67,0.32,7,0.34,65.9662995106
20,0.67,7,0.67,0.32,7,0.34,63.3434558665
20,0.67,7,0.67,0.32,7,0.34,64.2643579832
20,0.67,7,0.67,0.32,7,0.34,63.9255726999
20,0.67,7,0.67,0.34,7,0.32,64.092590098
20,0.67,7,0.67,0.34,7,0.32,63.4027274843
20,0.67,7,0.67,0.34,7,0.32,66.2685866281
20,0.67,7,0.67,0.34,7,0.32,60.0193298963
20,0.67,7,0.67,0.34,7,0.32,63.1951732261
20,0.67,7,0.67,0.34,7,0.34,63.1057220808
20,0.67,7,0.67,0.34,7,0.34,65.5364502908
20,0.67,7,0.67,0.34,7,0.34,63.0668012936
20,0.67,7,0.67,0.34,7,0.34,64.8754120044
20,0.67,7,0.67,0.34,7,0.34,64.2503370707
30,0.65,7,0.65,0.32,7,0.32,57.9128877074
30,0.65,7,0.65,0.32,7,0.32,56.4899947213
30,0.65,7,0.65,0.32,7,0.32,59.4066030944
30,0.65,7,0.65,0.32,7,0.32,56.5924472337
30,0.65,7,0.65,0.32,7,0.32,56.0485707017
30,0.65,7,0.65,0.32,7,0.34,56.8706234216
30,0.65,7,0.65,0.32,7,0.34,57.9441122693
30,0.65,7,0.65,0.32,7,0.34,56.0250602766
30,0.65,7,0.65,0.32,7,0.34,57.2908473324
30,0.65,7,0.65,0.32,7,0.34,59.4793790873
30,0.65,7,0.65,0.34,7,0.32,58.4856366132
30,0.65,7,0.65,0.34,7,0.32,60.311031097
30,0.65,7,0.65,0.34,7,0.32,60.7957780145
30,0.65,7,0.65,0.34,7,0.32,57.2589411256
30,0.65,7,0.65,0.34,7,0.32,61.5912416852
30,0.65,7,0.65,0.34,7,0.34,51.5414222854
30,0.65,7,0.65,0.34,7,0.34,58.2046147344
30,0.65,7,0.65,0.34,7,0.34,58.7412046173
30,0.65,7,0.65,0.34,7,0.34,60.3219264151
30,0.65,7,0.65,0.34,7,0.34,57.1289142706
30,0.65,7,0.67,0.32,7,0.32,57.4131047149
30,0.65,7,0.67,0.32,7,0.32,53.0704482349
30,0.65,7,0.67,0.32,7,0.32,58.4901922966
30,0.65,7,0.67,0.32,7,0.32,61.3005442682
30,0.65,7,0.67,0.32,7,0.32,55.961697209
30,0.65,7,0.67,0.32,7,0.34,59.036661804
30,0.65,7,0.67,0.32,7,0.34,54.4565743541
30,0.65,7,0.67,0.32,7,0.34,59.7015122534
30,0.65,7,0.67,0.32,7,0.34,54.1737351303
30,0.65,7,0.67,0.32,7,0.34,58.6097641565
30,0.65,7,0.67,0.34,7,0.32,58.0805167557
30,0.65,7,0.67,0.34,7,0.32,59.6995376689
30,0.65,7,0.67,0.34,7,0.32,59.5755282368
30,0.65,7,0.67,0.34,7,0.32,50.544996133
30,0.65,7,0.67,0.34,7,0.32,59.3145649572
30,0.65,7,0.67,0.34,7,0.34,56.5385224683
30,0.65,7,0.67,0.34,7,0.34,57.0795359113
30,0.65,7,0.67,0.34,7,0.34,56.7962245036
30,0.65,7,0.67,0.34,7,0.34,62.423530477
30,0.65,7,0.67,0.34,7,0.34,64.0288457185
30,0.67,7,0.65,0.32,7,0.32,63.3458127954
30,0.67,7,0.65,0.32,7,0.32,59.049904505
30,0.67,7,0.65,0.32,7,0.32,57.4290795913
30,0.67,7,0.65,0.32,7,0.32,58.9671271097
30,0.67,7,0.65,0.32,7,0.32,52.8337763078
30,0.67,7,0.65,0.32,7,0.34,53.8374786967
30,0.67,7,0.65,0.32,7,0.34,55.0472688381
30,0.67,7,0.65,0.32,7,0.34,54.2831096599
30,0.67,7,0.65,0.32,7,0.34,56.6321059203
30,0.67,7,0.65,0.32,7,0.34,60.1987639039
30,0.67,7,0.65,0.34,7,0.32,54.575943832
30,0.67,7,0.65,0.34,7,0.32,53.4869285905
30,0.67,7,0.65,0.34,7,0.32,56.2013287876
30,0.67,7,0.65,0.34,7,0.32,53.6219252185
30,0.67,7,0.65,0.34,7,0.32,61.72912468
30,0.67,7,0.65,0.34,7,0.34,52.7778390733
30,0.67,7,0.65,0.34,7,0.34,54.6785047374
30,0.67,7,0.65,0.34,7,0.34,63.1000636644
30,0.67,7,0.65,0.34,7,0.34,59.8505719179
30,0.67,7,0.65,0.34,7,0.34,60.8796411137
30,0.67,7,0.67,0.32,7,0.32,58.1692441386
30,0.67,7,0.67,0.32,7,0.32,52.0696221905
30,0.67,7,0.67,0.32,7,0.32,56.9564487493
30,0.67,7,0.67,0.32,7,0.32,58.0715279987
30,0.67,7,0.67,0.32,7,0.32,58.2193118804
30,0.67,7,0.67,0.32,7,0.34,60.6103880219
30,0.67,7,0.67,0.32,7,0.34,63.7924120828
30,0.67,7,0.67,0.32,7,0.34,59.112814321
30,0.67,7,0.67,0.32,7,0.34,57.3580872451
30,0.67,7,0.67,0.32,7,0.34,58.7001622181
30,0.67,7,0.67,0.34,7,0.32,58.728346109
30,0.67,7,0.67,0.34,7,0.32,58.6527916177
30,0.67,7,0.67,0.34,7,0.32,56.767649061
30,0.67,7,0.67,0.34,7,0.32,54.6097166657
30,0.67,7,0.67,0.34,7,0.32,56.4872451053
30,0.67,7,0.67,0.34,7,0.34,57.6882972462
30,0.67,7,0.67,0.34,7,0.34,58.338319629
30,0.67,7,0.67,0.34,7,0.34,55.850963659
30,0.67,7,0.67,0.34,7,0.34,56.8224003809
30,0.67,7,0.67,0.34,7,0.34,61.6102824182
