Noise,Beta1,Window1,T1,Beta2,Window2,T2,PSNR
1,0.34,7,0.63,0.44,7,0.6,100.339990507
1,0.34,7,0.63,0.44,7,0.6,98.5782908502
1,0.34,7,0.63,0.44,7,0.6,100.590503355
1,0.34,7,0.63,0.44,7,0.6,100.732509747
1,0.34,7,0.63,0.44,7,0.6,103.1161306
1,0.34,7,0.63,0.44,7,0.8,103.101424955
1,0.34,7,0.63,0.44,7,0.8,100.185357723
1,0.34,7,0.63,0.44,7,0.8,104.008453395
1,0.34,7,0.63,0.44,7,0.8,101.837108887
1,0.34,7,0.63,0.44,7,0.8,99.4997256152
1,0.34,7,0.63,0.64,7,0.6,100.451591718
1,0.34,7,0.63,0.64,7,0.6,100.473394807
1,0.34,7,0.63,0.64,7,0.6,99.7718075371
1,0.34,7,0.63,0.64,7,0.6,99.8565681149
1,0.34,7,0.63,0.64,7,0.6,100.232441668
1,0.34,7,0.63,0.64,7,0.8,99.5989500569
1,0.34,7,0.63,0.64,7,0.8,101.150072673
1,0.34,7,0.63,0.64,7,0.8,98.5478747902
1,0.34,7,0.63,0.64,7,0.8,99.376193702
1,0.34,7,0.63,0.64,7,0.8,101.110351313
1,0.34,7,0.83,0.44,7,0.6,101.427898898
1,0.34,7,0.83,0.44,7,0.6,103.223034179
1,0.34,7,0.83,0.44,7,0.6,100.637685062
1,0.34,7,0.83,0.44,7,0.6,99.6301014236
1,0.34,7,0.83,0.44,7,0.6,100.784079262
1,0.34,7,0.83,0.44,7,0.8,101.799424689
1,0.34,7,0.83,0.44,7,0.8,100.913173056
1,0.34,7,0.83,0.44,7,0.8,102.001806881
1,0.34,7,0.83,0.44,7,0.8,99.9580324723
1,0.34,7,0.83,0.44,7,0.8,101.693981635
1,0.34,7,0.83,0.64,7,0.6,100.895727322
1,0.34,7,0.83,0.64,7,0.6,101.516692592
1,0.34,7,0.83,0.64,7,0.6,99.4727074631
1,0.34,7,0.83,0.64,7,0.6,98.092400832
1,0.34,7,0.83,0.64,7,0.6,100.824431289
1,0.34,7,0.83,0.64,7,0.8,99.0369691426
1,0.34,7,0.83,0.64,7,0.8,101.975455295
1,0.34,7,0.83,0.64,7,0.8,102.00854898
1,0.34,7,0.83,0.64,7,0.8,101.076654036
1,0.34,7,0.83,0.64,7,0.8,99.0748327279
1,0.54,7,0.63,0.44,7,0.6,100.392541479
1,0.54,7,0.63,0.44,7,0.6,100.40707058
1,0.54,7,0.63,0.44,7,0.6,99.8894117445
1,0.54,7,0.63,0.44,7,0.6,98.5279057843
1,0.54,7,0.63,0.44,7,0.6,98.1944014326
1,0.54,7,0.63,0.44,7,0.8,99.0636275723
1,0.54,7,0.63,0.44,7,0.8,100.506328831
1,0.54,7,0.63,0.44,7,0.8,99.6219957196
1,0.54,7,0.63,0.44,7,0.8,99.0802003172
1,0.54,7,0.63,0.44,7,0.8,100.893474861
1,0.54,7,0.63,0.64,7,0.6,99.5552956601
1,0.54,7,0.63,0.64,7,0.6,95.8752924057
1,0.54,7,0.63,0.64,7,0.6,97.6376659968
1,0.54,7,0.63,0.64,7,0.6,97.727224362
1,0.54,7,0.63,0.64,7,0.6,96.8336145068
1,0.54,7,0.63,0.64,7,0.8,98.8395212181
1,0.54,7,0.63,0.64,7,0.8,97.5894664124
1,0.54,7,0.63,0.64,7,0.8,97.3447462946
1,0.54,7,0.63,0.64,7,0.8,96.6575395462
1,0.54,7,0.63,0.64,7,0.8,96.6911598116
1,0.54,7,0.83,0.44,7,0.6,97.6820376546
1,0.54,7,0.83,0.44,7,0.6,98.5175715636
1,0.54,7,0.83,0.44,7,0.6,99.3383202059
1,0.54,7,0.83,0.44,7,0.6,97.6841379354
1,0.54,7,0.83,0.44,7,0.6,98.9144974257
1,0.54,7,0.83,0.44,7,0.8,98.8373570758
1,0.54,7,0.83,0.44,7,0.8,97.2123677817
1,0.54,7,0.83,0.44,7,0.8,98.1233433307
1,0.54,7,0.83,0.44,7,0.8,99.4613840068
1,0.54,7,0.83,0.44,7,0.8,98.1307453467
1,0.54,7,0.83,0.64,7,0.6,100.465285872
1,0.54,7,0.83,0.64,7,0.6,97.0474839236
1,0.54,7,0.83,0.64,7,0.6,98.3207430155
1,0.54,7,0.83,0.64,7,0.6,97.4338635074
1,0.54,7,0.83,0.64,7,0.6,99.65666077
1,0.54,7,0.83,0.64,7,0.8,96.4275201762
1,0.54,7,0.83,0.64,7,0.8,96.135575395
1,0.54,7,0.83,0.64,7,0.8,97.6405016845
1,0.54,7,0.83,0.64,7,0.8,97.3011600087
1,0.54,7,0.83,0.64,7,0.8,97.7564375317
5,0.34,7,0.63,0.44,7,0.6,88.1498225103
5,0.34,7,0.63,0.44,7,0.6,88.5064517134
5,0.34,7,0.63,0.44,7,0.6,86.2068050528
5,0.34,7,0.63,0.44,7,0.6,89.5856560636
5,0.34,7,0.63,0.44,7,0.6,86.8045102286
5,0.34,7,0.63,0.44,7,0.8,94.931958933
5,0.34,7,0.63,0.44,7,0.8,89.2179631478
5,0.34,7,0.63,0.44,7,0.8,88.9207870138
5,0.34,7,0.63,0.44,7,0.8,87.7910611
5,0.34,7,0.63,0.44,7,0.8,88.2225480754
5,0.34,7,0.63,0.64,7,0.6,82.0836361887
5,0.34,7,0.63,0.64,7,0.6,87.058051359
5,0.34,7,0.63,0.64,7,0.6,85.4967179242
5,0.34,7,0.63,0.64,7,0.6,88.3854824915
5,0.34,7,0.63,0.64,7,0.6,87.2477416583
5,0.34,7,0.63,0.64,7,0.8,82.1346128119
5,0.34,7,0.63,0.64,7,0.8,87.1832528103
5,0.34,7,0.63,0.64,7,0.8,88.4706630043
5,0.34,7,0.63,0.64,7,0.8,88.6453479392
5,0.34,7,0.63,0.64,7,0.8,84.9129142453
5,0.34,7,0.83,0.44,7,0.6,89.6235074412
5,0.34,7,0.83,0.44,7,0.6,86.9078495235
5,0.34,7,0.83,0.44,7,0.6,86.9786451157
5,0.34,7,0.83,0.44,7,0.6,91.2701374182
5,0.34,7,0.83,0.44,7,0.6,91.7960006903
5,0.34,7,0.83,0.44,7,0.8,85.1297178038
5,0.34,7,0.83,0.44,7,0.8,86.0175095303
5,0.34,7,0.83,0.44,7,0.8,88.7882248656
5,0.34,7,0.83,0.44,7,0.8,88.4515098744
5,0.34,7,0.83,0.44,7,0.8,87.314261425
5,0.34,7,0.83,0.64,7,0.6,84.3262070061
5,0.34,7,0.83,0.64,7,0.6,85.9267026628
5,0.34,7,0.83,0.64,7,0.6,83.5215948714
5,0.34,7,0.83,0.64,7,0.6,83.9584187643
5,0.34,7,0.83,0.64,7,0.6,83.2509227346
5,0.34,7,0.83,0.64,7,0.8,86.561380368
5,0.34,7,0.83,0.64,7,0.8,86.3695450418
5,0.34,7,0.83,0.64,7,0.8,87.9601546447
5,0.34,7,0.83,0.64,7,0.8,84.7887251561
5,0.34,7,0.83,0.64,7,0.8,86.5402260207
5,0.54,7,0.63,0.44,7,0.6,83.7438192218
5,0.54,7,0.63,0.44,7,0.6,83.0080678348
5,0.54,7,0.63,0.44,7,0.6,82.8012852661
5,0.54,7,0.63,0.44,7,0.6,87.1163628846
5,0.54,7,0.63,0.44,7,0.6,85.7132277828
5,0.54,7,0.63,0.44,7,0.8,85.8268651565
5,0.54,7,0.63,0.44,7,0.8,88.7170547774
5,0.54,7,0.63,0.44,7,0.8,87.440488917
5,0.54,7,0.63,0.44,7,0.8,88.195206085
5,0.54,7,0.63,0.44,7,0.8,87.2428623356
5,0.54,7,0.63,0.64,7,0.6,82.3574364291
5,0.54,7,0.63,0.64,7,0.6,86.3987096497
5,0.54,7,0.63,0.64,7,0.6,81.9641131022
5,0.54,7,0.63,0.64,7,0.6,86.8172881796
5,0.54,7,0.63,0.64,7,0.6,86.2574088167
5,0.54,7,0.63,0.64,7,0.8,83.2660321238
5,0.54,7,0.63,0.64,7,0.8,84.8725618325
5,0.54,7,0.63,0.64,7,0.8,87.0530827533
5,0.54,7,0.63,0.64,7,0.8,84.4091624181
5,0.54,7,0.63,0.64,7,0.8,85.1308765292
5,0.54,7,0.83,0.44,7,0.6,83.9359966159
5,0.54,7,0.83,0.44,7,0.6,86.8899354032
5,0.54,7,0.83,0.44,7,0.6,80.0427249232
5,0.54,7,0.83,0.44,7,0.6,85.7281793426
5,0.54,7,0.83,0.44,7,0.6,87.3762634447
5,0.54,7,0.83,0.44,7,0.8,85.2105175747
5,0.54,7,0.83,0.44,7,0.8,86.200230113
5,0.54,7,0.83,0.44,7,0.8,84.968234861
5,0.54,7,0.83,0.44,7,0.8,83.710242206
5,0.54,7,0.83,0.44,7,0.8,84.3009060347
5,0.54,7,0.83,0.64,7,0.6,83.4104027302
5,0.54,7,0.83,0.64,7,0.6,87.347333813
5,0.54,7,0.83,0.64,7,0.6,88.8024737464
5,0.54,7,0.83,0.64,7,0.6,82.7105295333
5,0.54,7,0.83,0.64,7,0.6,83.9410973845
5,0.54,7,0.83,0.64,7,0.8,87.1309401374
5,0.54,7,0.83,0.64,7,0.8,83.3996317886
5,0.54,7,0.83,0.64,7,0.8,85.2369830571
5,0.54,7,0.83,0.64,7,0.8,80.4005623413
5,0.54,7,0.83,0.64,7,0.8,85.9386534839
10,0.34,7,0.63,0.44,7,0.6,76.1720782079
10,0.34,7,0.63,0.44,7,0.6,75.9690004724
10,0.34,7,0.63,0.44,7,0.6,77.6314008931
10,0.34,7,0.63,0.44,7,0.6,72.3379539791
10,0.34,7,0.63,0.44,7,0.6,78.3123985485
10,0.34,7,0.63,0.44,7,0.8,77.1729894682
10,0.34,7,0.63,0.44,7,0.8,74.5321504332
10,0.34,7,0.63,0.44,7,0.8,75.9269837712
10,0.34,7,0.63,0.44,7,0.8,78.7394688351
10,0.34,7,0.63,0.44,7,0.8,72.2645607054
10,0.34,7,0.63,0.64,7,0.6,80.7859279106
10,0.34,7,0.63,0.64,7,0.6,72.0048701728
10,0.34,7,0.63,0.64,7,0.6,70.7888478894
10,0.34,7,0.63,0.64,7,0.6,74.9353068842
10,0.34,7,0.63,0.64,7,0.6,69.8491749082
10,0.34,7,0.63,0.64,7,0.8,71.9098392319
10,0.34,7,0.63,0.64,7,0.8,73.1957373627
10,0.34,7,0.63,0.64,7,0.8,73.7764630564
10,0.34,7,0.63,0.64,7,0.8,74.8734569831
10,0.34,7,0.63,0.64,7,0.8,78.7582719078
10,0.34,7,0.83,0.44,7,0.6,71.7695234695
10,0.34,7,0.83,0.44,7,0.6,77.2936684659
10,0.34,7,0.83,0.44,7,0.6,75.2987515524
10,0.34,7,0.83,0.44,7,0.6,73.440103676
10,0.34,7,0.83,0.44,7,0.6,73.6720562855
10,0.34,7,0.83,0.44,7,0.8,73.1586079073
10,0.34,7,0.83,0.44,7,0.8,78.0175024833
10,0.34,7,0.83,0.44,7,0.8,73.0454328534
10,0.34,7,0.83,0.44,7,0.8,71.7500111574
10,0.34,7,0.83,0.44,7,0.8,74.3556817999
10,0.34,7,0.83,0.64,7,0.6,75.4553949559
10,0.34,7,0.83,0.64,7,0.6,71.5090847141
10,0.34,7,0.83,0.64,7,0.6,73.2991813827
10,0.34,7,0.83,0.64,7,0.6,74.5016866217
10,0.34,7,0.83,0.64,7,0.6,76.692957273
10,0.34,7,0.83,0.64,7,0.8,73.8502386601
10,0.34,7,0.83,0.64,7,0.8,76.0029432148
10,0.34,7,0.83,0.64,7,0.8,72.336548882
10,0.34,7,0.83,0.64,7,0.8,76.4001845946
10,0.34,7,0.83,0.64,7,0.8,73.8299482507
10,0.54,7,0.63,0.44,7,0.6,67.7201660777
10,0.54,7,0.63,0.44,7,0.6,73.7510458165
10,0.54,7,0.63,0.44,7,0.6,72.0575793121
10,0.54,7,0.63,0.44,7,0.6,69.7831591825
10,0.54,7,0.63,0.44,7,0.6,74.0969416069
10,0.54,7,0.63,0.44,7,0.8,72.5239162329
10,0.54,7,0.63,0.44,7,0.8,77.1606610438
10,0.54,7,0.63,0.44,7,0.8,73.4918782745
10,0.54,7,0.63,0.44,7,0.8,71.5913825974
10,0.54,7,0.63,0.44,7,0.8,76.5718735869
10,0.54,7,0.63,0.64,7,0.6,71.3060309561
10,0.54,7,0.63,0.64,7,0.6,70.5366490298
10,0.54,7,0.63,0.64,7,0.6,69.9631135627
10,0.54,7,0.63,0.64,7,0.6,69.7430336376
10,0.54,7,0.63,0.64,7,0.6,70.5370549309
10,0.54,7,0.63,0.64,7,0.8,70.9211862098
10,0.54,7,0.63,0.64,7,0.8,75.6725073701
10,0.54,7,0.63,0.64,7,0.8,69.7903535167
10,0.54,7,0.63,0.64,7,0.8,71.7763602121
10,0.54,7,0.63,0.64,7,0.8,68.4353949281
10,0.54,7,0.83,0.44,7,0.6,72.2389122558
10,0.54,7,0.83,0.44,7,0.6,70.5352155619
10,0.54,7,0.83,0.44,7,0.6,78.6222031338
10,0.54,7,0.83,0.44,7,0.6,74.3608190499
10,0.54,7,0.83,0.44,7,0.6,71.26562747
10,0.54,7,0.83,0.44,7,0.8,71.546439111
10,0.54,7,0.83,0.44,7,0.8,72.6983951441
10,0.54,7,0.83,0.44,7,0.8,71.402498311
10,0.54,7,0.83,0.44,7,0.8,76.1259821361
10,0.54,7,0.83,0.44,7,0.8,71.1990045657
10,0.54,7,0.83,0.64,7,0.6,70.2425358989
10,0.54,7,0.83,0.64,7,0.6,73.9805032561
10,0.54,7,0.83,0.64,7,0.6,70.5268265783
10,0.54,7,0.83,0.64,7,0.6,69.1161849276
10,0.54,7,0.83,0.64,7,0.6,71.8811484435
10,0.54,7,0.83,0.64,7,0.8,74.8305107594
10,0.54,7,0.83,0.64,7,0.8,76.9328946509
10,0.54,7,0.83,0.64,7,0.8,69.5067335003
10,0.54,7,0.83,0.64,7,0.8,70.9641188103
10,0.54,7,0.83,0.64,7,0.8,67.7797929833
20,0.34,7,0.63,0.44,7,0.6,57.4181786524
20,0.34,7,0.63,0.44,7,0.6,63.1432070721
20,0.34,7,0.63,0.44,7,0.6,59.8534121826
20,0.34,7,0.63,0.44,7,0.6,56.5247171292
20,0.34,7,0.63,0.44,7,0.6,59.378591853
20,0.34,7,0.63,0.44,7,0.8,62.6001032842
20,0.34,7,0.63,0.44,7,0.8,59.7825044374
20,0.34,7,0.63,0.44,7,0.8,65.7288590667
20,0.34,7,0.63,0.44,7,0.8,59.2377231061
20,0.34,7,0.63,0.44,7,0.8,55.1427849387
20,0.34,7,0.63,0.64,7,0.6,60.4837353037
20,0.34,7,0.63,0.64,7,0.6,53.5926261056
20,0.34,7,0.63,0.64,7,0.6,64.9192543688
20,0.34,7,0.63,0.64,7,0.6,59.4242329211
20,0.34,7,0.63,0.64,7,0.6,62.2854232011
20,0.34,7,0.63,0.64,7,0.8,63.5783979868
20,0.34,7,0.63,0.64,7,0.8,59.5042612868
20,0.34,7,0.63,0.64,7,0.8,58.1968467867
20,0.34,7,0.63,0.64,7,0.8,57.6072303386
20,0.34,7,0.63,0.64,7,0.8,61.4587205662
20,0.34,7,0.83,0.44,7,0.6,61.4648436375
20,0.34,7,0.83,0.44,7,0.6,58.3633911271
20,0.34,7,0.83,0.44,7,0.6,57.5281660388
20,0.34,7,0.83,0.44,7,0.6,60.4636199419
20,0.34,7,0.83,0.44,7,0.6,58.3248827298
20,0.34,7,0.83,0.44,7,0.8,63.2368589095
20,0.34,7,0.83,0.44,7,0.8,64.4635599859
20,0.34,7,0.83,0.44,7,0.8,65.5067658198
20,0.34,7,0.83,0.44,7,0.8,58.9183801973
20,0.34,7,0.83,0.44,7,0.8,60.8520097788
20,0.34,7,0.83,0.64,7,0.6,58.342498086
20,0.34,7,0.83,0.64,7,0.6,60.7024646657
20,0.34,7,0.83,0.64,7,0.6,61.4928694863
20,0.34,7,0.83,0.64,7,0.6,58.7021583884
20,0.34,7,0.83,0.64,7,0.6,64.2977731043
20,0.34,7,0.83,0.64,7,0.8,62.0813019505
20,0.34,7,0.83,0.64,7,0.8,54.5113113494
20,0.34,7,0.83,0.64,7,0.8,61.1145008841
20,0.34,7,0.83,0.64,7,0.8,55.867452024
20,0.34,7,0.83,0.64,7,0.8,54.113715132
20,0.54,7,0.63,0.44,7,0.6,60.0984529497
20,0.54,7,0.63,0.44,7,0.6,55.8036308647
20,0.54,7,0.63,0.44,7,0.6,64.5212748222
20,0.54,7,0.63,0.44,7,0.6,55.4907806838
20,0.54,7,0.63,0.44,7,0.6,66.0166919603
20,0.54,7,0.63,0.44,7,0.8,61.5526711406
20,0.54,7,0.63,0.44,7,0.8,55.3679491659
20,0.54,7,0.63,0.44,7,0.8,65.135161575
20,0.54,7,0.63,0.44,7,0.8,60.9740271843
20,0.54,7,0.63,0.44,7,0.8,54.9562357122
20,0.54,7,0.63,0.64,7,0.6,58.2218074974
20,0.54,7,0.63,0.64,7,0.6,55.1482610799
20,0.54,7,0.63,0.64,7,0.6,58.6188642503
20,0.54,7,0.63,0.64,7,0.6,56.4794128511
20,0.54,7,0.63,0.64,7,0.6,58.396406749
20,0.54,7,0.63,0.64,7,0.8,66.4361074478
20,0.54,7,0.63,0.64,7,0.8,58.3633076623
20,0.54,7,0.63,0.64,7,0.8,57.8505615535
20,0.54,7,0.63,0.64,7,0.8,57.9123193423
20,0.54,7,0.63,0.64,7,0.8,56.0079043922
20,0.54,7,0.83,0.44,7,0.6,53.3727372891
20,0.54,7,0.83,0.44,7,0.6,58.0791449563
20,0.54,7,0.83,0.44,7,0.6,64.479839365
20,0.54,7,0.83,0.44,7,0.6,59.0787234619
20,0.54,7,0.83,0.44,7,0.6,56.0509549782
20,0.54,7,0.83,0.44,7,0.8,59.5030375357
20,0.54,7,0.83,0.44,7,0.8,58.9654829524
20,0.54,7,0.83,0.44,7,0.8,57.3680170677
20,0.54,7,0.83,0.44,7,0.8,55.0890255842
20,0.54,7,0.83,0.44,7,0.8,55.1034216006
20,0.54,7,0.83,0.64,7,0.6,61.4271113008
20,0.54,7,0.83,0.64,7,0.6,61.4651389562
20,0.54,7,0.83,0.64,7,0.6,56.0522706763
20,0.54,7,0.83,0.64,7,0.6,55.6665725127
20,0.54,7,0.83,0.64,7,0.6,56.8659994724
20,0.54,7,0.83,0.64,7,0.8,55.5054790964
20,0.54,7,0.83,0.64,7,0.8,58.9410677756
20,0.54,7,0.83,0.64,7,0.8,58.7267548401
20,0.54,7,0.83,0.64,7,0.8,52.9538043029
20,0.54,7,0.83,0.64,7,0.8,56.3540293172
30,0.34,7,0.63,0.44,7,0.6,54.3646252598
30,0.34,7,0.63,0.44,7,0.6,48.8057063261
30,0.34,7,0.63,0.44,7,0.6,49.4767845464
30,0.34,7,0.63,0.44,7,0.6,53.0034504909
30,0.34,7,0.63,0.44,7,0.6,58.1769045129
30,0.34,7,0.63,0.44,7,0.8,61.9460243184
30,0.34,7,0.63,0.44,7,0.8,54.2408906993
30,0.34,7,0.63,0.44,7,0.8,53.4434597883
30,0.34,7,0.63,0.44,7,0.8,51.8566465895
30,0.34,7,0.63,0.44,7,0.8,60.1923766204
30,0.34,7,0.63,0.64,7,0.6,62.6471056051
30,0.34,7,0.63,0.64,7,0.6,56.591750742
30,0.34,7,0.63,0.64,7,0.6,51.4760831675
30,0.34,7,0.63,0.64,7,0.6,50.3477348945
30,0.34,7,0.63,0.64,7,0.6,51.382745779
30,0.34,7,0.63,0.64,7,0.8,52.7056128936
30,0.34,7,0.63,0.64,7,0.8,50.7895234069
30,0.34,7,0.63,0.64,7,0.8,60.8161594313
30,0.34,7,0.63,0.64,7,0.8,50.1977938665
30,0.34,7,0.63,0.64,7,0.8,50.9113284636
30,0.34,7,0.83,0.44,7,0.6,51.3210530437
30,0.34,7,0.83,0.44,7,0.6,53.6527512307
30,0.34,7,0.83,0.44,7,0.6,54.9464494599
30,0.34,7,0.83,0.44,7,0.6,53.9339564644
30,0.34,7,0.83,0.44,7,0.6,53.3271690019
30,0.34,7,0.83,0.44,7,0.8,59.8660687359
30,0.34,7,0.83,0.44,7,0.8,51.1092730042
30,0.34,7,0.83,0.44,7,0.8,54.7357628822
30,0.34,7,0.83,0.44,7,0.8,57.1320108591
30,0.34,7,0.83,0.44,7,0.8,57.6175651365
30,0.34,7,0.83,0.64,7,0.6,60.8612272295
30,0.34,7,0.83,0.64,7,0.6,53.3471943834
30,0.34,7,0.83,0.64,7,0.6,49.5985316772
30,0.34,7,0.83,0.64,7,0.6,65.0510620653
30,0.34,7,0.83,0.64,7,0.6,49.4701709027
30,0.34,7,0.83,0.64,7,0.8,51.6468515496
30,0.34,7,0.83,0.64,7,0.8,54.4667459467
30,0.34,7,0.83,0.64,7,0.8,55.2035906096
30,0.34,7,0.83,0.64,7,0.8,56.2012145342
30,0.34,7,0.83,0.64,7,0.8,55.5607235846
30,0.54,7,0.63,0.44,7,0.6,52.8129838497
30,0.54,7,0.63,0.44,7,0.6,53.7291710779
30,0.54,7,0.63,0.44,7,0.6,48.4236408833
30,0.54,7,0.63,0.44,7,0.6,52.0380177866
30,0.54,7,0.63,0.44,7,0.6,54.6107231249
30,0.54,7,0.63,0.44,7,0.8,51.9024602211
30,0.54,7,0.63,0.44,7,0.8,53.5548357332
30,0.54,7,0.63,0.44,7,0.8,47.5838476256
30,0.54,7,0.63,0.44,7,0.8,53.5099672054
30,0.54,7,0.63,0.44,7,0.8,47.1523828252
30,0.54,7,0.63,0.64,7,0.6,53.4318700471
30,0.54,7,0.63,0.64,7,0.6,56.3830029169
30,0.54,7,0.63,0.64,7,0.6,51.0285904559
30,0.54,7,0.63,0.64,7,0.6,47.1000154069
30,0.54,7,0.63,0.64,7,0.6,49.458433861
30,0.54,7,0.63,0.64,7,0.8,50.3888525064
30,0.54,7,0.63,0.64,7,0.8,56.8900359268
30,0.54,7,0.63,0.64,7,0.8,49.7194158226
30,0.54,7,0.63,0.64,7,0.8,52.8847886608
30,0.54,7,0.63,0.64,7,0.8,50.1317805683
30,0.54,7,0.83,0.44,7,0.6,53.7233583993
30,0.54,7,0.83,0.44,7,0.6,48.5040162596
30,0.54,7,0.83,0.44,7,0.6,49.9195604923
30,0.54,7,0.83,0.44,7,0.6,51.8971949442
30,0.54,7,0.83,0.44,7,0.6,53.4192790689
30,0.54,7,0.83,0.44,7,0.8,55.3575176059
30,0.54,7,0.83,0.44,7,0.8,49.633508167
30,0.54,7,0.83,0.44,7,0.8,54.4453852157
30,0.54,7,0.83,0.44,7,0.8,49.5532155812
30,0.54,7,0.83,0.44,7,0.8,52.1220056686
30,0.54,7,0.83,0.64,7,0.6,48.320351968
30,0.54,7,0.83,0.64,7,0.6,53.736348266
30,0.54,7,0.83,0.64,7,0.6,54.888160796
30,0.54,7,0.83,0.64,7,0.6,54.6616458922
30,0.54,7,0.83,0.64,7,0.6,50.5286337677
30,0.54,7,0.83,0.64,7,0.8,51.9033515635
30,0.54,7,0.83,0.64,7,0.8,52.5887002275
30,0.54,7,0.83,0.64,7,0.8,49.52695256
30,0.54,7,0.83,0.64,7,0.8,50.8022698679
30,0.54,7,0.83,0.64,7,0.8,49.6310697952
1,0.3333,7,0.3333,0.3333,7,0.3333,102.463634869
1,0.3333,7,0.3333,0.3333,7,0.3333,104.181561597
1,0.3333,7,0.3333,0.3333,7,0.3333,100.207584132
1,0.3333,7,0.3333,0.3333,7,0.3333,101.173091415
1,0.3333,7,0.3333,0.3333,7,0.3333,104.192721669
1,0.3333,7,0.3333,0.3333,7,0.6666,101.603929019
1,0.3333,7,0.3333,0.3333,7,0.6666,102.301377529
1,0.3333,7,0.3333,0.3333,7,0.6666,102.748207362
1,0.3333,7,0.3333,0.3333,7,0.6666,103.210422614
1,0.3333,7,0.3333,0.3333,7,0.6666,104.465522581
1,0.3333,7,0.3333,0.6666,7,0.3333,98.3955492946
1,0.3333,7,0.3333,0.6666,7,0.3333,102.18102106
1,0.3333,7,0.3333,0.6666,7,0.3333,98.5082545484
1,0.3333,7,0.3333,0.6666,7,0.3333,97.774150211
1,0.3333,7,0.3333,0.6666,7,0.3333,99.0517598038
1,0.3333,7,0.3333,0.6666,7,0.6666,100.596700222
1,0.3333,7,0.3333,0.6666,7,0.6666,99.1841883784
1,0.3333,7,0.3333,0.6666,7,0.6666,99.9463157972
1,0.3333,7,0.3333,0.6666,7,0.6666,99.6282526459
1,0.3333,7,0.3333,0.6666,7,0.6666,99.7672595065
1,0.3333,7,0.6666,0.3333,7,0.3333,103.168076543
1,0.3333,7,0.6666,0.3333,7,0.3333,101.051247549
1,0.3333,7,0.6666,0.3333,7,0.3333,102.626529124
1,0.3333,7,0.6666,0.3333,7,0.3333,102.335390554
1,0.3333,7,0.6666,0.3333,7,0.3333,101.312841467
1,0.3333,7,0.6666,0.3333,7,0.6666,100.386952015
1,0.3333,7,0.6666,0.3333,7,0.6666,99.8210071364
1,0.3333,7,0.6666,0.3333,7,0.6666,102.211177688
1,0.3333,7,0.6666,0.3333,7,0.6666,103.21334219
1,0.3333,7,0.6666,0.3333,7,0.6666,100.207738338
1,0.3333,7,0.6666,0.6666,7,0.3333,99.7816302334
1,0.3333,7,0.6666,0.6666,7,0.3333,99.8865321335
1,0.3333,7,0.6666,0.6666,7,0.3333,100.463654763
1,0.3333,7,0.6666,0.6666,7,0.3333,100.365240694
1,0.3333,7,0.6666,0.6666,7,0.3333,100.278444956
1,0.3333,7,0.6666,0.6666,7,0.6666,99.3223707582
1,0.3333,7,0.6666,0.6666,7,0.6666,98.6307702916
1,0.3333,7,0.6666,0.6666,7,0.6666,100.783663389
1,0.3333,7,0.6666,0.6666,7,0.6666,99.9280687846
1,0.3333,7,0.6666,0.6666,7,0.6666,99.9484362861
1,0.6666,7,0.3333,0.3333,7,0.3333,98.3445871376
1,0.6666,7,0.3333,0.3333,7,0.3333,99.1288834167
1,0.6666,7,0.3333,0.3333,7,0.3333,96.8624004767
1,0.6666,7,0.3333,0.3333,7,0.3333,99.1255883155
1,0.6666,7,0.3333,0.3333,7,0.3333,99.7383746674
1,0.6666,7,0.3333,0.3333,7,0.6666,99.604813481
1,0.6666,7,0.3333,0.3333,7,0.6666,99.7869163316
1,0.6666,7,0.3333,0.3333,7,0.6666,98.9026955115
1,0.6666,7,0.3333,0.3333,7,0.6666,99.9531673242
1,0.6666,7,0.3333,0.3333,7,0.6666,101.541293462
1,0.6666,7,0.3333,0.6666,7,0.3333,96.758189397
1,0.6666,7,0.3333,0.6666,7,0.3333,96.1789614904
1,0.6666,7,0.3333,0.6666,7,0.3333,97.9123472607
1,0.6666,7,0.3333,0.6666,7,0.3333,97.407207611
1,0.6666,7,0.3333,0.6666,7,0.3333,96.1735644342
1,0.6666,7,0.3333,0.6666,7,0.6666,95.6173828721
1,0.6666,7,0.3333,0.6666,7,0.6666,96.9228609612
1,0.6666,7,0.3333,0.6666,7,0.6666,95.7730296638
1,0.6666,7,0.3333,0.6666,7,0.6666,97.1015519818
1,0.6666,7,0.3333,0.6666,7,0.6666,95.5752035864
1,0.6666,7,0.6666,0.3333,7,0.3333,99.3219937163
1,0.6666,7,0.6666,0.3333,7,0.3333,97.7351575343
1,0.6666,7,0.6666,0.3333,7,0.3333,98.6726062719
1,0.6666,7,0.6666,0.3333,7,0.3333,96.5383869717
1,0.6666,7,0.6666,0.3333,7,0.3333,99.5885018136
1,0.6666,7,0.6666,0.3333,7,0.6666,98.7326222336
1,0.6666,7,0.6666,0.3333,7,0.6666,97.9204583288
1,0.6666,7,0.6666,0.3333,7,0.6666,98.505720768
1,0.6666,7,0.6666,0.3333,7,0.6666,99.281910861
1,0.6666,7,0.6666,0.3333,7,0.6666,98.8641618127
1,0.6666,7,0.6666,0.6666,7,0.3333,95.7243861479
1,0.6666,7,0.6666,0.6666,7,0.3333,97.9046298909
1,0.6666,7,0.6666,0.6666,7,0.3333,100.205352323
1,0.6666,7,0.6666,0.6666,7,0.3333,95.7365388068
1,0.6666,7,0.6666,0.6666,7,0.3333,96.2726012634
1,0.6666,7,0.6666,0.6666,7,0.6666,95.7873268204
1,0.6666,7,0.6666,0.6666,7,0.6666,96.7441388693
1,0.6666,7,0.6666,0.6666,7,0.6666,96.0940197241
1,0.6666,7,0.6666,0.6666,7,0.6666,97.9902407258
1,0.6666,7,0.6666,0.6666,7,0.6666,96.045223702
5,0.3333,7,0.3333,0.3333,7,0.3333,86.7809281107
5,0.3333,7,0.3333,0.3333,7,0.3333,90.2848664312
5,0.3333,7,0.3333,0.3333,7,0.3333,88.8525917524
5,0.3333,7,0.3333,0.3333,7,0.3333,87.8229156757
5,0.3333,7,0.3333,0.3333,7,0.3333,90.4608387484
5,0.3333,7,0.3333,0.3333,7,0.6666,86.2301101609
5,0.3333,7,0.3333,0.3333,7,0.6666,90.157854481
5,0.3333,7,0.3333,0.3333,7,0.6666,83.9457396682
5,0.3333,7,0.3333,0.3333,7,0.6666,84.0646989462
5,0.3333,7,0.3333,0.3333,7,0.6666,88.9299566178
5,0.3333,7,0.3333,0.6666,7,0.3333,87.7968441785
5,0.3333,7,0.3333,0.6666,7,0.3333,86.2649540447
5,0.3333,7,0.3333,0.6666,7,0.3333,86.3410009716
5,0.3333,7,0.3333,0.6666,7,0.3333,82.5535063322
5,0.3333,7,0.3333,0.6666,7,0.3333,78.8410764331
5,0.3333,7,0.3333,0.6666,7,0.6666,84.6114645424
5,0.3333,7,0.3333,0.6666,7,0.6666,89.2965898857
5,0.3333,7,0.3333,0.6666,7,0.6666,85.6171970511
5,0.3333,7,0.3333,0.6666,7,0.6666,82.7094250724
5,0.3333,7,0.3333,0.6666,7,0.6666,87.4881083903
5,0.3333,7,0.6666,0.3333,7,0.3333,88.9353952694
5,0.3333,7,0.6666,0.3333,7,0.3333,94.1871987963
5,0.3333,7,0.6666,0.3333,7,0.3333,85.3858093617
5,0.3333,7,0.6666,0.3333,7,0.3333,86.8613039061
5,0.3333,7,0.6666,0.3333,7,0.3333,88.3196504102
5,0.3333,7,0.6666,0.3333,7,0.6666,88.4541991355
5,0.3333,7,0.6666,0.3333,7,0.6666,85.0604607575
5,0.3333,7,0.6666,0.3333,7,0.6666,87.3133672366
5,0.3333,7,0.6666,0.3333,7,0.6666,87.0820837892
5,0.3333,7,0.6666,0.3333,7,0.6666,87.4549009704
5,0.3333,7,0.6666,0.6666,7,0.3333,86.5827741914
5,0.3333,7,0.6666,0.6666,7,0.3333,86.8312002604
5,0.3333,7,0.6666,0.6666,7,0.3333,88.7294925735
5,0.3333,7,0.6666,0.6666,7,0.3333,89.0625490885
5,0.3333,7,0.6666,0.6666,7,0.3333,85.5646734903
5,0.3333,7,0.6666,0.6666,7,0.6666,89.729455817
5,0.3333,7,0.6666,0.6666,7,0.6666,82.9299663772
5,0.3333,7,0.6666,0.6666,7,0.6666,90.5772612566
5,0.3333,7,0.6666,0.6666,7,0.6666,87.2792983648
5,0.3333,7,0.6666,0.6666,7,0.6666,92.7638490471
5,0.6666,7,0.3333,0.3333,7,0.3333,85.5700388309
5,0.6666,7,0.3333,0.3333,7,0.3333,85.0646445213
5,0.6666,7,0.3333,0.3333,7,0.3333,87.4428998832
5,0.6666,7,0.3333,0.3333,7,0.3333,84.9708059211
5,0.6666,7,0.3333,0.3333,7,0.3333,84.8169158247
5,0.6666,7,0.3333,0.3333,7,0.6666,84.9600782101
5,0.6666,7,0.3333,0.3333,7,0.6666,92.8226064486
5,0.6666,7,0.3333,0.3333,7,0.6666,87.523092316
5,0.6666,7,0.3333,0.3333,7,0.6666,85.0076105994
5,0.6666,7,0.3333,0.3333,7,0.6666,87.0529700532
5,0.6666,7,0.3333,0.6666,7,0.3333,86.3437999923
5,0.6666,7,0.3333,0.6666,7,0.3333,84.2362645541
5,0.6666,7,0.3333,0.6666,7,0.3333,83.1762426822
5,0.6666,7,0.3333,0.6666,7,0.3333,82.0756561103
5,0.6666,7,0.3333,0.6666,7,0.3333,82.8524766308
5,0.6666,7,0.3333,0.6666,7,0.6666,84.9043192738
5,0.6666,7,0.3333,0.6666,7,0.6666,81.7729563053
5,0.6666,7,0.3333,0.6666,7,0.6666,85.229376859
5,0.6666,7,0.3333,0.6666,7,0.6666,82.7882727813
5,0.6666,7,0.3333,0.6666,7,0.6666,82.2883061364
5,0.6666,7,0.6666,0.3333,7,0.3333,81.7226367837
5,0.6666,7,0.6666,0.3333,7,0.3333,81.809486197
5,0.6666,7,0.6666,0.3333,7,0.3333,86.5776839748
5,0.6666,7,0.6666,0.3333,7,0.3333,87.0949662962
5,0.6666,7,0.6666,0.3333,7,0.3333,83.7188278102
5,0.6666,7,0.6666,0.3333,7,0.6666,86.5030214921
5,0.6666,7,0.6666,0.3333,7,0.6666,84.2995042057
5,0.6666,7,0.6666,0.3333,7,0.6666,85.8471726728
5,0.6666,7,0.6666,0.3333,7,0.6666,85.7479162683
5,0.6666,7,0.6666,0.3333,7,0.6666,87.0343902986
5,0.6666,7,0.6666,0.6666,7,0.3333,83.6897796612
5,0.6666,7,0.6666,0.6666,7,0.3333,84.3796197898
5,0.6666,7,0.6666,0.6666,7,0.3333,83.6115259532
5,0.6666,7,0.6666,0.6666,7,0.3333,83.3915527639
5,0.6666,7,0.6666,0.6666,7,0.3333,84.5141955832
5,0.6666,7,0.6666,0.6666,7,0.6666,86.3662359159
5,0.6666,7,0.6666,0.6666,7,0.6666,85.0451838388
5,0.6666,7,0.6666,0.6666,7,0.6666,87.8006124299
5,0.6666,7,0.6666,0.6666,7,0.6666,82.3529144472
5,0.6666,7,0.6666,0.6666,7,0.6666,83.3987851501
10,0.3333,7,0.3333,0.3333,7,0.3333,74.0742096442
10,0.3333,7,0.3333,0.3333,7,0.3333,74.1046738427
10,0.3333,7,0.3333,0.3333,7,0.3333,72.5625516431
10,0.3333,7,0.3333,0.3333,7,0.3333,75.5288813743
10,0.3333,7,0.3333,0.3333,7,0.3333,75.0618740463
10,0.3333,7,0.3333,0.3333,7,0.6666,73.3030279407
10,0.3333,7,0.3333,0.3333,7,0.6666,74.7745182575
10,0.3333,7,0.3333,0.3333,7,0.6666,74.8424741976
10,0.3333,7,0.3333,0.3333,7,0.6666,75.390887199
10,0.3333,7,0.3333,0.3333,7,0.6666,73.7721250578
10,0.3333,7,0.3333,0.6666,7,0.3333,73.1922959816
10,0.3333,7,0.3333,0.6666,7,0.3333,75.039931534
10,0.3333,7,0.3333,0.6666,7,0.3333,72.0407646827
10,0.3333,7,0.3333,0.6666,7,0.3333,73.0894215382
10,0.3333,7,0.3333,0.6666,7,0.3333,71.4601975871
10,0.3333,7,0.3333,0.6666,7,0.6666,74.7107416454
10,0.3333,7,0.3333,0.6666,7,0.6666,76.9547872717
10,0.3333,7,0.3333,0.6666,7,0.6666,73.0726015711
10,0.3333,7,0.3333,0.6666,7,0.6666,73.1964143318
10,0.3333,7,0.3333,0.6666,7,0.6666,76.8935339037
10,0.3333,7,0.6666,0.3333,7,0.3333,74.741004503
10,0.3333,7,0.6666,0.3333,7,0.3333,74.2907378727
10,0.3333,7,0.6666,0.3333,7,0.3333,75.9722945238
10,0.3333,7,0.6666,0.3333,7,0.3333,76.840221789
10,0.3333,7,0.6666,0.3333,7,0.3333,74.1587770692
10,0.3333,7,0.6666,0.3333,7,0.6666,73.8464510466
10,0.3333,7,0.6666,0.3333,7,0.6666,73.2948617572
10,0.3333,7,0.6666,0.3333,7,0.6666,71.7292131948
10,0.3333,7,0.6666,0.3333,7,0.6666,75.5704343711
10,0.3333,7,0.6666,0.3333,7,0.6666,71.8906284019
10,0.3333,7,0.6666,0.6666,7,0.3333,74.383660341
10,0.3333,7,0.6666,0.6666,7,0.3333,75.3676825293
10,0.3333,7,0.6666,0.6666,7,0.3333,72.3199156064
10,0.3333,7,0.6666,0.6666,7,0.3333,71.9000692508
10,0.3333,7,0.6666,0.6666,7,0.3333,71.1977549765
10,0.3333,7,0.6666,0.6666,7,0.6666,75.2252638638
10,0.3333,7,0.6666,0.6666,7,0.6666,70.0214110061
10,0.3333,7,0.6666,0.6666,7,0.6666,76.259398812
10,0.3333,7,0.6666,0.6666,7,0.6666,73.8797970863
10,0.3333,7,0.6666,0.6666,7,0.6666,76.9433818483
10,0.6666,7,0.3333,0.3333,7,0.3333,76.519096245
10,0.6666,7,0.3333,0.3333,7,0.3333,71.0116398967
10,0.6666,7,0.3333,0.3333,7,0.3333,73.1108357527
10,0.6666,7,0.3333,0.3333,7,0.3333,72.8138967844
10,0.6666,7,0.3333,0.3333,7,0.3333,72.1754657743
10,0.6666,7,0.3333,0.3333,7,0.6666,79.6527577898
10,0.6666,7,0.3333,0.3333,7,0.6666,75.1936512625
10,0.6666,7,0.3333,0.3333,7,0.6666,74.404444376
10,0.6666,7,0.3333,0.3333,7,0.6666,72.2343629182
10,0.6666,7,0.3333,0.3333,7,0.6666,70.4536762675
10,0.6666,7,0.3333,0.6666,7,0.3333,72.5963637536
10,0.6666,7,0.3333,0.6666,7,0.3333,69.7729798051
10,0.6666,7,0.3333,0.6666,7,0.3333,71.7544843691
10,0.6666,7,0.3333,0.6666,7,0.3333,68.2921621788
10,0.6666,7,0.3333,0.6666,7,0.3333,69.800987268
10,0.6666,7,0.3333,0.6666,7,0.6666,67.8761422751
10,0.6666,7,0.3333,0.6666,7,0.6666,71.6648722056
10,0.6666,7,0.3333,0.6666,7,0.6666,70.0163025087
10,0.6666,7,0.3333,0.6666,7,0.6666,69.7010946523
10,0.6666,7,0.3333,0.6666,7,0.6666,68.2319645065
10,0.6666,7,0.6666,0.3333,7,0.3333,76.0868625585
10,0.6666,7,0.6666,0.3333,7,0.3333,68.8841416694
10,0.6666,7,0.6666,0.3333,7,0.3333,70.4323148902
10,0.6666,7,0.6666,0.3333,7,0.3333,72.9823216438
10,0.6666,7,0.6666,0.3333,7,0.3333,77.0621925949
10,0.6666,7,0.6666,0.3333,7,0.6666,70.9278583782
10,0.6666,7,0.6666,0.3333,7,0.6666,72.6058646762
10,0.6666,7,0.6666,0.3333,7,0.6666,70.959466422
10,0.6666,7,0.6666,0.3333,7,0.6666,67.9800932627
10,0.6666,7,0.6666,0.3333,7,0.6666,66.2968045984
10,0.6666,7,0.6666,0.6666,7,0.3333,69.9104753617
10,0.6666,7,0.6666,0.6666,7,0.3333,70.4996982308
10,0.6666,7,0.6666,0.6666,7,0.3333,70.1424573424
10,0.6666,7,0.6666,0.6666,7,0.3333,68.965952651
10,0.6666,7,0.6666,0.6666,7,0.3333,69.4740978068
10,0.6666,7,0.6666,0.6666,7,0.6666,71.3048241772
10,0.6666,7,0.6666,0.6666,7,0.6666,69.2955843717
10,0.6666,7,0.6666,0.6666,7,0.6666,68.0711889153
10,0.6666,7,0.6666,0.6666,7,0.6666,70.4669963119
10,0.6666,7,0.6666,0.6666,7,0.6666,68.3037773263
20,0.3333,7,0.3333,0.3333,7,0.3333,58.3816963055
20,0.3333,7,0.3333,0.3333,7,0.3333,61.9807146458
20,0.3333,7,0.3333,0.3333,7,0.3333,61.4784737868
20,0.3333,7,0.3333,0.3333,7,0.3333,57.5972328678
20,0.3333,7,0.3333,0.3333,7,0.3333,60.5668526783
20,0.3333,7,0.3333,0.3333,7,0.6666,62.3183610977
20,0.3333,7,0.3333,0.3333,7,0.6666,67.3640280938
20,0.3333,7,0.3333,0.3333,7,0.6666,62.8391739682
20,0.3333,7,0.3333,0.3333,7,0.6666,59.6220977042
20,0.3333,7,0.3333,0.3333,7,0.6666,66.892646861
20,0.3333,7,0.3333,0.6666,7,0.3333,66.4570880957
20,0.3333,7,0.3333,0.6666,7,0.3333,59.6261772549
20,0.3333,7,0.3333,0.6666,7,0.3333,59.4491919017
20,0.3333,7,0.3333,0.6666,7,0.3333,61.0209959227
20,0.3333,7,0.3333,0.6666,7,0.3333,59.5505100027
20,0.3333,7,0.3333,0.6666,7,0.6666,52.0905691382
20,0.3333,7,0.3333,0.6666,7,0.6666,60.1996994797
20,0.3333,7,0.3333,0.6666,7,0.6666,57.4653498222
20,0.3333,7,0.3333,0.6666,7,0.6666,54.5114194027
20,0.3333,7,0.3333,0.6666,7,0.6666,64.3373963298
20,0.3333,7,0.6666,0.3333,7,0.3333,62.9126927154
20,0.3333,7,0.6666,0.3333,7,0.3333,63.6025040324
20,0.3333,7,0.6666,0.3333,7,0.3333,65.2574388895
20,0.3333,7,0.6666,0.3333,7,0.3333,59.7605564671
20,0.3333,7,0.6666,0.3333,7,0.3333,53.3958312064
20,0.3333,7,0.6666,0.3333,7,0.6666,62.0144138431
20,0.3333,7,0.6666,0.3333,7,0.6666,58.7281170719
20,0.3333,7,0.6666,0.3333,7,0.6666,59.5479713763
20,0.3333,7,0.6666,0.3333,7,0.6666,60.924691181
20,0.3333,7,0.6666,0.3333,7,0.6666,64.3217275867
20,0.3333,7,0.6666,0.6666,7,0.3333,64.1332536451
20,0.3333,7,0.6666,0.6666,7,0.3333,55.9016477167
20,0.3333,7,0.6666,0.6666,7,0.3333,57.081275461
20,0.3333,7,0.6666,0.6666,7,0.3333,59.9560764855
20,0.3333,7,0.6666,0.6666,7,0.3333,59.4815023986
20,0.3333,7,0.6666,0.6666,7,0.6666,54.3008923548
20,0.3333,7,0.6666,0.6666,7,0.6666,65.652269152
20,0.3333,7,0.6666,0.6666,7,0.6666,55.9539753175
20,0.3333,7,0.6666,0.6666,7,0.6666,61.1200031496
20,0.3333,7,0.6666,0.6666,7,0.6666,64.2843915392
20,0.6666,7,0.3333,0.3333,7,0.3333,56.6666402506
20,0.6666,7,0.3333,0.3333,7,0.3333,56.2817924153
20,0.6666,7,0.3333,0.3333,7,0.3333,54.8857747915
20,0.6666,7,0.3333,0.3333,7,0.3333,55.3373085322
20,0.6666,7,0.3333,0.3333,7,0.3333,54.9789690741
20,0.6666,7,0.3333,0.3333,7,0.6666,55.1631347732
20,0.6666,7,0.3333,0.3333,7,0.6666,59.2984687521
20,0.6666,7,0.3333,0.3333,7,0.6666,57.1064940583
20,0.6666,7,0.3333,0.3333,7,0.6666,55.2517330322
20,0.6666,7,0.3333,0.3333,7,0.6666,61.3485969204
20,0.6666,7,0.3333,0.6666,7,0.3333,53.8079587908
20,0.6666,7,0.3333,0.6666,7,0.3333,57.7951120202
20,0.6666,7,0.3333,0.6666,7,0.3333,57.5897278171
20,0.6666,7,0.3333,0.6666,7,0.3333,58.8881902711
20,0.6666,7,0.3333,0.6666,7,0.3333,53.705090849
20,0.6666,7,0.3333,0.6666,7,0.6666,55.2412379292
20,0.6666,7,0.3333,0.6666,7,0.6666,53.850792605
20,0.6666,7,0.3333,0.6666,7,0.6666,57.3659559714
20,0.6666,7,0.3333,0.6666,7,0.6666,57.8807858936
20,0.6666,7,0.3333,0.6666,7,0.6666,66.049262917
20,0.6666,7,0.6666,0.3333,7,0.3333,60.7468094177
20,0.6666,7,0.6666,0.3333,7,0.3333,56.1238313985
20,0.6666,7,0.6666,0.3333,7,0.3333,60.7688757859
20,0.6666,7,0.6666,0.3333,7,0.3333,56.6104211705
20,0.6666,7,0.6666,0.3333,7,0.3333,56.8033642207
20,0.6666,7,0.6666,0.3333,7,0.6666,58.1854340592
20,0.6666,7,0.6666,0.3333,7,0.6666,63.1823516405
20,0.6666,7,0.6666,0.3333,7,0.6666,55.1569020116
20,0.6666,7,0.6666,0.3333,7,0.6666,56.8122286543
20,0.6666,7,0.6666,0.3333,7,0.6666,60.6287709984
20,0.6666,7,0.6666,0.6666,7,0.3333,60.9992543307
20,0.6666,7,0.6666,0.6666,7,0.3333,55.5114071199
20,0.6666,7,0.6666,0.6666,7,0.3333,59.9143841408
20,0.6666,7,0.6666,0.6666,7,0.3333,55.5471917796
20,0.6666,7,0.6666,0.6666,7,0.3333,60.2644650152
20,0.6666,7,0.6666,0.6666,7,0.6666,60.6369114179
20,0.6666,7,0.6666,0.6666,7,0.6666,59.878821605
20,0.6666,7,0.6666,0.6666,7,0.6666,59.2076480074
20,0.6666,7,0.6666,0.6666,7,0.6666,53.8759549943
20,0.6666,7,0.6666,0.6666,7,0.6666,54.8860654306
30,0.3333,7,0.3333,0.3333,7,0.3333,54.0379649611
30,0.3333,7,0.3333,0.3333,7,0.3333,57.2439930115
30,0.3333,7,0.3333,0.3333,7,0.3333,58.1723238378
30,0.3333,7,0.3333,0.3333,7,0.3333,60.0221398929
30,0.3333,7,0.3333,0.3333,7,0.3333,58.2916367645
30,0.3333,7,0.3333,0.3333,7,0.6666,52.0627835522
30,0.3333,7,0.3333,0.3333,7,0.6666,53.9283669492
30,0.3333,7,0.3333,0.3333,7,0.6666,55.3976874258
30,0.3333,7,0.3333,0.3333,7,0.6666,54.1093637308
30,0.3333,7,0.3333,0.3333,7,0.6666,53.1908145211
30,0.3333,7,0.3333,0.6666,7,0.3333,59.6593821133
30,0.3333,7,0.3333,0.6666,7,0.3333,56.4846253491
30,0.3333,7,0.3333,0.6666,7,0.3333,54.1338311138
30,0.3333,7,0.3333,0.6666,7,0.3333,55.6480829347
30,0.3333,7,0.3333,0.6666,7,0.3333,50.9268940112
30,0.3333,7,0.3333,0.6666,7,0.6666,51.6753474657
30,0.3333,7,0.3333,0.6666,7,0.6666,50.0132726889
30,0.3333,7,0.3333,0.6666,7,0.6666,55.6977054176
30,0.3333,7,0.3333,0.6666,7,0.6666,50.552485163
30,0.3333,7,0.3333,0.6666,7,0.6666,53.4578790911
30,0.3333,7,0.6666,0.3333,7,0.3333,53.8462156735
30,0.3333,7,0.6666,0.3333,7,0.3333,56.1576480473
30,0.3333,7,0.6666,0.3333,7,0.3333,57.5635674823
30,0.3333,7,0.6666,0.3333,7,0.3333,52.6146528567
30,0.3333,7,0.6666,0.3333,7,0.3333,51.8030318737
30,0.3333,7,0.6666,0.3333,7,0.6666,53.6649047139
30,0.3333,7,0.6666,0.3333,7,0.6666,55.7245092557
30,0.3333,7,0.6666,0.3333,7,0.6666,53.8841458034
30,0.3333,7,0.6666,0.3333,7,0.6666,55.8670638442
30,0.3333,7,0.6666,0.3333,7,0.6666,61.5207962216
30,0.3333,7,0.6666,0.6666,7,0.3333,50.4083219538
30,0.3333,7,0.6666,0.6666,7,0.3333,48.4560310034
30,0.3333,7,0.6666,0.6666,7,0.3333,56.9939449334
30,0.3333,7,0.6666,0.6666,7,0.3333,56.1354675048
30,0.3333,7,0.6666,0.6666,7,0.3333,50.1670199069
30,0.3333,7,0.6666,0.6666,7,0.6666,51.542527214
30,0.3333,7,0.6666,0.6666,7,0.6666,50.2344028019
30,0.3333,7,0.6666,0.6666,7,0.6666,54.6438663342
30,0.3333,7,0.6666,0.6666,7,0.6666,54.8928085581
30,0.3333,7,0.6666,0.6666,7,0.6666,54.047533296
30,0.6666,7,0.3333,0.3333,7,0.3333,53.9057726957
30,0.6666,7,0.3333,0.3333,7,0.3333,50.0924979594
30,0.6666,7,0.3333,0.3333,7,0.3333,49.786996997
30,0.6666,7,0.3333,0.3333,7,0.3333,52.3129131221
30,0.6666,7,0.3333,0.3333,7,0.3333,51.5897630843
30,0.6666,7,0.3333,0.3333,7,0.6666,49.6160857179
30,0.6666,7,0.3333,0.3333,7,0.6666,55.5713125624
30,0.6666,7,0.3333,0.3333,7,0.6666,54.3326463595
30,0.6666,7,0.3333,0.3333,7,0.6666,52.2927729278
30,0.6666,7,0.3333,0.3333,7,0.6666,52.1300760195
30,0.6666,7,0.3333,0.6666,7,0.3333,47.2606754328
30,0.6666,7,0.3333,0.6666,7,0.3333,49.7080223039
30,0.6666,7,0.3333,0.6666,7,0.3333,55.5029734226
30,0.6666,7,0.3333,0.6666,7,0.3333,54.3609110914
30,0.6666,7,0.3333,0.6666,7,0.3333,48.7154735547
30,0.6666,7,0.3333,0.6666,7,0.6666,48.6398551056
30,0.6666,7,0.3333,0.6666,7,0.6666,50.683521
30,0.6666,7,0.3333,0.6666,7,0.6666,52.2268859088
30,0.6666,7,0.3333,0.6666,7,0.6666,50.8757139873
30,0.6666,7,0.3333,0.6666,7,0.6666,47.8664508713
30,0.6666,7,0.6666,0.3333,7,0.3333,51.7364697026
30,0.6666,7,0.6666,0.3333,7,0.3333,51.6019727175
30,0.6666,7,0.6666,0.3333,7,0.3333,53.55761033
30,0.6666,7,0.6666,0.3333,7,0.3333,50.2758270552
30,0.6666,7,0.6666,0.3333,7,0.3333,48.7591625756
30,0.6666,7,0.6666,0.3333,7,0.6666,51.3327816385
30,0.6666,7,0.6666,0.3333,7,0.6666,56.5944001807
30,0.6666,7,0.6666,0.3333,7,0.6666,53.9302485245
30,0.6666,7,0.6666,0.3333,7,0.6666,51.6791973744
30,0.6666,7,0.6666,0.3333,7,0.6666,50.2823416068
30,0.6666,7,0.6666,0.6666,7,0.3333,50.2430133388
30,0.6666,7,0.6666,0.6666,7,0.3333,49.1784775012
30,0.6666,7,0.6666,0.6666,7,0.3333,50.9058048502
30,0.6666,7,0.6666,0.6666,7,0.3333,50.5338051136
30,0.6666,7,0.6666,0.6666,7,0.3333,49.9594721618
30,0.6666,7,0.6666,0.6666,7,0.6666,49.5494091097
30,0.6666,7,0.6666,0.6666,7,0.6666,52.4203897586
30,0.6666,7,0.6666,0.6666,7,0.6666,49.98791445
30,0.6666,7,0.6666,0.6666,7,0.6666,48.1929710018
30,0.6666,7,0.6666,0.6666,7,0.6666,54.1085425242
1,0.3333,7,0.3333,0.3333,7,0.3333,102.627874548
1,0.3333,7,0.3333,0.3333,7,0.3333,101.763323804
1,0.3333,7,0.3333,0.3333,7,0.3333,101.258457386
1,0.3333,7,0.3333,0.3333,7,0.3333,101.250283095
1,0.3333,7,0.3333,0.3333,7,0.3333,101.757633408
1,0.3333,7,0.3333,0.3333,7,0.6666,100.575170569
1,0.3333,7,0.3333,0.3333,7,0.6666,102.402215187
1,0.3333,7,0.3333,0.3333,7,0.6666,105.198461268
1,0.3333,7,0.3333,0.3333,7,0.6666,102.005993357
1,0.3333,7,0.3333,0.3333,7,0.6666,100.873419984
1,0.3333,7,0.3333,0.6666,7,0.3333,100.146131176
1,0.3333,7,0.3333,0.6666,7,0.3333,99.9166612034
1,0.3333,7,0.3333,0.6666,7,0.3333,101.492037597
1,0.3333,7,0.3333,0.6666,7,0.3333,100.885460974
1,0.3333,7,0.3333,0.6666,7,0.3333,103.139830058
1,0.3333,7,0.3333,0.6666,7,0.6666,100.262528286
1,0.3333,7,0.3333,0.6666,7,0.6666,99.0279686713
1,0.3333,7,0.3333,0.6666,7,0.6666,99.988277214
1,0.3333,7,0.3333,0.6666,7,0.6666,98.2498579999
1,0.3333,7,0.3333,0.6666,7,0.6666,99.2505818497
1,0.3333,7,0.6666,0.3333,7,0.3333,102.205481476
1,0.3333,7,0.6666,0.3333,7,0.3333,103.44725479
1,0.3333,7,0.6666,0.3333,7,0.3333,100.368020574
1,0.3333,7,0.6666,0.3333,7,0.3333,102.078175962
1,0.3333,7,0.6666,0.3333,7,0.3333,102.926906058
1,0.3333,7,0.6666,0.3333,7,0.6666,102.208515885
1,0.3333,7,0.6666,0.3333,7,0.6666,100.538244559
1,0.3333,7,0.6666,0.3333,7,0.6666,101.532861204
1,0.3333,7,0.6666,0.3333,7,0.6666,104.61907434
1,0.3333,7,0.6666,0.3333,7,0.6666,101.962454646
1,0.3333,7,0.6666,0.6666,7,0.3333,100.00123166
1,0.3333,7,0.6666,0.6666,7,0.3333,100.683104258
1,0.3333,7,0.6666,0.6666,7,0.3333,99.8227188604
1,0.3333,7,0.6666,0.6666,7,0.3333,97.3538273775
1,0.3333,7,0.6666,0.6666,7,0.3333,100.200726943
1,0.3333,7,0.6666,0.6666,7,0.6666,98.2890735816
1,0.3333,7,0.6666,0.6666,7,0.6666,101.714208903
1,0.3333,7,0.6666,0.6666,7,0.6666,99.9523115796
1,0.3333,7,0.6666,0.6666,7,0.6666,99.7219658543
1,0.3333,7,0.6666,0.6666,7,0.6666,99.4679477096
1,0.6666,7,0.3333,0.3333,7,0.3333,99.0781338739
1,0.6666,7,0.3333,0.3333,7,0.3333,97.0613711016
1,0.6666,7,0.3333,0.3333,7,0.3333,97.6739455017
1,0.6666,7,0.3333,0.3333,7,0.3333,98.6532342624
1,0.6666,7,0.3333,0.3333,7,0.3333,98.5423271353
1,0.6666,7,0.3333,0.3333,7,0.6666,97.6448312801
1,0.6666,7,0.3333,0.3333,7,0.6666,100.174712219
1,0.6666,7,0.3333,0.3333,7,0.6666,99.11918491
1,0.6666,7,0.3333,0.3333,7,0.6666,98.8352924053
1,0.6666,7,0.3333,0.3333,7,0.6666,99.1868182268
1,0.6666,7,0.3333,0.6666,7,0.3333,95.3674285081
1,0.6666,7,0.3333,0.6666,7,0.3333,96.6483773778
1,0.6666,7,0.3333,0.6666,7,0.3333,96.2032008491
1,0.6666,7,0.3333,0.6666,7,0.3333,95.3692239103
1,0.6666,7,0.3333,0.6666,7,0.3333,95.9709432462
1,0.6666,7,0.3333,0.6666,7,0.6666,97.0134641792
1,0.6666,7,0.3333,0.6666,7,0.6666,95.8873160365
1,0.6666,7,0.3333,0.6666,7,0.6666,96.5793197536
1,0.6666,7,0.3333,0.6666,7,0.6666,97.3073577697
1,0.6666,7,0.3333,0.6666,7,0.6666,96.6118144492
1,0.6666,7,0.6666,0.3333,7,0.3333,99.5352784465
1,0.6666,7,0.6666,0.3333,7,0.3333,97.1601211691
1,0.6666,7,0.6666,0.3333,7,0.3333,98.4547000469
1,0.6666,7,0.6666,0.3333,7,0.3333,100.085860784
1,0.6666,7,0.6666,0.3333,7,0.3333,98.9722460227
1,0.6666,7,0.6666,0.3333,7,0.6666,98.2115207939
1,0.6666,7,0.6666,0.3333,7,0.6666,97.825869196
1,0.6666,7,0.6666,0.3333,7,0.6666,99.2921153187
1,0.6666,7,0.6666,0.3333,7,0.6666,98.8080518463
1,0.6666,7,0.6666,0.3333,7,0.6666,98.4482605147
1,0.6666,7,0.6666,0.6666,7,0.3333,94.8210098454
1,0.6666,7,0.6666,0.6666,7,0.3333,96.900877864
1,0.6666,7,0.6666,0.6666,7,0.3333,95.5608543677
1,0.6666,7,0.6666,0.6666,7,0.3333,99.3935050971
1,0.6666,7,0.6666,0.6666,7,0.3333,97.5086628016
1,0.6666,7,0.6666,0.6666,7,0.6666,96.8399523413
1,0.6666,7,0.6666,0.6666,7,0.6666,97.3588058062
1,0.6666,7,0.6666,0.6666,7,0.6666,96.3646551442
1,0.6666,7,0.6666,0.6666,7,0.6666,98.8905337257
1,0.6666,7,0.6666,0.6666,7,0.6666,95.8287184892
5,0.3333,7,0.3333,0.3333,7,0.3333,85.0903397921
5,0.3333,7,0.3333,0.3333,7,0.3333,91.5655139782
5,0.3333,7,0.3333,0.3333,7,0.3333,88.9407226972
5,0.3333,7,0.3333,0.3333,7,0.3333,84.2035171285
5,0.3333,7,0.3333,0.3333,7,0.3333,89.6914267086
5,0.3333,7,0.3333,0.3333,7,0.6666,87.5193229512
5,0.3333,7,0.3333,0.3333,7,0.6666,84.9029762598
5,0.3333,7,0.3333,0.3333,7,0.6666,86.5833079708
5,0.3333,7,0.3333,0.3333,7,0.6666,83.8096505363
5,0.3333,7,0.3333,0.3333,7,0.6666,90.283088014
5,0.3333,7,0.3333,0.6666,7,0.3333,87.8882156613
5,0.3333,7,0.3333,0.6666,7,0.3333,94.2133740303
5,0.3333,7,0.3333,0.6666,7,0.3333,84.5496836256
5,0.3333,7,0.3333,0.6666,7,0.3333,88.0447064064
5,0.3333,7,0.3333,0.6666,7,0.3333,83.7353025037
5,0.3333,7,0.3333,0.6666,7,0.6666,83.6117486234
5,0.3333,7,0.3333,0.6666,7,0.6666,84.5547071076
5,0.3333,7,0.3333,0.6666,7,0.6666,87.7589918367
5,0.3333,7,0.3333,0.6666,7,0.6666,89.5661676717
5,0.3333,7,0.3333,0.6666,7,0.6666,85.2746147763
5,0.3333,7,0.6666,0.3333,7,0.3333,87.9105529348
5,0.3333,7,0.6666,0.3333,7,0.3333,86.3873737882
5,0.3333,7,0.6666,0.3333,7,0.3333,83.7553243312
5,0.3333,7,0.6666,0.3333,7,0.3333,88.1866770145
5,0.3333,7,0.6666,0.3333,7,0.3333,87.3494944952
5,0.3333,7,0.6666,0.3333,7,0.6666,89.209138085
5,0.3333,7,0.6666,0.3333,7,0.6666,89.3389056212
5,0.3333,7,0.6666,0.3333,7,0.6666,90.5290842126
5,0.3333,7,0.6666,0.3333,7,0.6666,88.9999462261
5,0.3333,7,0.6666,0.3333,7,0.6666,88.0524804099
5,0.3333,7,0.6666,0.6666,7,0.3333,85.942166561
5,0.3333,7,0.6666,0.6666,7,0.3333,87.7791558213
5,0.3333,7,0.6666,0.6666,7,0.3333,84.8275306534
5,0.3333,7,0.6666,0.6666,7,0.3333,87.1989128915
5,0.3333,7,0.6666,0.6666,7,0.3333,92.2117782468
5,0.3333,7,0.6666,0.6666,7,0.6666,88.18303986
5,0.3333,7,0.6666,0.6666,7,0.6666,85.1348756277
5,0.3333,7,0.6666,0.6666,7,0.6666,87.7694589901
5,0.3333,7,0.6666,0.6666,7,0.6666,87.352631623
5,0.3333,7,0.6666,0.6666,7,0.6666,88.0545017275
5,0.6666,7,0.3333,0.3333,7,0.3333,85.0527749445
5,0.6666,7,0.3333,0.3333,7,0.3333,83.6086537091
5,0.6666,7,0.3333,0.3333,7,0.3333,87.7619358017
5,0.6666,7,0.3333,0.3333,7,0.3333,85.1046262749
5,0.6666,7,0.3333,0.3333,7,0.3333,85.2034054305
5,0.6666,7,0.3333,0.3333,7,0.6666,88.8756718906
5,0.6666,7,0.3333,0.3333,7,0.6666,87.2185330894
5,0.6666,7,0.3333,0.3333,7,0.6666,87.9869857789
5,0.6666,7,0.3333,0.3333,7,0.6666,86.0607580647
5,0.6666,7,0.3333,0.3333,7,0.6666,89.5865700315
5,0.6666,7,0.3333,0.6666,7,0.3333,79.8179572345
5,0.6666,7,0.3333,0.6666,7,0.3333,83.8594073208
5,0.6666,7,0.3333,0.6666,7,0.3333,88.7180419484
5,0.6666,7,0.3333,0.6666,7,0.3333,83.1385977581
5,0.6666,7,0.3333,0.6666,7,0.3333,85.0436507798
5,0.6666,7,0.3333,0.6666,7,0.6666,80.613586981
5,0.6666,7,0.3333,0.6666,7,0.6666,87.8687561131
5,0.6666,7,0.3333,0.6666,7,0.6666,80.4231870567
5,0.6666,7,0.3333,0.6666,7,0.6666,82.660286407
5,0.6666,7,0.3333,0.6666,7,0.6666,81.8092183245
5,0.6666,7,0.6666,0.3333,7,0.3333,82.7873795132
5,0.6666,7,0.6666,0.3333,7,0.3333,85.2273429356
5,0.6666,7,0.6666,0.3333,7,0.3333,87.1684098779
5,0.6666,7,0.6666,0.3333,7,0.3333,85.1859894097
5,0.6666,7,0.6666,0.3333,7,0.3333,83.4222034515
5,0.6666,7,0.6666,0.3333,7,0.6666,84.677662841
5,0.6666,7,0.6666,0.3333,7,0.6666,80.2018720962
5,0.6666,7,0.6666,0.3333,7,0.6666,84.0555460935
5,0.6666,7,0.6666,0.3333,7,0.6666,84.1816730941
5,0.6666,7,0.6666,0.3333,7,0.6666,87.002909878
5,0.6666,7,0.6666,0.6666,7,0.3333,82.000850562
5,0.6666,7,0.6666,0.6666,7,0.3333,81.8413813873
5,0.6666,7,0.6666,0.6666,7,0.3333,86.7080150442
5,0.6666,7,0.6666,0.6666,7,0.3333,82.7599449338
5,0.6666,7,0.6666,0.6666,7,0.3333,81.0765273338
5,0.6666,7,0.6666,0.6666,7,0.6666,80.4796997469
5,0.6666,7,0.6666,0.6666,7,0.6666,89.7240479076
5,0.6666,7,0.6666,0.6666,7,0.6666,88.2379858495
5,0.6666,7,0.6666,0.6666,7,0.6666,85.707228656
5,0.6666,7,0.6666,0.6666,7,0.6666,86.5026394588
10,0.3333,7,0.3333,0.3333,7,0.3333,73.8746244908
10,0.3333,7,0.3333,0.3333,7,0.3333,77.81342131
10,0.3333,7,0.3333,0.3333,7,0.3333,74.7374261616
10,0.3333,7,0.3333,0.3333,7,0.3333,73.6406101122
10,0.3333,7,0.3333,0.3333,7,0.3333,76.6917909193
10,0.3333,7,0.3333,0.3333,7,0.6666,77.1354728816
10,0.3333,7,0.3333,0.3333,7,0.6666,77.0945211101
10,0.3333,7,0.3333,0.3333,7,0.6666,73.070792301
10,0.3333,7,0.3333,0.3333,7,0.6666,72.3620619067
10,0.3333,7,0.3333,0.3333,7,0.6666,76.5689915081
10,0.3333,7,0.3333,0.6666,7,0.3333,75.4617219234
10,0.3333,7,0.3333,0.6666,7,0.3333,75.415370053
10,0.3333,7,0.3333,0.6666,7,0.3333,71.206539764
10,0.3333,7,0.3333,0.6666,7,0.3333,77.4559967489
10,0.3333,7,0.3333,0.6666,7,0.3333,76.6045120802
10,0.3333,7,0.3333,0.6666,7,0.6666,70.9202376082
10,0.3333,7,0.3333,0.6666,7,0.6666,73.8012882214
10,0.3333,7,0.3333,0.6666,7,0.6666,72.4251980719
10,0.3333,7,0.3333,0.6666,7,0.6666,70.9477744486
10,0.3333,7,0.3333,0.6666,7,0.6666,77.9328605971
10,0.3333,7,0.6666,0.3333,7,0.3333,75.7423088594
10,0.3333,7,0.6666,0.3333,7,0.3333,74.4985705531
10,0.3333,7,0.6666,0.3333,7,0.3333,78.9761370954
10,0.3333,7,0.6666,0.3333,7,0.3333,77.4610341328
10,0.3333,7,0.6666,0.3333,7,0.3333,72.3129281623
10,0.3333,7,0.6666,0.3333,7,0.6666,72.9798732842
10,0.3333,7,0.6666,0.3333,7,0.6666,74.7081494865
10,0.3333,7,0.6666,0.3333,7,0.6666,77.4738461876
10,0.3333,7,0.6666,0.3333,7,0.6666,74.2731587075
10,0.3333,7,0.6666,0.3333,7,0.6666,78.2663962362
10,0.3333,7,0.6666,0.6666,7,0.3333,73.4828629851
10,0.3333,7,0.6666,0.6666,7,0.3333,74.7973662865
10,0.3333,7,0.6666,0.6666,7,0.3333,72.2332028153
10,0.3333,7,0.6666,0.6666,7,0.3333,75.0946421451
10,0.3333,7,0.6666,0.6666,7,0.3333,74.9106594513
10,0.3333,7,0.6666,0.6666,7,0.6666,75.0862835271
10,0.3333,7,0.6666,0.6666,7,0.6666,72.8829349969
10,0.3333,7,0.6666,0.6666,7,0.6666,73.6148686507
10,0.3333,7,0.6666,0.6666,7,0.6666,74.7472795869
10,0.3333,7,0.6666,0.6666,7,0.6666,74.4641717659
10,0.6666,7,0.3333,0.3333,7,0.3333,73.4502844035
10,0.6666,7,0.3333,0.3333,7,0.3333,73.5421850515
10,0.6666,7,0.3333,0.3333,7,0.3333,77.3741951913
10,0.6666,7,0.3333,0.3333,7,0.3333,75.0046292096
10,0.6666,7,0.3333,0.3333,7,0.3333,68.8750041753
10,0.6666,7,0.3333,0.3333,7,0.6666,73.332168611
10,0.6666,7,0.3333,0.3333,7,0.6666,74.9218021968
10,0.6666,7,0.3333,0.3333,7,0.6666,74.0558188783
10,0.6666,7,0.3333,0.3333,7,0.6666,70.8154979645
10,0.6666,7,0.3333,0.3333,7,0.6666,72.430357173
10,0.6666,7,0.3333,0.6666,7,0.3333,70.7080677364
10,0.6666,7,0.3333,0.6666,7,0.3333,69.0853925703
10,0.6666,7,0.3333,0.6666,7,0.3333,71.4296955639
10,0.6666,7,0.3333,0.6666,7,0.3333,70.2479760021
10,0.6666,7,0.3333,0.6666,7,0.3333,69.4707437916
10,0.6666,7,0.3333,0.6666,7,0.6666,64.718076032
10,0.6666,7,0.3333,0.6666,7,0.6666,72.5306036771
10,0.6666,7,0.3333,0.6666,7,0.6666,68.3218222796
10,0.6666,7,0.3333,0.6666,7,0.6666,71.8321430368
10,0.6666,7,0.3333,0.6666,7,0.6666,67.6129744854
10,0.6666,7,0.6666,0.3333,7,0.3333,67.9082064067
10,0.6666,7,0.6666,0.3333,7,0.3333,78.3164206812
10,0.6666,7,0.6666,0.3333,7,0.3333,71.4076859885
10,0.6666,7,0.6666,0.3333,7,0.3333,73.8661940989
10,0.6666,7,0.6666,0.3333,7,0.3333,68.4484573318
10,0.6666,7,0.6666,0.3333,7,0.6666,71.4497923306
10,0.6666,7,0.6666,0.3333,7,0.6666,64.9951467361
10,0.6666,7,0.6666,0.3333,7,0.6666,76.1392951985
10,0.6666,7,0.6666,0.3333,7,0.6666,69.2083337743
10,0.6666,7,0.6666,0.3333,7,0.6666,72.9243541884
10,0.6666,7,0.6666,0.6666,7,0.3333,66.8286017166
10,0.6666,7,0.6666,0.6666,7,0.3333,68.1216529514
10,0.6666,7,0.6666,0.6666,7,0.3333,74.4775804263
10,0.6666,7,0.6666,0.6666,7,0.3333,69.8373563052
10,0.6666,7,0.6666,0.6666,7,0.3333,66.6633943997
10,0.6666,7,0.6666,0.6666,7,0.6666,73.7122036028
10,0.6666,7,0.6666,0.6666,7,0.6666,75.9356258478
10,0.6666,7,0.6666,0.6666,7,0.6666,69.3196412349
10,0.6666,7,0.6666,0.6666,7,0.6666,70.4525300001
10,0.6666,7,0.6666,0.6666,7,0.6666,69.8400672083
20,0.3333,7,0.3333,0.3333,7,0.3333,58.7878971446
20,0.3333,7,0.3333,0.3333,7,0.3333,60.7650570862
20,0.3333,7,0.3333,0.3333,7,0.3333,59.007957065
20,0.3333,7,0.3333,0.3333,7,0.3333,63.4470787997
20,0.3333,7,0.3333,0.3333,7,0.3333,60.9435127156
20,0.3333,7,0.3333,0.3333,7,0.6666,67.4213918294
20,0.3333,7,0.3333,0.3333,7,0.6666,63.8866537563
20,0.3333,7,0.3333,0.3333,7,0.6666,55.8118670648
20,0.3333,7,0.3333,0.3333,7,0.6666,59.8370739873
20,0.3333,7,0.3333,0.3333,7,0.6666,62.7160590886
20,0.3333,7,0.3333,0.6666,7,0.3333,66.6762232273
20,0.3333,7,0.3333,0.6666,7,0.3333,59.7947733692
20,0.3333,7,0.3333,0.6666,7,0.3333,68.3841085059
20,0.3333,7,0.3333,0.6666,7,0.3333,65.0372421751
20,0.3333,7,0.3333,0.6666,7,0.3333,64.9761794466
20,0.3333,7,0.3333,0.6666,7,0.6666,63.8888967749
20,0.3333,7,0.3333,0.6666,7,0.6666,58.6319564084
20,0.3333,7,0.3333,0.6666,7,0.6666,57.5424152315
20,0.3333,7,0.3333,0.6666,7,0.6666,63.9382942851
20,0.3333,7,0.3333,0.6666,7,0.6666,60.3500739654
20,0.3333,7,0.6666,0.3333,7,0.3333,60.2217591632
20,0.3333,7,0.6666,0.3333,7,0.3333,60.7887561509
20,0.3333,7,0.6666,0.3333,7,0.3333,62.9638861464
20,0.3333,7,0.6666,0.3333,7,0.3333,55.6163861275
20,0.3333,7,0.6666,0.3333,7,0.3333,59.4084210415
20,0.3333,7,0.6666,0.3333,7,0.6666,62.322238604
20,0.3333,7,0.6666,0.3333,7,0.6666,63.3181817376
20,0.3333,7,0.6666,0.3333,7,0.6666,59.0873973399
20,0.3333,7,0.6666,0.3333,7,0.6666,61.0912379325
20,0.3333,7,0.6666,0.3333,7,0.6666,62.7088750055
20,0.3333,7,0.6666,0.6666,7,0.3333,65.1453974988
20,0.3333,7,0.6666,0.6666,7,0.3333,66.3075162112
20,0.3333,7,0.6666,0.6666,7,0.3333,60.7986404399
20,0.3333,7,0.6666,0.6666,7,0.3333,58.8093230819
20,0.3333,7,0.6666,0.6666,7,0.3333,57.390326536
20,0.3333,7,0.6666,0.6666,7,0.6666,57.2268659178
20,0.3333,7,0.6666,0.6666,7,0.6666,57.1208349474
20,0.3333,7,0.6666,0.6666,7,0.6666,55.6686498055
20,0.3333,7,0.6666,0.6666,7,0.6666,56.8085544984
20,0.3333,7,0.6666,0.6666,7,0.6666,53.2702417481
20,0.6666,7,0.3333,0.3333,7,0.3333,53.2914304539
20,0.6666,7,0.3333,0.3333,7,0.3333,52.4960216568
20,0.6666,7,0.3333,0.3333,7,0.3333,53.6456631371
20,0.6666,7,0.3333,0.3333,7,0.3333,54.6212342403
20,0.6666,7,0.3333,0.3333,7,0.3333,60.7253853183
20,0.6666,7,0.3333,0.3333,7,0.6666,55.1889035132
20,0.6666,7,0.3333,0.3333,7,0.6666,59.3869959232
20,0.6666,7,0.3333,0.3333,7,0.6666,58.7237235015
20,0.6666,7,0.3333,0.3333,7,0.6666,59.1493992347
20,0.6666,7,0.3333,0.3333,7,0.6666,58.6833168378
20,0.6666,7,0.3333,0.6666,7,0.3333,56.3474461089
20,0.6666,7,0.3333,0.6666,7,0.3333,51.8722042898
20,0.6666,7,0.3333,0.6666,7,0.3333,53.9205180038
20,0.6666,7,0.3333,0.6666,7,0.3333,53.3050757167
20,0.6666,7,0.3333,0.6666,7,0.3333,62.5326584098
20,0.6666,7,0.3333,0.6666,7,0.6666,53.0283172553
20,0.6666,7,0.3333,0.6666,7,0.6666,54.9491444386
20,0.6666,7,0.3333,0.6666,7,0.6666,55.4240721879
20,0.6666,7,0.3333,0.6666,7,0.6666,55.4954913797
20,0.6666,7,0.3333,0.6666,7,0.6666,58.4706713544
20,0.6666,7,0.6666,0.3333,7,0.3333,57.6762965986
20,0.6666,7,0.6666,0.3333,7,0.3333,55.1144875421
20,0.6666,7,0.6666,0.3333,7,0.3333,55.1983323255
20,0.6666,7,0.6666,0.3333,7,0.3333,59.3783647377
20,0.6666,7,0.6666,0.3333,7,0.3333,55.561619507
20,0.6666,7,0.6666,0.3333,7,0.6666,56.317726785
20,0.6666,7,0.6666,0.3333,7,0.6666,54.008119135
20,0.6666,7,0.6666,0.3333,7,0.6666,59.4498473305
20,0.6666,7,0.6666,0.3333,7,0.6666,58.1584949812
20,0.6666,7,0.6666,0.3333,7,0.6666,59.619956994
20,0.6666,7,0.6666,0.6666,7,0.3333,57.855929652
20,0.6666,7,0.6666,0.6666,7,0.3333,56.7403266531
20,0.6666,7,0.6666,0.6666,7,0.3333,58.6563640257
20,0.6666,7,0.6666,0.6666,7,0.3333,57.3620737009
20,0.6666,7,0.6666,0.6666,7,0.3333,59.7323397013
20,0.6666,7,0.6666,0.6666,7,0.6666,58.0204345322
20,0.6666,7,0.6666,0.6666,7,0.6666,54.7487998003
20,0.6666,7,0.6666,0.6666,7,0.6666,58.0302293381
20,0.6666,7,0.6666,0.6666,7,0.6666,51.3889034914
20,0.6666,7,0.6666,0.6666,7,0.6666,56.3867143347
30,0.3333,7,0.3333,0.3333,7,0.3333,55.380988302
30,0.3333,7,0.3333,0.3333,7,0.3333,54.9697185127
30,0.3333,7,0.3333,0.3333,7,0.3333,48.090548232
30,0.3333,7,0.3333,0.3333,7,0.3333,50.0591284053
30,0.3333,7,0.3333,0.3333,7,0.3333,55.8341556261
30,0.3333,7,0.3333,0.3333,7,0.6666,52.9090589236
30,0.3333,7,0.3333,0.3333,7,0.6666,53.9185278559
30,0.3333,7,0.3333,0.3333,7,0.6666,51.8783433116
30,0.3333,7,0.3333,0.3333,7,0.6666,51.4861566991
30,0.3333,7,0.3333,0.3333,7,0.6666,52.1769563107
30,0.3333,7,0.3333,0.6666,7,0.3333,55.16477582
30,0.3333,7,0.3333,0.6666,7,0.3333,58.8407212462
30,0.3333,7,0.3333,0.6666,7,0.3333,52.6242297369
30,0.3333,7,0.3333,0.6666,7,0.3333,53.5096642278
30,0.3333,7,0.3333,0.6666,7,0.3333,61.447899485
30,0.3333,7,0.3333,0.6666,7,0.6666,52.4104896099
30,0.3333,7,0.3333,0.6666,7,0.6666,60.8212475615
30,0.3333,7,0.3333,0.6666,7,0.6666,53.774281598
30,0.3333,7,0.3333,0.6666,7,0.6666,53.2001401421
30,0.3333,7,0.3333,0.6666,7,0.6666,48.7164312459
30,0.3333,7,0.6666,0.3333,7,0.3333,58.4653551071
30,0.3333,7,0.6666,0.3333,7,0.3333,55.8737884493
30,0.3333,7,0.6666,0.3333,7,0.3333,52.9670185482
30,0.3333,7,0.6666,0.3333,7,0.3333,58.5808135613
30,0.3333,7,0.6666,0.3333,7,0.3333,52.9439953713
30,0.3333,7,0.6666,0.3333,7,0.6666,57.0613978131
30,0.3333,7,0.6666,0.3333,7,0.6666,52.0898490177
30,0.3333,7,0.6666,0.3333,7,0.6666,54.1056872318
30,0.3333,7,0.6666,0.3333,7,0.6666,51.7497488634
30,0.3333,7,0.6666,0.3333,7,0.6666,49.6700287501
30,0.3333,7,0.6666,0.6666,7,0.3333,58.584885986
30,0.3333,7,0.6666,0.6666,7,0.3333,48.1347118231
30,0.3333,7,0.6666,0.6666,7,0.3333,51.8809075216
30,0.3333,7,0.6666,0.6666,7,0.3333,52.1048805611
30,0.3333,7,0.6666,0.6666,7,0.3333,58.4301791662
30,0.3333,7,0.6666,0.6666,7,0.6666,57.6729984103
30,0.3333,7,0.6666,0.6666,7,0.6666,60.1230011953
30,0.3333,7,0.6666,0.6666,7,0.6666,51.315926604
30,0.3333,7,0.6666,0.6666,7,0.6666,53.2658584589
30,0.3333,7,0.6666,0.6666,7,0.6666,51.0153070627
30,0.6666,7,0.3333,0.3333,7,0.3333,50.6059590196
30,0.6666,7,0.3333,0.3333,7,0.3333,51.1078681582
30,0.6666,7,0.3333,0.3333,7,0.3333,55.6890843389
30,0.6666,7,0.3333,0.3333,7,0.3333,47.464392232
30,0.6666,7,0.3333,0.3333,7,0.3333,52.5632372444
30,0.6666,7,0.3333,0.3333,7,0.6666,49.623235069
30,0.6666,7,0.3333,0.3333,7,0.6666,48.9188781743
30,0.6666,7,0.3333,0.3333,7,0.6666,51.9779366542
30,0.6666,7,0.3333,0.3333,7,0.6666,57.5196722988
30,0.6666,7,0.3333,0.3333,7,0.6666,51.9413322845
30,0.6666,7,0.3333,0.6666,7,0.3333,49.0924681744
30,0.6666,7,0.3333,0.6666,7,0.3333,51.7075530294
30,0.6666,7,0.3333,0.6666,7,0.3333,54.6261767994
30,0.6666,7,0.3333,0.6666,7,0.3333,51.3121449453
30,0.6666,7,0.3333,0.6666,7,0.3333,47.1146759421
30,0.6666,7,0.3333,0.6666,7,0.6666,49.0208945946
30,0.6666,7,0.3333,0.6666,7,0.6666,52.3033966715
30,0.6666,7,0.3333,0.6666,7,0.6666,47.4656104244
30,0.6666,7,0.3333,0.6666,7,0.6666,51.7570558827
30,0.6666,7,0.3333,0.6666,7,0.6666,49.1074059232
30,0.6666,7,0.6666,0.3333,7,0.3333,54.1057302771
30,0.6666,7,0.6666,0.3333,7,0.3333,52.5077904776
30,0.6666,7,0.6666,0.3333,7,0.3333,51.333138769
30,0.6666,7,0.6666,0.3333,7,0.3333,52.4698900542
30,0.6666,7,0.6666,0.3333,7,0.3333,50.7288772253
30,0.6666,7,0.6666,0.3333,7,0.6666,47.9286708914
30,0.6666,7,0.6666,0.3333,7,0.6666,52.7674130992
30,0.6666,7,0.6666,0.3333,7,0.6666,55.7954223549
30,0.6666,7,0.6666,0.3333,7,0.6666,52.3515754017
30,0.6666,7,0.6666,0.3333,7,0.6666,54.6439772943
30,0.6666,7,0.6666,0.6666,7,0.3333,57.5689773743
30,0.6666,7,0.6666,0.6666,7,0.3333,48.1773413648
30,0.6666,7,0.6666,0.6666,7,0.3333,49.2856855975
30,0.6666,7,0.6666,0.6666,7,0.3333,50.5432413502
30,0.6666,7,0.6666,0.6666,7,0.3333,49.7542933342
30,0.6666,7,0.6666,0.6666,7,0.6666,47.8878156178
30,0.6666,7,0.6666,0.6666,7,0.6666,48.9314205166
30,0.6666,7,0.6666,0.6666,7,0.6666,48.3848827251
30,0.6666,7,0.6666,0.6666,7,0.6666,54.0450682966
30,0.6666,7,0.6666,0.6666,7,0.6666,52.3589279596
1,0.24,7,0.53,0.34,7,0.5,102.195652266
1,0.24,7,0.53,0.34,7,0.5,104.740225426
1,0.24,7,0.53,0.34,7,0.5,103.391563229
1,0.24,7,0.53,0.34,7,0.5,103.51145573
1,0.24,7,0.53,0.34,7,0.5,105.121733777
1,0.24,7,0.53,0.34,7,0.7,103.917575394
1,0.24,7,0.53,0.34,7,0.7,102.949663301
1,0.24,7,0.53,0.34,7,0.7,105.721143372
1,0.24,7,0.53,0.34,7,0.7,104.420429006
1,0.24,7,0.53,0.34,7,0.7,102.721698976
1,0.24,7,0.53,0.54,7,0.5,100.882362777
1,0.24,7,0.53,0.54,7,0.5,101.602028411
1,0.24,7,0.53,0.54,7,0.5,103.381154449
1,0.24,7,0.53,0.54,7,0.5,102.596379684
1,0.24,7,0.53,0.54,7,0.5,103.776235782
1,0.24,7,0.53,0.54,7,0.7,100.969252201
1,0.24,7,0.53,0.54,7,0.7,103.602509657
1,0.24,7,0.53,0.54,7,0.7,102.626681141
1,0.24,7,0.53,0.54,7,0.7,101.535123213
1,0.24,7,0.53,0.54,7,0.7,102.152806605
1,0.24,7,0.73,0.34,7,0.5,104.518045776
1,0.24,7,0.73,0.34,7,0.5,103.91621529
1,0.24,7,0.73,0.34,7,0.5,103.848101902
1,0.24,7,0.73,0.34,7,0.5,104.614404275
1,0.24,7,0.73,0.34,7,0.5,105.725453967
1,0.24,7,0.73,0.34,7,0.7,101.897425498
1,0.24,7,0.73,0.34,7,0.7,102.333455756
1,0.24,7,0.73,0.34,7,0.7,104.5745807
1,0.24,7,0.73,0.34,7,0.7,104.530877386
1,0.24,7,0.73,0.34,7,0.7,103.131639917
1,0.24,7,0.73,0.54,7,0.5,101.476402378
1,0.24,7,0.73,0.54,7,0.5,102.894171871
1,0.24,7,0.73,0.54,7,0.5,102.137620197
1,0.24,7,0.73,0.54,7,0.5,103.049601017
1,0.24,7,0.73,0.54,7,0.5,102.40028956
1,0.24,7,0.73,0.54,7,0.7,100.307973777
1,0.24,7,0.73,0.54,7,0.7,101.380667734
1,0.24,7,0.73,0.54,7,0.7,100.555370229
1,0.24,7,0.73,0.54,7,0.7,100.388587979
1,0.24,7,0.73,0.54,7,0.7,102.741899341
1,0.44,7,0.53,0.34,7,0.5,100.103893497
1,0.44,7,0.53,0.34,7,0.5,99.8258319237
1,0.44,7,0.53,0.34,7,0.5,99.5529016519
1,0.44,7,0.53,0.34,7,0.5,101.854370552
1,0.44,7,0.53,0.34,7,0.5,100.18701039
1,0.44,7,0.53,0.34,7,0.7,100.293202555
1,0.44,7,0.53,0.34,7,0.7,100.300095261
1,0.44,7,0.53,0.34,7,0.7,99.6958672875
1,0.44,7,0.53,0.34,7,0.7,100.114928631
1,0.44,7,0.53,0.34,7,0.7,100.769396314
1,0.44,7,0.53,0.54,7,0.5,101.533908071
1,0.44,7,0.53,0.54,7,0.5,99.525758383
1,0.44,7,0.53,0.54,7,0.5,96.699604359
1,0.44,7,0.53,0.54,7,0.5,96.8397338703
1,0.44,7,0.53,0.54,7,0.5,100.069014923
1,0.44,7,0.53,0.54,7,0.7,100.580138895
1,0.44,7,0.53,0.54,7,0.7,99.3401654501
1,0.44,7,0.53,0.54,7,0.7,99.8900884506
1,0.44,7,0.53,0.54,7,0.7,99.7682168043
1,0.44,7,0.53,0.54,7,0.7,98.7425850662
1,0.44,7,0.73,0.34,7,0.5,103.203835837
1,0.44,7,0.73,0.34,7,0.5,100.039823006
1,0.44,7,0.73,0.34,7,0.5,100.621441946
1,0.44,7,0.73,0.34,7,0.5,100.175774353
1,0.44,7,0.73,0.34,7,0.5,102.346967538
1,0.44,7,0.73,0.34,7,0.7,100.236612089
1,0.44,7,0.73,0.34,7,0.7,101.306646237
1,0.44,7,0.73,0.34,7,0.7,98.1969963338
1,0.44,7,0.73,0.34,7,0.7,100.747954879
1,0.44,7,0.73,0.34,7,0.7,100.793758958
1,0.44,7,0.73,0.54,7,0.5,99.2876244279
1,0.44,7,0.73,0.54,7,0.5,100.806542909
1,0.44,7,0.73,0.54,7,0.5,98.9933172889
1,0.44,7,0.73,0.54,7,0.5,100.986708135
1,0.44,7,0.73,0.54,7,0.5,100.295574957
1,0.44,7,0.73,0.54,7,0.7,100.894624271
1,0.44,7,0.73,0.54,7,0.7,99.7991232154
1,0.44,7,0.73,0.54,7,0.7,99.9916454121
1,0.44,7,0.73,0.54,7,0.7,101.404045431
1,0.44,7,0.73,0.54,7,0.7,99.3804560949
5,0.24,7,0.53,0.34,7,0.5,88.6743160997
5,0.24,7,0.53,0.34,7,0.5,87.9623398423
5,0.24,7,0.53,0.34,7,0.5,83.4665505202
5,0.24,7,0.53,0.34,7,0.5,89.8476712653
5,0.24,7,0.53,0.34,7,0.5,87.9868178883
5,0.24,7,0.53,0.34,7,0.7,89.3172072426
5,0.24,7,0.53,0.34,7,0.7,87.9904694869
5,0.24,7,0.53,0.34,7,0.7,94.3411720824
5,0.24,7,0.53,0.34,7,0.7,84.8930063907
5,0.24,7,0.53,0.34,7,0.7,85.7227309229
5,0.24,7,0.53,0.54,7,0.5,84.6006853707
5,0.24,7,0.53,0.54,7,0.5,84.2341486094
5,0.24,7,0.53,0.54,7,0.5,87.5946921132
5,0.24,7,0.53,0.54,7,0.5,90.3259389668
5,0.24,7,0.53,0.54,7,0.5,83.4309463899
5,0.24,7,0.53,0.54,7,0.7,90.826254258
5,0.24,7,0.53,0.54,7,0.7,88.1451863557
5,0.24,7,0.53,0.54,7,0.7,82.1731559902
5,0.24,7,0.53,0.54,7,0.7,87.6787520349
5,0.24,7,0.53,0.54,7,0.7,87.7414095614
5,0.24,7,0.73,0.34,7,0.5,86.3781129338
5,0.24,7,0.73,0.34,7,0.5,86.7299244594
5,0.24,7,0.73,0.34,7,0.5,90.1055840503
5,0.24,7,0.73,0.34,7,0.5,86.2584113308
5,0.24,7,0.73,0.34,7,0.5,87.9583997429
5,0.24,7,0.73,0.34,7,0.7,85.1255779338
5,0.24,7,0.73,0.34,7,0.7,86.0645148876
5,0.24,7,0.73,0.34,7,0.7,87.7048493661
5,0.24,7,0.73,0.34,7,0.7,85.413041091
5,0.24,7,0.73,0.34,7,0.7,88.7985319747
5,0.24,7,0.73,0.54,7,0.5,86.3375934152
5,0.24,7,0.73,0.54,7,0.5,89.122098372
5,0.24,7,0.73,0.54,7,0.5,87.1873877536
5,0.24,7,0.73,0.54,7,0.5,88.1965786828
5,0.24,7,0.73,0.54,7,0.5,86.9055395792
5,0.24,7,0.73,0.54,7,0.7,87.8790921595
5,0.24,7,0.73,0.54,7,0.7,93.2724914596
5,0.24,7,0.73,0.54,7,0.7,85.0663123787
5,0.24,7,0.73,0.54,7,0.7,88.2233620478
5,0.24,7,0.73,0.54,7,0.7,84.64043632
5,0.44,7,0.53,0.34,7,0.5,88.9812559859
5,0.44,7,0.53,0.34,7,0.5,85.2859459057
5,0.44,7,0.53,0.34,7,0.5,85.2475452045
5,0.44,7,0.53,0.34,7,0.5,83.3278307769
5,0.44,7,0.53,0.34,7,0.5,86.3799019091
5,0.44,7,0.53,0.34,7,0.7,88.5270333369
5,0.44,7,0.53,0.34,7,0.7,90.1554987757
5,0.44,7,0.53,0.34,7,0.7,86.228942009
5,0.44,7,0.53,0.34,7,0.7,88.5466864511
5,0.44,7,0.53,0.34,7,0.7,86.3781261519
5,0.44,7,0.53,0.54,7,0.5,86.1491805341
5,0.44,7,0.53,0.54,7,0.5,84.2152767763
5,0.44,7,0.53,0.54,7,0.5,88.3605413673
5,0.44,7,0.53,0.54,7,0.5,89.1414939378
5,0.44,7,0.53,0.54,7,0.5,87.4922636267
5,0.44,7,0.53,0.54,7,0.7,89.1683315969
5,0.44,7,0.53,0.54,7,0.7,83.5981937739
5,0.44,7,0.53,0.54,7,0.7,88.4743888317
5,0.44,7,0.53,0.54,7,0.7,85.4160863752
5,0.44,7,0.53,0.54,7,0.7,82.6271990572
5,0.44,7,0.73,0.34,7,0.5,88.505189245
5,0.44,7,0.73,0.34,7,0.5,87.3243513597
5,0.44,7,0.73,0.34,7,0.5,88.8459181481
5,0.44,7,0.73,0.34,7,0.5,83.2699556813
5,0.44,7,0.73,0.34,7,0.5,83.1563858784
5,0.44,7,0.73,0.34,7,0.7,83.985322924
5,0.44,7,0.73,0.34,7,0.7,87.7063762801
5,0.44,7,0.73,0.34,7,0.7,87.1280147331
5,0.44,7,0.73,0.34,7,0.7,87.2132434153
5,0.44,7,0.73,0.34,7,0.7,85.3843942388
5,0.44,7,0.73,0.54,7,0.5,89.623739723
5,0.44,7,0.73,0.54,7,0.5,84.773418458
5,0.44,7,0.73,0.54,7,0.5,86.712476932
5,0.44,7,0.73,0.54,7,0.5,91.7690814569
5,0.44,7,0.73,0.54,7,0.5,88.6447315562
5,0.44,7,0.73,0.54,7,0.7,87.8529507059
5,0.44,7,0.73,0.54,7,0.7,89.2991873078
5,0.44,7,0.73,0.54,7,0.7,87.4420681513
5,0.44,7,0.73,0.54,7,0.7,87.5780342629
5,0.44,7,0.73,0.54,7,0.7,86.6747772356
10,0.24,7,0.53,0.34,7,0.5,79.3457684105
10,0.24,7,0.53,0.34,7,0.5,76.5646104211
10,0.24,7,0.53,0.34,7,0.5,74.1338367176
10,0.24,7,0.53,0.34,7,0.5,72.6157183179
10,0.24,7,0.53,0.34,7,0.5,74.8241425264
10,0.24,7,0.53,0.34,7,0.7,73.6618675155
10,0.24,7,0.53,0.34,7,0.7,76.9964936809
10,0.24,7,0.53,0.34,7,0.7,73.6551822157
10,0.24,7,0.53,0.34,7,0.7,75.2759510111
10,0.24,7,0.53,0.34,7,0.7,74.5493473265
10,0.24,7,0.53,0.54,7,0.5,73.8784922922
10,0.24,7,0.53,0.54,7,0.5,73.8224300679
10,0.24,7,0.53,0.54,7,0.5,75.4992996061
10,0.24,7,0.53,0.54,7,0.5,76.5557742844
10,0.24,7,0.53,0.54,7,0.5,71.4858604218
10,0.24,7,0.53,0.54,7,0.7,72.9377582285
10,0.24,7,0.53,0.54,7,0.7,77.6538332175
10,0.24,7,0.53,0.54,7,0.7,75.1324583587
10,0.24,7,0.53,0.54,7,0.7,74.2952567853
10,0.24,7,0.53,0.54,7,0.7,74.1263400329
10,0.24,7,0.73,0.34,7,0.5,71.359489941
10,0.24,7,0.73,0.34,7,0.5,77.878221664
10,0.24,7,0.73,0.34,7,0.5,75.620642439
10,0.24,7,0.73,0.34,7,0.5,74.7444889905
10,0.24,7,0.73,0.34,7,0.5,79.7213473963
10,0.24,7,0.73,0.34,7,0.7,74.4236107947
10,0.24,7,0.73,0.34,7,0.7,75.5960021303
10,0.24,7,0.73,0.34,7,0.7,72.9411931355
10,0.24,7,0.73,0.34,7,0.7,74.6094658288
10,0.24,7,0.73,0.34,7,0.7,76.3037870156
10,0.24,7,0.73,0.54,7,0.5,74.2730487322
10,0.24,7,0.73,0.54,7,0.5,74.4624617224
10,0.24,7,0.73,0.54,7,0.5,76.3632950906
10,0.24,7,0.73,0.54,7,0.5,75.5342201018
10,0.24,7,0.73,0.54,7,0.5,74.4417436611
10,0.24,7,0.73,0.54,7,0.7,71.8895210086
10,0.24,7,0.73,0.54,7,0.7,73.8340948918
10,0.24,7,0.73,0.54,7,0.7,76.552683256
10,0.24,7,0.73,0.54,7,0.7,73.0949003891
10,0.24,7,0.73,0.54,7,0.7,75.9372231438
10,0.44,7,0.53,0.34,7,0.5,79.116670901
10,0.44,7,0.53,0.34,7,0.5,76.3784003249
10,0.44,7,0.53,0.34,7,0.5,71.2779911964
10,0.44,7,0.53,0.34,7,0.5,71.2758375766
10,0.44,7,0.53,0.34,7,0.5,77.4874513446
10,0.44,7,0.53,0.34,7,0.7,73.1307180652
10,0.44,7,0.53,0.34,7,0.7,77.9997950032
10,0.44,7,0.53,0.34,7,0.7,74.1945493365
10,0.44,7,0.53,0.34,7,0.7,74.0836398927
10,0.44,7,0.53,0.34,7,0.7,74.0114192952
10,0.44,7,0.53,0.54,7,0.5,71.4122921591
10,0.44,7,0.53,0.54,7,0.5,72.8781894532
10,0.44,7,0.53,0.54,7,0.5,70.823743475
10,0.44,7,0.53,0.54,7,0.5,69.0489312731
10,0.44,7,0.53,0.54,7,0.5,75.6305301261
10,0.44,7,0.53,0.54,7,0.7,75.8119038901
10,0.44,7,0.53,0.54,7,0.7,70.8548525094
10,0.44,7,0.53,0.54,7,0.7,73.7186601555
10,0.44,7,0.53,0.54,7,0.7,72.8951478269
10,0.44,7,0.53,0.54,7,0.7,69.5642403119
10,0.44,7,0.73,0.34,7,0.5,70.5950643804
10,0.44,7,0.73,0.34,7,0.5,73.1942089229
10,0.44,7,0.73,0.34,7,0.5,71.0865663867
10,0.44,7,0.73,0.34,7,0.5,69.3167911013
10,0.44,7,0.73,0.34,7,0.5,79.7161046987
10,0.44,7,0.73,0.34,7,0.7,71.5413712901
10,0.44,7,0.73,0.34,7,0.7,73.7986137548
10,0.44,7,0.73,0.34,7,0.7,73.7928924753
10,0.44,7,0.73,0.34,7,0.7,74.369445676
10,0.44,7,0.73,0.34,7,0.7,77.4763202059
10,0.44,7,0.73,0.54,7,0.5,74.9467148719
10,0.44,7,0.73,0.54,7,0.5,71.7408518147
10,0.44,7,0.73,0.54,7,0.5,73.3477445775
10,0.44,7,0.73,0.54,7,0.5,75.0261200785
10,0.44,7,0.73,0.54,7,0.5,74.0636035819
10,0.44,7,0.73,0.54,7,0.7,73.2996544005
10,0.44,7,0.73,0.54,7,0.7,76.8623150251
10,0.44,7,0.73,0.54,7,0.7,74.1597893553
10,0.44,7,0.73,0.54,7,0.7,69.6851593322
10,0.44,7,0.73,0.54,7,0.7,72.410588652
20,0.24,7,0.53,0.34,7,0.5,62.2151112467
20,0.24,7,0.53,0.34,7,0.5,64.2160084195
20,0.24,7,0.53,0.34,7,0.5,60.2199512978
20,0.24,7,0.53,0.34,7,0.5,58.8135725779
20,0.24,7,0.53,0.34,7,0.5,61.7347815648
20,0.24,7,0.53,0.34,7,0.7,60.0430643656
20,0.24,7,0.53,0.34,7,0.7,61.7007544274
20,0.24,7,0.53,0.34,7,0.7,62.0210729369
20,0.24,7,0.53,0.34,7,0.7,61.1949343025
20,0.24,7,0.53,0.34,7,0.7,65.8608494109
20,0.24,7,0.53,0.54,7,0.5,60.4811743998
20,0.24,7,0.53,0.54,7,0.5,62.9646551368
20,0.24,7,0.53,0.54,7,0.5,56.9933478963
20,0.24,7,0.53,0.54,7,0.5,59.4039141998
20,0.24,7,0.53,0.54,7,0.5,62.2702108359
20,0.24,7,0.53,0.54,7,0.7,59.2183163904
20,0.24,7,0.53,0.54,7,0.7,55.5029904361
20,0.24,7,0.53,0.54,7,0.7,59.7681105184
20,0.24,7,0.53,0.54,7,0.7,61.4916506563
20,0.24,7,0.53,0.54,7,0.7,60.7920538702
20,0.24,7,0.73,0.34,7,0.5,65.086311279
20,0.24,7,0.73,0.34,7,0.5,64.6200317977
20,0.24,7,0.73,0.34,7,0.5,64.9177127117
20,0.24,7,0.73,0.34,7,0.5,59.1909590272
20,0.24,7,0.73,0.34,7,0.5,61.1969873062
20,0.24,7,0.73,0.34,7,0.7,62.3769668585
20,0.24,7,0.73,0.34,7,0.7,53.5504050661
20,0.24,7,0.73,0.34,7,0.7,63.620752142
20,0.24,7,0.73,0.34,7,0.7,59.1351529166
20,0.24,7,0.73,0.34,7,0.7,60.0155551719
20,0.24,7,0.73,0.54,7,0.5,64.4591456573
20,0.24,7,0.73,0.54,7,0.5,56.955737163
20,0.24,7,0.73,0.54,7,0.5,63.4225055435
20,0.24,7,0.73,0.54,7,0.5,61.8306694534
20,0.24,7,0.73,0.54,7,0.5,65.2635644713
20,0.24,7,0.73,0.54,7,0.7,64.3191336162
20,0.24,7,0.73,0.54,7,0.7,62.7655409835
20,0.24,7,0.73,0.54,7,0.7,68.4749729188
20,0.24,7,0.73,0.54,7,0.7,65.9109639685
20,0.24,7,0.73,0.54,7,0.7,61.3604657904
20,0.44,7,0.53,0.34,7,0.5,55.6254137057
20,0.44,7,0.53,0.34,7,0.5,56.8611397047
20,0.44,7,0.53,0.34,7,0.5,59.049313891
20,0.44,7,0.53,0.34,7,0.5,58.538334201
20,0.44,7,0.53,0.34,7,0.5,69.7526374409
20,0.44,7,0.53,0.34,7,0.7,66.6721747594
20,0.44,7,0.53,0.34,7,0.7,63.3567997423
20,0.44,7,0.53,0.34,7,0.7,56.973928315
20,0.44,7,0.53,0.34,7,0.7,57.3408667044
20,0.44,7,0.53,0.34,7,0.7,56.1123407194
20,0.44,7,0.53,0.54,7,0.5,55.3238715347
20,0.44,7,0.53,0.54,7,0.5,54.7701216105
20,0.44,7,0.53,0.54,7,0.5,61.653135159
20,0.44,7,0.53,0.54,7,0.5,55.1485830678
20,0.44,7,0.53,0.54,7,0.5,58.1026896559
20,0.44,7,0.53,0.54,7,0.7,59.2533314646
20,0.44,7,0.53,0.54,7,0.7,59.4058559788
20,0.44,7,0.53,0.54,7,0.7,58.874407339
20,0.44,7,0.53,0.54,7,0.7,56.0254424206
20,0.44,7,0.53,0.54,7,0.7,60.1171418815
20,0.44,7,0.73,0.34,7,0.5,61.38646778
20,0.44,7,0.73,0.34,7,0.5,62.6131454219
20,0.44,7,0.73,0.34,7,0.5,53.2005116793
20,0.44,7,0.73,0.34,7,0.5,62.5308055232
20,0.44,7,0.73,0.34,7,0.5,61.7222823126
20,0.44,7,0.73,0.34,7,0.7,63.2412541157
20,0.44,7,0.73,0.34,7,0.7,67.7880712032
20,0.44,7,0.73,0.34,7,0.7,62.141645817
20,0.44,7,0.73,0.34,7,0.7,64.8461692138
20,0.44,7,0.73,0.34,7,0.7,64.6575914134
20,0.44,7,0.73,0.54,7,0.5,60.8018258092
20,0.44,7,0.73,0.54,7,0.5,67.7193597813
20,0.44,7,0.73,0.54,7,0.5,58.8965314447
20,0.44,7,0.73,0.54,7,0.5,60.363634437
20,0.44,7,0.73,0.54,7,0.5,56.9840573845
20,0.44,7,0.73,0.54,7,0.7,63.7668623466
20,0.44,7,0.73,0.54,7,0.7,53.3607003718
20,0.44,7,0.73,0.54,7,0.7,58.4263086462
20,0.44,7,0.73,0.54,7,0.7,60.4208941749
20,0.44,7,0.73,0.54,7,0.7,58.6648025594
30,0.24,7,0.53,0.34,7,0.5,53.3750141998
30,0.24,7,0.53,0.34,7,0.5,56.9555424948
30,0.24,7,0.53,0.34,7,0.5,54.185950864
30,0.24,7,0.53,0.34,7,0.5,56.3081067924
30,0.24,7,0.53,0.34,7,0.5,60.3437495009
30,0.24,7,0.53,0.34,7,0.7,61.700845139
30,0.24,7,0.53,0.34,7,0.7,56.4378495256
30,0.24,7,0.53,0.34,7,0.7,57.4954994242
30,0.24,7,0.53,0.34,7,0.7,56.6298166486
30,0.24,7,0.53,0.34,7,0.7,52.309122958
30,0.24,7,0.53,0.54,7,0.5,51.4980413514
30,0.24,7,0.53,0.54,7,0.5,52.1676619419
30,0.24,7,0.53,0.54,7,0.5,57.0629925595
30,0.24,7,0.53,0.54,7,0.5,52.2892239608
30,0.24,7,0.53,0.54,7,0.5,58.8064874488
30,0.24,7,0.53,0.54,7,0.7,56.4210863795
30,0.24,7,0.53,0.54,7,0.7,60.771757762
30,0.24,7,0.53,0.54,7,0.7,52.0327085626
30,0.24,7,0.53,0.54,7,0.7,55.9675204102
30,0.24,7,0.53,0.54,7,0.7,53.4540333298
30,0.24,7,0.73,0.34,7,0.5,53.9549781946
30,0.24,7,0.73,0.34,7,0.5,55.5671613589
30,0.24,7,0.73,0.34,7,0.5,54.1424965391
30,0.24,7,0.73,0.34,7,0.5,52.8032642785
30,0.24,7,0.73,0.34,7,0.5,55.0343223452
30,0.24,7,0.73,0.34,7,0.7,53.108518348
30,0.24,7,0.73,0.34,7,0.7,57.8284267631
30,0.24,7,0.73,0.34,7,0.7,50.6247578558
30,0.24,7,0.73,0.34,7,0.7,55.9153488253
30,0.24,7,0.73,0.34,7,0.7,57.4937084329
30,0.24,7,0.73,0.54,7,0.5,50.5888594391
30,0.24,7,0.73,0.54,7,0.5,52.3985611462
30,0.24,7,0.73,0.54,7,0.5,56.6544598466
30,0.24,7,0.73,0.54,7,0.5,58.8189224985
30,0.24,7,0.73,0.54,7,0.5,57.2544972206
30,0.24,7,0.73,0.54,7,0.7,55.4885195106
30,0.24,7,0.73,0.54,7,0.7,55.5093677637
30,0.24,7,0.73,0.54,7,0.7,62.3988520325
30,0.24,7,0.73,0.54,7,0.7,57.2459297744
30,0.24,7,0.73,0.54,7,0.7,59.0858638555
30,0.44,7,0.53,0.34,7,0.5,52.952576522
30,0.44,7,0.53,0.34,7,0.5,47.4015917664
30,0.44,7,0.53,0.34,7,0.5,51.5127100385
30,0.44,7,0.53,0.34,7,0.5,50.6085411819
30,0.44,7,0.53,0.34,7,0.5,53.0686355116
30,0.44,7,0.53,0.34,7,0.7,54.5119678055
30,0.44,7,0.53,0.34,7,0.7,52.5455034066
30,0.44,7,0.53,0.34,7,0.7,51.8575872517
30,0.44,7,0.53,0.34,7,0.7,51.6950894868
30,0.44,7,0.53,0.34,7,0.7,54.2719030713
30,0.44,7,0.53,0.54,7,0.5,56.070875513
30,0.44,7,0.53,0.54,7,0.5,57.6774603926
30,0.44,7,0.53,0.54,7,0.5,58.3140840143
30,0.44,7,0.53,0.54,7,0.5,54.0344550106
30,0.44,7,0.53,0.54,7,0.5,53.9884635293
30,0.44,7,0.53,0.54,7,0.7,54.3790468988
30,0.44,7,0.53,0.54,7,0.7,49.4968520633
30,0.44,7,0.53,0.54,7,0.7,57.7157627143
30,0.44,7,0.53,0.54,7,0.7,52.4502820305
30,0.44,7,0.53,0.54,7,0.7,50.5738694661
30,0.44,7,0.73,0.34,7,0.5,54.5301855069
30,0.44,7,0.73,0.34,7,0.5,55.9791438029
30,0.44,7,0.73,0.34,7,0.5,59.7102181159
30,0.44,7,0.73,0.34,7,0.5,54.2679256729
30,0.44,7,0.73,0.34,7,0.5,54.7906055575
30,0.44,7,0.73,0.34,7,0.7,50.7827088969
30,0.44,7,0.73,0.34,7,0.7,49.5520572337
30,0.44,7,0.73,0.34,7,0.7,53.1540893809
30,0.44,7,0.73,0.34,7,0.7,52.926913022
30,0.44,7,0.73,0.34,7,0.7,56.0601265767
30,0.44,7,0.73,0.54,7,0.5,51.5501321519
30,0.44,7,0.73,0.54,7,0.5,53.0524935752
30,0.44,7,0.73,0.54,7,0.5,48.3062018387
30,0.44,7,0.73,0.54,7,0.5,55.5549656534
30,0.44,7,0.73,0.54,7,0.5,60.604036795
30,0.44,7,0.73,0.54,7,0.7,54.0481979767
30,0.44,7,0.73,0.54,7,0.7,57.3137621663
30,0.44,7,0.73,0.54,7,0.7,53.9018599943
30,0.44,7,0.73,0.54,7,0.7,53.8888246866
30,0.44,7,0.73,0.54,7,0.7,51.0182331989
1,0.23,7,0.72,0.33,7,0.49,103.810614399
1,0.23,7,0.72,0.33,7,0.49,103.148198475
1,0.23,7,0.72,0.33,7,0.49,103.202850687
1,0.23,7,0.72,0.33,7,0.49,103.91192133
1,0.23,7,0.72,0.33,7,0.49,106.512963575
1,0.23,7,0.72,0.33,7,0.51,104.093171146
1,0.23,7,0.72,0.33,7,0.51,102.989078243
1,0.23,7,0.72,0.33,7,0.51,103.682346226
1,0.23,7,0.72,0.33,7,0.51,102.188925848
1,0.23,7,0.72,0.33,7,0.51,103.042038141
1,0.23,7,0.72,0.35,7,0.49,103.254880684
1,0.23,7,0.72,0.35,7,0.49,101.638661197
1,0.23,7,0.72,0.35,7,0.49,107.824709147
1,0.23,7,0.72,0.35,7,0.49,103.954384379
1,0.23,7,0.72,0.35,7,0.49,104.449725479
1,0.23,7,0.72,0.35,7,0.51,105.222048124
1,0.23,7,0.72,0.35,7,0.51,102.54988648
1,0.23,7,0.72,0.35,7,0.51,104.894303188
1,0.23,7,0.72,0.35,7,0.51,103.057782646
1,0.23,7,0.72,0.35,7,0.51,104.267388151
1,0.23,7,0.74,0.33,7,0.49,104.609913186
1,0.23,7,0.74,0.33,7,0.49,104.528581862
1,0.23,7,0.74,0.33,7,0.49,106.39136978
1,0.23,7,0.74,0.33,7,0.49,102.628469963
1,0.23,7,0.74,0.33,7,0.49,104.232548516
1,0.23,7,0.74,0.33,7,0.51,102.920184153
1,0.23,7,0.74,0.33,7,0.51,103.922896891
1,0.23,7,0.74,0.33,7,0.51,104.104319131
1,0.23,7,0.74,0.33,7,0.51,104.568876483
1,0.23,7,0.74,0.33,7,0.51,102.729812785
1,0.23,7,0.74,0.35,7,0.49,103.27029202
1,0.23,7,0.74,0.35,7,0.49,103.62364644
1,0.23,7,0.74,0.35,7,0.49,101.374500771
1,0.23,7,0.74,0.35,7,0.49,103.049254833
1,0.23,7,0.74,0.35,7,0.49,107.181272971
1,0.23,7,0.74,0.35,7,0.51,103.812059987
1,0.23,7,0.74,0.35,7,0.51,102.676806771
1,0.23,7,0.74,0.35,7,0.51,102.756160586
1,0.23,7,0.74,0.35,7,0.51,102.959971325
1,0.23,7,0.74,0.35,7,0.51,105.523332569
1,0.25,7,0.72,0.33,7,0.49,104.045273846
1,0.25,7,0.72,0.33,7,0.49,103.19401677
1,0.25,7,0.72,0.33,7,0.49,105.76611587
1,0.25,7,0.72,0.33,7,0.49,103.879581376
1,0.25,7,0.72,0.33,7,0.49,104.263723821
1,0.25,7,0.72,0.33,7,0.51,104.644972732
1,0.25,7,0.72,0.33,7,0.51,102.542303254
1,0.25,7,0.72,0.33,7,0.51,105.470059124
1,0.25,7,0.72,0.33,7,0.51,104.14650001
1,0.25,7,0.72,0.33,7,0.51,101.989083143
1,0.25,7,0.72,0.35,7,0.49,103.173682316
1,0.25,7,0.72,0.35,7,0.49,106.428986547
1,0.25,7,0.72,0.35,7,0.49,104.234572328
1,0.25,7,0.72,0.35,7,0.49,103.301767555
1,0.25,7,0.72,0.35,7,0.49,104.190549034
1,0.25,7,0.72,0.35,7,0.51,101.332423702
1,0.25,7,0.72,0.35,7,0.51,103.406245314
1,0.25,7,0.72,0.35,7,0.51,102.28534427
1,0.25,7,0.72,0.35,7,0.51,104.784584197
1,0.25,7,0.72,0.35,7,0.51,105.641785765
1,0.25,7,0.74,0.33,7,0.49,104.365492488
1,0.25,7,0.74,0.33,7,0.49,103.808766379
1,0.25,7,0.74,0.33,7,0.49,104.146690978
1,0.25,7,0.74,0.33,7,0.49,101.00057433
1,0.25,7,0.74,0.33,7,0.49,103.591448767
1,0.25,7,0.74,0.33,7,0.51,104.051715975
1,0.25,7,0.74,0.33,7,0.51,103.557617616
1,0.25,7,0.74,0.33,7,0.51,103.066966456
1,0.25,7,0.74,0.33,7,0.51,103.245472716
1,0.25,7,0.74,0.33,7,0.51,103.106654475
1,0.25,7,0.74,0.35,7,0.49,100.143163307
1,0.25,7,0.74,0.35,7,0.49,105.857125507
1,0.25,7,0.74,0.35,7,0.49,102.009144596
1,0.25,7,0.74,0.35,7,0.49,102.261419728
1,0.25,7,0.74,0.35,7,0.49,101.308643136
1,0.25,7,0.74,0.35,7,0.51,101.308121657
1,0.25,7,0.74,0.35,7,0.51,103.406379296
1,0.25,7,0.74,0.35,7,0.51,103.671966827
1,0.25,7,0.74,0.35,7,0.51,102.031650942
1,0.25,7,0.74,0.35,7,0.51,102.44870785
5,0.23,7,0.72,0.33,7,0.49,90.8263266028
5,0.23,7,0.72,0.33,7,0.49,84.9937506675
5,0.23,7,0.72,0.33,7,0.49,90.8184948695
5,0.23,7,0.72,0.33,7,0.49,87.9322407947
5,0.23,7,0.72,0.33,7,0.49,88.1346467583
5,0.23,7,0.72,0.33,7,0.51,85.2829656338
5,0.23,7,0.72,0.33,7,0.51,89.3533590669
5,0.23,7,0.72,0.33,7,0.51,87.3855089054
5,0.23,7,0.72,0.33,7,0.51,90.5309261582
5,0.23,7,0.72,0.33,7,0.51,81.4363160692
5,0.23,7,0.72,0.35,7,0.49,88.1972613191
5,0.23,7,0.72,0.35,7,0.49,86.3133148899
5,0.23,7,0.72,0.35,7,0.49,90.2450877185
5,0.23,7,0.72,0.35,7,0.49,89.401855792
5,0.23,7,0.72,0.35,7,0.49,85.230133179
5,0.23,7,0.72,0.35,7,0.51,86.4384357579
5,0.23,7,0.72,0.35,7,0.51,89.1378890336
5,0.23,7,0.72,0.35,7,0.51,86.1440269059
5,0.23,7,0.72,0.35,7,0.51,85.2551268174
5,0.23,7,0.72,0.35,7,0.51,87.6878237335
5,0.23,7,0.74,0.33,7,0.49,91.6069361647
5,0.23,7,0.74,0.33,7,0.49,88.3297996297
5,0.23,7,0.74,0.33,7,0.49,87.4482921081
5,0.23,7,0.74,0.33,7,0.49,86.2316638537
5,0.23,7,0.74,0.33,7,0.49,84.9136787943
5,0.23,7,0.74,0.33,7,0.51,89.1719078248
5,0.23,7,0.74,0.33,7,0.51,87.9566874638
5,0.23,7,0.74,0.33,7,0.51,87.5134628197
5,0.23,7,0.74,0.33,7,0.51,85.8749663678
5,0.23,7,0.74,0.33,7,0.51,89.0443274509
5,0.23,7,0.74,0.35,7,0.49,88.7394350595
5,0.23,7,0.74,0.35,7,0.49,90.3891664515
5,0.23,7,0.74,0.35,7,0.49,88.2236230938
5,0.23,7,0.74,0.35,7,0.49,83.9483486213
5,0.23,7,0.74,0.35,7,0.49,86.9793264778
5,0.23,7,0.74,0.35,7,0.51,89.474281831
5,0.23,7,0.74,0.35,7,0.51,84.3522927611
5,0.23,7,0.74,0.35,7,0.51,84.2333194374
5,0.23,7,0.74,0.35,7,0.51,88.6774950328
5,0.23,7,0.74,0.35,7,0.51,91.2034176999
5,0.25,7,0.72,0.33,7,0.49,88.1343034903
5,0.25,7,0.72,0.33,7,0.49,87.0712681053
5,0.25,7,0.72,0.33,7,0.49,87.8583834331
5,0.25,7,0.72,0.33,7,0.49,86.5135705541
5,0.25,7,0.72,0.33,7,0.49,88.572277632
5,0.25,7,0.72,0.33,7,0.51,90.2147384648
5,0.25,7,0.72,0.33,7,0.51,88.3871208313
5,0.25,7,0.72,0.33,7,0.51,87.473848176
5,0.25,7,0.72,0.33,7,0.51,90.9890590431
5,0.25,7,0.72,0.33,7,0.51,85.716226952
5,0.25,7,0.72,0.35,7,0.49,88.9520576732
5,0.25,7,0.72,0.35,7,0.49,90.143633156
5,0.25,7,0.72,0.35,7,0.49,84.2703420227
5,0.25,7,0.72,0.35,7,0.49,86.2434794802
5,0.25,7,0.72,0.35,7,0.49,89.2276193402
5,0.25,7,0.72,0.35,7,0.51,81.5261328862
5,0.25,7,0.72,0.35,7,0.51,87.8585807816
5,0.25,7,0.72,0.35,7,0.51,87.5918052327
5,0.25,7,0.72,0.35,7,0.51,88.1606370627
5,0.25,7,0.72,0.35,7,0.51,93.34732541
5,0.25,7,0.74,0.33,7,0.49,92.7202239288
5,0.25,7,0.74,0.33,7,0.49,92.1642174036
5,0.25,7,0.74,0.33,7,0.49,93.2925919725
5,0.25,7,0.74,0.33,7,0.49,88.7156870349
5,0.25,7,0.74,0.33,7,0.49,87.6964254861
5,0.25,7,0.74,0.33,7,0.51,86.6310455592
5,0.25,7,0.74,0.33,7,0.51,86.0753270117
5,0.25,7,0.74,0.33,7,0.51,89.2578204601
5,0.25,7,0.74,0.33,7,0.51,90.339093573
5,0.25,7,0.74,0.33,7,0.51,87.1314367914
5,0.25,7,0.74,0.35,7,0.49,86.4099698854
5,0.25,7,0.74,0.35,7,0.49,89.396169153
5,0.25,7,0.74,0.35,7,0.49,86.6723521771
5,0.25,7,0.74,0.35,7,0.49,86.6711516722
5,0.25,7,0.74,0.35,7,0.49,88.7729331898
5,0.25,7,0.74,0.35,7,0.51,83.2727777774
5,0.25,7,0.74,0.35,7,0.51,87.7163076436
5,0.25,7,0.74,0.35,7,0.51,89.8267906569
5,0.25,7,0.74,0.35,7,0.51,87.4661551649
5,0.25,7,0.74,0.35,7,0.51,88.4350333031
10,0.23,7,0.72,0.33,7,0.49,77.1537322969
10,0.23,7,0.72,0.33,7,0.49,70.6542228781
10,0.23,7,0.72,0.33,7,0.49,70.9359547141
10,0.23,7,0.72,0.33,7,0.49,75.8451715464
10,0.23,7,0.72,0.33,7,0.49,74.1228322265
10,0.23,7,0.72,0.33,7,0.51,77.310464329
10,0.23,7,0.72,0.33,7,0.51,77.6449465272
10,0.23,7,0.72,0.33,7,0.51,74.3390532876
10,0.23,7,0.72,0.33,7,0.51,74.7562584672
10,0.23,7,0.72,0.33,7,0.51,72.2829464612
10,0.23,7,0.72,0.35,7,0.49,75.5045692772
10,0.23,7,0.72,0.35,7,0.49,73.4211259657
10,0.23,7,0.72,0.35,7,0.49,74.067699109
10,0.23,7,0.72,0.35,7,0.49,75.5520982385
10,0.23,7,0.72,0.35,7,0.49,71.6236852613
10,0.23,7,0.72,0.35,7,0.51,75.5345834622
10,0.23,7,0.72,0.35,7,0.51,75.0874950766
10,0.23,7,0.72,0.35,7,0.51,73.9974315897
10,0.23,7,0.72,0.35,7,0.51,75.6675062124
10,0.23,7,0.72,0.35,7,0.51,78.2503664637
10,0.23,7,0.74,0.33,7,0.49,75.8624281734
10,0.23,7,0.74,0.33,7,0.49,75.203644739
10,0.23,7,0.74,0.33,7,0.49,72.1381872397
10,0.23,7,0.74,0.33,7,0.49,72.4668957278
10,0.23,7,0.74,0.33,7,0.49,73.2004694997
10,0.23,7,0.74,0.33,7,0.51,70.5294295995
10,0.23,7,0.74,0.33,7,0.51,72.4683715554
10,0.23,7,0.74,0.33,7,0.51,73.7694232164
10,0.23,7,0.74,0.33,7,0.51,72.6417564785
10,0.23,7,0.74,0.33,7,0.51,76.2101122029
10,0.23,7,0.74,0.35,7,0.49,76.0808136648
10,0.23,7,0.74,0.35,7,0.49,75.1738487868
10,0.23,7,0.74,0.35,7,0.49,75.279727025
10,0.23,7,0.74,0.35,7,0.49,77.6485507511
10,0.23,7,0.74,0.35,7,0.49,75.8321092878
10,0.23,7,0.74,0.35,7,0.51,74.5551832497
10,0.23,7,0.74,0.35,7,0.51,80.2094364051
10,0.23,7,0.74,0.35,7,0.51,75.0900102937
10,0.23,7,0.74,0.35,7,0.51,76.2059075074
10,0.23,7,0.74,0.35,7,0.51,76.757514644
10,0.25,7,0.72,0.33,7,0.49,75.0401009572
10,0.25,7,0.72,0.33,7,0.49,74.1645678365
10,0.25,7,0.72,0.33,7,0.49,76.1304538958
10,0.25,7,0.72,0.33,7,0.49,77.1577997957
10,0.25,7,0.72,0.33,7,0.49,75.33080499
10,0.25,7,0.72,0.33,7,0.51,76.588189942
10,0.25,7,0.72,0.33,7,0.51,78.7311741617
10,0.25,7,0.72,0.33,7,0.51,74.8097273337
10,0.25,7,0.72,0.33,7,0.51,74.4868215969
10,0.25,7,0.72,0.33,7,0.51,75.1431794211
10,0.25,7,0.72,0.35,7,0.49,73.5627144898
10,0.25,7,0.72,0.35,7,0.49,72.4284764289
10,0.25,7,0.72,0.35,7,0.49,77.0722783146
10,0.25,7,0.72,0.35,7,0.49,79.595548138
10,0.25,7,0.72,0.35,7,0.49,73.6794614393
10,0.25,7,0.72,0.35,7,0.51,73.2717125847
10,0.25,7,0.72,0.35,7,0.51,78.0201699715
10,0.25,7,0.72,0.35,7,0.51,76.006905375
10,0.25,7,0.72,0.35,7,0.51,74.7712249819
10,0.25,7,0.72,0.35,7,0.51,75.272899539
10,0.25,7,0.74,0.33,7,0.49,75.9782228477
10,0.25,7,0.74,0.33,7,0.49,78.619096415
10,0.25,7,0.74,0.33,7,0.49,71.6606140274
10,0.25,7,0.74,0.33,7,0.49,76.8606695671
10,0.25,7,0.74,0.33,7,0.49,75.4523972739
10,0.25,7,0.74,0.33,7,0.51,72.668357345
10,0.25,7,0.74,0.33,7,0.51,76.6332840296
10,0.25,7,0.74,0.33,7,0.51,71.7061158433
10,0.25,7,0.74,0.33,7,0.51,78.3226564353
10,0.25,7,0.74,0.33,7,0.51,74.0128367571
10,0.25,7,0.74,0.35,7,0.49,75.1321828698
10,0.25,7,0.74,0.35,7,0.49,75.3450232765
10,0.25,7,0.74,0.35,7,0.49,70.1852192777
10,0.25,7,0.74,0.35,7,0.49,71.6912129528
10,0.25,7,0.74,0.35,7,0.49,76.1439158255
10,0.25,7,0.74,0.35,7,0.51,73.2739749307
10,0.25,7,0.74,0.35,7,0.51,75.5219421608
10,0.25,7,0.74,0.35,7,0.51,77.0056309352
10,0.25,7,0.74,0.35,7,0.51,74.4856157678
10,0.25,7,0.74,0.35,7,0.51,75.660205808
20,0.23,7,0.72,0.33,7,0.49,59.3920761748
20,0.23,7,0.72,0.33,7,0.49,63.0314782744
20,0.23,7,0.72,0.33,7,0.49,63.4255555703
20,0.23,7,0.72,0.33,7,0.49,61.6515837629
20,0.23,7,0.72,0.33,7,0.49,56.5859667167
20,0.23,7,0.72,0.33,7,0.51,63.9308838156
20,0.23,7,0.72,0.33,7,0.51,59.4960938348
20,0.23,7,0.72,0.33,7,0.51,65.8061233353
20,0.23,7,0.72,0.33,7,0.51,62.8515590708
20,0.23,7,0.72,0.33,7,0.51,61.800006062
20,0.23,7,0.72,0.35,7,0.49,64.5326171365
20,0.23,7,0.72,0.35,7,0.49,61.3087262834
20,0.23,7,0.72,0.35,7,0.49,63.2559755641
20,0.23,7,0.72,0.35,7,0.49,63.9340701512
20,0.23,7,0.72,0.35,7,0.49,61.1306510073
20,0.23,7,0.72,0.35,7,0.51,58.9902900028
20,0.23,7,0.72,0.35,7,0.51,59.5737143487
20,0.23,7,0.72,0.35,7,0.51,67.828828334
20,0.23,7,0.72,0.35,7,0.51,57.4640513102
20,0.23,7,0.72,0.35,7,0.51,55.0864763195
20,0.23,7,0.74,0.33,7,0.49,68.4126366546
20,0.23,7,0.74,0.33,7,0.49,63.7234387025
20,0.23,7,0.74,0.33,7,0.49,59.3174474911
20,0.23,7,0.74,0.33,7,0.49,65.047513677
20,0.23,7,0.74,0.33,7,0.49,63.8617177155
20,0.23,7,0.74,0.33,7,0.51,59.8800996609
20,0.23,7,0.74,0.33,7,0.51,61.0981184406
20,0.23,7,0.74,0.33,7,0.51,60.5256114298
20,0.23,7,0.74,0.33,7,0.51,60.1526426632
20,0.23,7,0.74,0.33,7,0.51,59.3700690916
20,0.23,7,0.74,0.35,7,0.49,61.5002286269
20,0.23,7,0.74,0.35,7,0.49,55.3115582759
20,0.23,7,0.74,0.35,7,0.49,65.1160712568
20,0.23,7,0.74,0.35,7,0.49,62.4004071979
20,0.23,7,0.74,0.35,7,0.49,64.3339515482
20,0.23,7,0.74,0.35,7,0.51,59.8131775528
20,0.23,7,0.74,0.35,7,0.51,57.2693743418
20,0.23,7,0.74,0.35,7,0.51,65.5890116498
20,0.23,7,0.74,0.35,7,0.51,64.8762518988
20,0.23,7,0.74,0.35,7,0.51,61.738337793
20,0.25,7,0.72,0.33,7,0.49,61.7154045707
20,0.25,7,0.72,0.33,7,0.49,63.0168809128
20,0.25,7,0.72,0.33,7,0.49,59.3834419647
20,0.25,7,0.72,0.33,7,0.49,61.735571515
20,0.25,7,0.72,0.33,7,0.49,63.6847568632
20,0.25,7,0.72,0.33,7,0.51,61.8479087964
20,0.25,7,0.72,0.33,7,0.51,64.0070924009
20,0.25,7,0.72,0.33,7,0.51,57.1035682846
20,0.25,7,0.72,0.33,7,0.51,66.0221307294
20,0.25,7,0.72,0.33,7,0.51,62.3140375745
20,0.25,7,0.72,0.35,7,0.49,57.0310383999
20,0.25,7,0.72,0.35,7,0.49,58.2272594689
20,0.25,7,0.72,0.35,7,0.49,61.5668313909
20,0.25,7,0.72,0.35,7,0.49,54.333397313
20,0.25,7,0.72,0.35,7,0.49,63.2058429377
20,0.25,7,0.72,0.35,7,0.51,60.4708460866
20,0.25,7,0.72,0.35,7,0.51,59.7215306698
20,0.25,7,0.72,0.35,7,0.51,59.6502385853
20,0.25,7,0.72,0.35,7,0.51,63.4369381911
20,0.25,7,0.72,0.35,7,0.51,63.839010449
20,0.25,7,0.74,0.33,7,0.49,65.4282425513
20,0.25,7,0.74,0.33,7,0.49,58.8201497611
20,0.25,7,0.74,0.33,7,0.49,61.8735029894
20,0.25,7,0.74,0.33,7,0.49,60.6812145555
20,0.25,7,0.74,0.33,7,0.49,59.9276173803
20,0.25,7,0.74,0.33,7,0.51,62.0455487401
20,0.25,7,0.74,0.33,7,0.51,57.4518728316
20,0.25,7,0.74,0.33,7,0.51,58.9045078115
20,0.25,7,0.74,0.33,7,0.51,57.9230688181
20,0.25,7,0.74,0.33,7,0.51,61.0175072049
20,0.25,7,0.74,0.35,7,0.49,64.097971993
20,0.25,7,0.74,0.35,7,0.49,67.8036225835
20,0.25,7,0.74,0.35,7,0.49,59.7473301419
20,0.25,7,0.74,0.35,7,0.49,64.8669326657
20,0.25,7,0.74,0.35,7,0.49,64.0231934207
20,0.25,7,0.74,0.35,7,0.51,64.785196954
20,0.25,7,0.74,0.35,7,0.51,58.9087465284
20,0.25,7,0.74,0.35,7,0.51,62.4572379611
20,0.25,7,0.74,0.35,7,0.51,65.72929203
20,0.25,7,0.74,0.35,7,0.51,65.5678083956
30,0.23,7,0.72,0.33,7,0.49,51.2461000039
30,0.23,7,0.72,0.33,7,0.49,60.2607322684
30,0.23,7,0.72,0.33,7,0.49,58.7728660941
30,0.23,7,0.72,0.33,7,0.49,58.2697536513
30,0.23,7,0.72,0.33,7,0.49,59.0335000355
30,0.23,7,0.72,0.33,7,0.51,55.9108581691
30,0.23,7,0.72,0.33,7,0.51,58.8167345666
30,0.23,7,0.72,0.33,7,0.51,50.5879840252
30,0.23,7,0.72,0.33,7,0.51,53.135973377
30,0.23,7,0.72,0.33,7,0.51,62.6814994894
30,0.23,7,0.72,0.35,7,0.49,59.8522604579
30,0.23,7,0.72,0.35,7,0.49,51.8411251391
30,0.23,7,0.72,0.35,7,0.49,53.1727598008
30,0.23,7,0.72,0.35,7,0.49,50.552714843
30,0.23,7,0.72,0.35,7,0.49,58.9885351062
30,0.23,7,0.72,0.35,7,0.51,55.0824122654
30,0.23,7,0.72,0.35,7,0.51,52.4381972665
30,0.23,7,0.72,0.35,7,0.51,53.9009184622
30,0.23,7,0.72,0.35,7,0.51,55.3179269945
30,0.23,7,0.72,0.35,7,0.51,61.154806137
30,0.23,7,0.74,0.33,7,0.49,61.0771412659
30,0.23,7,0.74,0.33,7,0.49,60.0429724611
30,0.23,7,0.74,0.33,7,0.49,55.901210559
30,0.23,7,0.74,0.33,7,0.49,50.6324064259
30,0.23,7,0.74,0.33,7,0.49,56.9240974035
30,0.23,7,0.74,0.33,7,0.51,55.2940545668
30,0.23,7,0.74,0.33,7,0.51,56.6120719011
30,0.23,7,0.74,0.33,7,0.51,57.8130113689
30,0.23,7,0.74,0.33,7,0.51,52.8265278719
30,0.23,7,0.74,0.33,7,0.51,57.9266194776
30,0.23,7,0.74,0.35,7,0.49,57.3487297049
30,0.23,7,0.74,0.35,7,0.49,56.0028180387
30,0.23,7,0.74,0.35,7,0.49,52.4420845599
30,0.23,7,0.74,0.35,7,0.49,50.5328376827
30,0.23,7,0.74,0.35,7,0.49,57.0580260074
30,0.23,7,0.74,0.35,7,0.51,52.8842873453
30,0.23,7,0.74,0.35,7,0.51,56.3118570123
30,0.23,7,0.74,0.35,7,0.51,55.9392337912
30,0.23,7,0.74,0.35,7,0.51,54.617160008
30,0.23,7,0.74,0.35,7,0.51,62.4578322546
30,0.25,7,0.72,0.33,7,0.49,48.8965645212
30,0.25,7,0.72,0.33,7,0.49,58.4551980306
30,0.25,7,0.72,0.33,7,0.49,55.2633269671
30,0.25,7,0.72,0.33,7,0.49,57.7080563398
30,0.25,7,0.72,0.33,7,0.49,57.0621152331
30,0.25,7,0.72,0.33,7,0.51,61.9737558053
30,0.25,7,0.72,0.33,7,0.51,56.045056344
30,0.25,7,0.72,0.33,7,0.51,58.6645812462
30,0.25,7,0.72,0.33,7,0.51,62.1142095914
30,0.25,7,0.72,0.33,7,0.51,57.4498262793
30,0.25,7,0.72,0.35,7,0.49,55.1845992362
30,0.25,7,0.72,0.35,7,0.49,57.9698274439
30,0.25,7,0.72,0.35,7,0.49,56.6906576939
30,0.25,7,0.72,0.35,7,0.49,57.131327544
30,0.25,7,0.72,0.35,7,0.49,58.1626572784
30,0.25,7,0.72,0.35,7,0.51,55.6189802139
30,0.25,7,0.72,0.35,7,0.51,60.8025831918
30,0.25,7,0.72,0.35,7,0.51,60.3649554
30,0.25,7,0.72,0.35,7,0.51,55.3603567532
30,0.25,7,0.72,0.35,7,0.51,58.0205279942
30,0.25,7,0.74,0.33,7,0.49,52.2401197076
30,0.25,7,0.74,0.33,7,0.49,55.4527024547
30,0.25,7,0.74,0.33,7,0.49,52.5108976449
30,0.25,7,0.74,0.33,7,0.49,51.9600722796
30,0.25,7,0.74,0.33,7,0.49,53.6057103706
30,0.25,7,0.74,0.33,7,0.51,58.9937670615
30,0.25,7,0.74,0.33,7,0.51,47.1496517712
30,0.25,7,0.74,0.33,7,0.51,54.3578619601
30,0.25,7,0.74,0.33,7,0.51,58.4952065873
30,0.25,7,0.74,0.33,7,0.51,53.4757588554
30,0.25,7,0.74,0.35,7,0.49,61.3602432692
30,0.25,7,0.74,0.35,7,0.49,55.8636271226
30,0.25,7,0.74,0.35,7,0.49,57.2047894915
30,0.25,7,0.74,0.35,7,0.49,51.1697064805
30,0.25,7,0.74,0.35,7,0.49,54.9423982704
30,0.25,7,0.74,0.35,7,0.51,54.3945448434
30,0.25,7,0.74,0.35,7,0.51,56.2806128498
30,0.25,7,0.74,0.35,7,0.51,56.0865941934
30,0.25,7,0.74,0.35,7,0.51,58.6238429823
30,0.25,7,0.74,0.35,7,0.51,50.2594481376
