Noise,SigD,SigI,PSNR
1,0.1,0.1,114.578367757
1,0.1,0.1,112.679613191
1,0.1,0.1,110.701357083
1,0.1,0.1,111.149498567
1,0.1,0.1,112.074336306
1,0.1,1.0,112.225214373
1,0.1,1.0,113.329645681
1,0.1,1.0,111.631597248
1,0.1,1.0,111.660452094
1,0.1,1.0,110.882344006
1,0.1,2.0,112.08061667
1,0.1,2.0,112.636795278
1,0.1,2.0,111.289991976
1,0.1,2.0,111.519667944
1,0.1,2.0,113.295138388
1,0.1,3.0,113.66132129
1,0.1,3.0,113.696410639
1,0.1,3.0,113.614333828
1,0.1,3.0,111.74987327
1,0.1,3.0,112.449356755
1,0.1,4.0,112.000846909
1,0.1,4.0,112.416469057
1,0.1,4.0,111.583403469
1,0.1,4.0,111.731422447
1,0.1,4.0,112.799563
1,1.0,0.1,113.597920663
1,1.0,0.1,112.820982785
1,1.0,0.1,111.873967665
1,1.0,0.1,114.241457281
1,1.0,0.1,112.761058151
1,1.0,1.0,123.310644143
1,1.0,1.0,119.97198065
1,1.0,1.0,120.122219746
1,1.0,1.0,121.205863987
1,1.0,1.0,120.230134708
1,1.0,2.0,120.337980093
1,1.0,2.0,119.693499097
1,1.0,2.0,121.805085456
1,1.0,2.0,121.258469509
1,1.0,2.0,121.56474112
1,1.0,3.0,121.421450899
1,1.0,3.0,120.562014019
1,1.0,3.0,122.110113057
1,1.0,3.0,120.339594201
1,1.0,3.0,121.687937158
1,1.0,4.0,120.358795013
1,1.0,4.0,123.436140143
1,1.0,4.0,120.748774377
1,1.0,4.0,122.504278319
1,1.0,4.0,122.626999136
1,2.0,0.1,112.605736352
1,2.0,0.1,113.440078225
1,2.0,0.1,113.176754298
1,2.0,0.1,114.007977997
1,2.0,0.1,112.96743813
1,2.0,1.0,115.596046708
1,2.0,1.0,119.844120197
1,2.0,1.0,116.476621075
1,2.0,1.0,121.016926419
1,2.0,1.0,119.564755497
1,2.0,2.0,113.787220026
1,2.0,2.0,113.832570664
1,2.0,2.0,113.029975709
1,2.0,2.0,115.357486861
1,2.0,2.0,112.498683301
1,2.0,3.0,114.09667557
1,2.0,3.0,113.969314885
1,2.0,3.0,113.322680894
1,2.0,3.0,115.215736056
1,2.0,3.0,112.899425983
1,2.0,4.0,111.238915371
1,2.0,4.0,113.644462578
1,2.0,4.0,113.356721045
1,2.0,4.0,114.625358632
1,2.0,4.0,113.931187585
1,3.0,0.1,113.06753028
1,3.0,0.1,115.744510799
1,3.0,0.1,114.512583764
1,3.0,0.1,112.057929402
1,3.0,0.1,113.528621824
1,3.0,1.0,114.732241176
1,3.0,1.0,112.225185626
1,3.0,1.0,115.249597878
1,3.0,1.0,113.034236507
1,3.0,1.0,114.781017078
1,3.0,2.0,108.6840905
1,3.0,2.0,108.139544983
1,3.0,2.0,108.980152333
1,3.0,2.0,110.839341197
1,3.0,2.0,108.462377266
1,3.0,3.0,106.538834704
1,3.0,3.0,105.137694383
1,3.0,3.0,104.350359716
1,3.0,3.0,105.176827049
1,3.0,3.0,105.895622841
1,3.0,4.0,104.372330012
1,3.0,4.0,104.356587616
1,3.0,4.0,103.281778013
1,3.0,4.0,102.106365121
1,3.0,4.0,105.095504643
1,4.0,0.1,112.791018011
1,4.0,0.1,115.847624275
1,4.0,0.1,116.131997487
1,4.0,0.1,113.219238695
1,4.0,0.1,114.115159206
1,4.0,1.0,112.736208468
1,4.0,1.0,111.555294211
1,4.0,1.0,111.399198741
1,4.0,1.0,113.283826736
1,4.0,1.0,110.871897545
1,4.0,2.0,104.007650777
1,4.0,2.0,102.994434832
1,4.0,2.0,103.23076082
1,4.0,2.0,104.235958623
1,4.0,2.0,103.013166492
1,4.0,3.0,99.0354071598
1,4.0,3.0,99.9097696614
1,4.0,3.0,99.3336933192
1,4.0,3.0,99.1165999291
1,4.0,3.0,98.9857159551
1,4.0,4.0,96.0963317785
1,4.0,4.0,96.8772987081
1,4.0,4.0,96.603253567
1,4.0,4.0,97.5837053231
1,4.0,4.0,96.7289721704
5,0.1,0.1,79.7334709693
5,0.1,0.1,80.5230812263
5,0.1,0.1,80.0083362276
5,0.1,0.1,79.6024103559
5,0.1,0.1,81.0696782955
5,0.1,1.0,82.1278518419
5,0.1,1.0,78.9690065169
5,0.1,1.0,79.9940666158
5,0.1,1.0,80.7451077087
5,0.1,1.0,79.0409574098
5,0.1,2.0,80.8993380456
5,0.1,2.0,80.0913808888
5,0.1,2.0,78.9285337773
5,0.1,2.0,80.3009730768
5,0.1,2.0,79.6123185301
5,0.1,3.0,80.0150246374
5,0.1,3.0,81.1426796773
5,0.1,3.0,79.0129828238
5,0.1,3.0,80.9036983419
5,0.1,3.0,80.8629995969
5,0.1,4.0,80.9772717818
5,0.1,4.0,79.09325489
5,0.1,4.0,80.2421795435
5,0.1,4.0,80.1368844331
5,0.1,4.0,79.4563562907
5,1.0,0.1,80.1890799094
5,1.0,0.1,80.2384575376
5,1.0,0.1,81.5851766638
5,1.0,0.1,80.4054555121
5,1.0,0.1,79.0100156781
5,1.0,1.0,87.206238444
5,1.0,1.0,86.2978498356
5,1.0,1.0,87.2579030217
5,1.0,1.0,86.3625823572
5,1.0,1.0,87.2561840779
5,1.0,2.0,88.1048049978
5,1.0,2.0,91.9376968577
5,1.0,2.0,92.5778894438
5,1.0,2.0,91.4339639674
5,1.0,2.0,89.8094728563
5,1.0,3.0,91.9117043623
5,1.0,3.0,90.438597355
5,1.0,3.0,90.8838325133
5,1.0,3.0,91.7119731591
5,1.0,3.0,95.2778037505
5,1.0,4.0,91.8364806438
5,1.0,4.0,91.8909157924
5,1.0,4.0,92.4236189405
5,1.0,4.0,93.8149133618
5,1.0,4.0,92.41624637
5,2.0,0.1,78.9608758742
5,2.0,0.1,78.76950318
5,2.0,0.1,80.217600802
5,2.0,0.1,79.3149434103
5,2.0,0.1,80.1815788016
5,2.0,1.0,91.8314799131
5,2.0,1.0,89.0122088073
5,2.0,1.0,90.3510808416
5,2.0,1.0,90.2921867496
5,2.0,1.0,89.3826910121
5,2.0,2.0,93.771424013
5,2.0,2.0,96.11790756
5,2.0,2.0,94.4935980668
5,2.0,2.0,95.6674054326
5,2.0,2.0,95.2898093782
5,2.0,3.0,96.6597901084
5,2.0,3.0,93.9301492077
5,2.0,3.0,97.9366086417
5,2.0,3.0,93.8531368738
5,2.0,3.0,94.4202231901
5,2.0,4.0,97.6205673807
5,2.0,4.0,97.4953500151
5,2.0,4.0,97.3043042548
5,2.0,4.0,95.662893225
5,2.0,4.0,94.491679789
5,3.0,0.1,80.1524110067
5,3.0,0.1,79.2857285712
5,3.0,0.1,80.328142413
5,3.0,0.1,78.8906021088
5,3.0,0.1,80.3256696182
5,3.0,1.0,87.8952063507
5,3.0,1.0,90.9310038411
5,3.0,1.0,89.8331745283
5,3.0,1.0,87.538902561
5,3.0,1.0,89.3981632466
5,3.0,2.0,94.7151748372
5,3.0,2.0,91.2112987367
5,3.0,2.0,96.2862743181
5,3.0,2.0,95.8863777712
5,3.0,2.0,95.6593712303
5,3.0,3.0,96.1373208542
5,3.0,3.0,94.3400488184
5,3.0,3.0,100.747504892
5,3.0,3.0,96.4136648247
5,3.0,3.0,98.2284057652
5,3.0,4.0,97.9010022366
5,3.0,4.0,97.9378940987
5,3.0,4.0,94.6883968504
5,3.0,4.0,94.6747437156
5,3.0,4.0,97.8681265446
5,4.0,0.1,81.3889228661
5,4.0,0.1,79.7429867984
5,4.0,0.1,80.7145720714
5,4.0,0.1,82.1999853342
5,4.0,0.1,79.895623212
5,4.0,1.0,88.3607529347
5,4.0,1.0,89.9121331834
5,4.0,1.0,88.5501046299
5,4.0,1.0,89.6246154685
5,4.0,1.0,90.0940267565
5,4.0,2.0,91.9021248836
5,4.0,2.0,92.3951030693
5,4.0,2.0,93.8491369193
5,4.0,2.0,93.8840218047
5,4.0,2.0,91.7021187337
5,4.0,3.0,93.764626963
5,4.0,3.0,94.5833591058
5,4.0,3.0,91.4571653518
5,4.0,3.0,94.6315844211
5,4.0,3.0,92.149856535
5,4.0,4.0,88.0826693176
5,4.0,4.0,90.2599773393
5,4.0,4.0,90.1107615528
5,4.0,4.0,93.3352899197
5,4.0,4.0,90.7576781194
10,0.1,0.1,66.0763423672
10,0.1,0.1,66.6655970424
10,0.1,0.1,65.3779976462
10,0.1,0.1,65.100197619
10,0.1,0.1,64.9916054957
10,0.1,1.0,67.011542215
10,0.1,1.0,66.2776443148
10,0.1,1.0,66.7081018937
10,0.1,1.0,67.1164545086
10,0.1,1.0,66.7033218834
10,0.1,2.0,66.6283511634
10,0.1,2.0,66.7406994434
10,0.1,2.0,67.8513234295
10,0.1,2.0,66.2213074533
10,0.1,2.0,67.2068521072
10,0.1,3.0,67.1716585617
10,0.1,3.0,68.4094699352
10,0.1,3.0,65.6830797286
10,0.1,3.0,65.4654270339
10,0.1,3.0,67.6617079147
10,0.1,4.0,64.8208557768
10,0.1,4.0,65.6929329113
10,0.1,4.0,66.9327745437
10,0.1,4.0,66.4135651467
10,0.1,4.0,67.7704792545
10,1.0,0.1,65.6266309142
10,1.0,0.1,65.8878825842
10,1.0,0.1,66.8066131899
10,1.0,0.1,67.445999043
10,1.0,0.1,66.8853076434
10,1.0,1.0,72.3187547034
10,1.0,1.0,69.7835682905
10,1.0,1.0,69.9914784519
10,1.0,1.0,70.7151300899
10,1.0,1.0,71.6659157161
10,1.0,2.0,74.2824595798
10,1.0,2.0,76.965631424
10,1.0,2.0,76.0924790522
10,1.0,2.0,77.0739294435
10,1.0,2.0,75.9320694312
10,1.0,3.0,78.2442367238
10,1.0,3.0,75.5889191706
10,1.0,3.0,77.4888429112
10,1.0,3.0,80.102687024
10,1.0,3.0,79.751185252
10,1.0,4.0,75.5422593234
10,1.0,4.0,78.172726772
10,1.0,4.0,76.2193528865
10,1.0,4.0,77.3863044197
10,1.0,4.0,77.0591822891
10,2.0,0.1,67.7648807336
10,2.0,0.1,67.501724718
10,2.0,0.1,66.7314213325
10,2.0,0.1,68.2826561414
10,2.0,0.1,66.444694751
10,2.0,1.0,74.4664558671
10,2.0,1.0,75.3141728218
10,2.0,1.0,72.5341754701
10,2.0,1.0,72.9147877322
10,2.0,1.0,74.0604519907
10,2.0,2.0,80.9958135934
10,2.0,2.0,81.6927976655
10,2.0,2.0,81.7005963022
10,2.0,2.0,80.3644491329
10,2.0,2.0,79.8440527051
10,2.0,3.0,81.890925575
10,2.0,3.0,79.1616815985
10,2.0,3.0,80.1445535461
10,2.0,3.0,81.2629316837
10,2.0,3.0,84.5600021499
10,2.0,4.0,81.13286413
10,2.0,4.0,84.4268139797
10,2.0,4.0,82.5641346654
10,2.0,4.0,79.5284411207
10,2.0,4.0,82.1580364527
10,3.0,0.1,65.2622230734
10,3.0,0.1,64.1833271141
10,3.0,0.1,66.190263327
10,3.0,0.1,66.8646482712
10,3.0,0.1,68.1805847496
10,3.0,1.0,73.3572692468
10,3.0,1.0,73.080599973
10,3.0,1.0,74.3027480563
10,3.0,1.0,72.7687205277
10,3.0,1.0,74.3272447693
10,3.0,2.0,83.5414138553
10,3.0,2.0,82.7905139121
10,3.0,2.0,83.3372165673
10,3.0,2.0,83.7109949215
10,3.0,2.0,83.5804629195
10,3.0,3.0,85.1097218914
10,3.0,3.0,85.0086956946
10,3.0,3.0,85.7009331098
10,3.0,3.0,83.4525313067
10,3.0,3.0,85.2886935665
10,3.0,4.0,83.6308406051
10,3.0,4.0,83.8325246609
10,3.0,4.0,78.517197406
10,3.0,4.0,75.8791459314
10,3.0,4.0,85.5031920189
10,4.0,0.1,65.7784135513
10,4.0,0.1,66.698417718
10,4.0,0.1,66.0855936191
10,4.0,0.1,65.2401852906
10,4.0,0.1,66.8837297589
10,4.0,1.0,73.4483597723
10,4.0,1.0,75.9575485325
10,4.0,1.0,73.9965921987
10,4.0,1.0,74.0714165702
10,4.0,1.0,72.6847583299
10,4.0,2.0,82.1422622583
10,4.0,2.0,78.8331921928
10,4.0,2.0,80.6169725101
10,4.0,2.0,81.6742913013
10,4.0,2.0,83.1030257189
10,4.0,3.0,83.0240833049
10,4.0,3.0,81.4859179043
10,4.0,3.0,80.8987813109
10,4.0,3.0,84.2941865655
10,4.0,3.0,86.0618475642
10,4.0,4.0,77.3533650896
10,4.0,4.0,82.7957383413
10,4.0,4.0,83.1986862578
10,4.0,4.0,82.1811275478
10,4.0,4.0,80.5279207572
20,0.1,0.1,52.7433064903
20,0.1,0.1,51.9727698161
20,0.1,0.1,55.1278857399
20,0.1,0.1,54.4114012291
20,0.1,0.1,53.7743351927
20,0.1,1.0,52.5438567286
20,0.1,1.0,53.4969586299
20,0.1,1.0,53.8487826594
20,0.1,1.0,54.0493018516
20,0.1,1.0,54.0092899542
20,0.1,2.0,52.3387944359
20,0.1,2.0,53.9076983775
20,0.1,2.0,53.6803027743
20,0.1,2.0,51.9497685077
20,0.1,2.0,53.7756674964
20,0.1,3.0,53.746603014
20,0.1,3.0,54.2127911448
20,0.1,3.0,55.5690789231
20,0.1,3.0,54.8170468466
20,0.1,3.0,54.0617602123
20,0.1,4.0,54.5969376176
20,0.1,4.0,52.5837448843
20,0.1,4.0,53.6502719092
20,0.1,4.0,53.5884404844
20,0.1,4.0,54.485495437
20,1.0,0.1,52.5700135906
20,1.0,0.1,52.192307887
20,1.0,0.1,53.6748254203
20,1.0,0.1,54.9317347258
20,1.0,0.1,52.1521745883
20,1.0,1.0,55.2761084173
20,1.0,1.0,59.5453373484
20,1.0,1.0,57.702067297
20,1.0,1.0,56.8790086695
20,1.0,1.0,56.4094011136
20,1.0,2.0,61.629488424
20,1.0,2.0,62.8630675164
20,1.0,2.0,61.6776394139
20,1.0,2.0,63.6044544481
20,1.0,2.0,62.1167770777
20,1.0,3.0,63.1511309782
20,1.0,3.0,62.3277230489
20,1.0,3.0,62.0732852657
20,1.0,3.0,61.8697756776
20,1.0,3.0,61.1981067248
20,1.0,4.0,60.9639246091
20,1.0,4.0,61.9805610982
20,1.0,4.0,64.9778809479
20,1.0,4.0,63.303875166
20,1.0,4.0,60.6704390938
20,2.0,0.1,53.9915742233
20,2.0,0.1,55.5321143673
20,2.0,0.1,54.771058527
20,2.0,0.1,56.2425767234
20,2.0,0.1,52.8480226177
20,2.0,1.0,59.4111925019
20,2.0,1.0,60.6721082807
20,2.0,1.0,58.6163250476
20,2.0,1.0,57.2362211069
20,2.0,1.0,60.8374022683
20,2.0,2.0,68.3721297423
20,2.0,2.0,67.6596777521
20,2.0,2.0,65.8356490675
20,2.0,2.0,68.0946453634
20,2.0,2.0,66.140392249
20,2.0,3.0,67.9569029671
20,2.0,3.0,67.2181726136
20,2.0,3.0,66.8546803724
20,2.0,3.0,67.4146058611
20,2.0,3.0,67.2166460015
20,2.0,4.0,64.8426054714
20,2.0,4.0,65.8685831656
20,2.0,4.0,67.2588750213
20,2.0,4.0,68.5093671766
20,2.0,4.0,65.9302129282
20,3.0,0.1,54.1098401658
20,3.0,0.1,53.2026141067
20,3.0,0.1,52.4469202584
20,3.0,0.1,52.5057136818
20,3.0,0.1,53.1031081195
20,3.0,1.0,59.5965783637
20,3.0,1.0,61.5256013102
20,3.0,1.0,63.3432528539
20,3.0,1.0,60.6728260937
20,3.0,1.0,62.7538620035
20,3.0,2.0,67.7275599414
20,3.0,2.0,70.0943130598
20,3.0,2.0,68.3265342459
20,3.0,2.0,67.6851405836
20,3.0,2.0,68.2944789124
20,3.0,3.0,69.9201637745
20,3.0,3.0,68.3183726547
20,3.0,3.0,65.8718630054
20,3.0,3.0,70.4621309019
20,3.0,3.0,69.0710795401
20,3.0,4.0,65.6257651382
20,3.0,4.0,67.4919388919
20,3.0,4.0,68.9060328421
20,3.0,4.0,63.5797225996
20,3.0,4.0,69.7208305396
20,4.0,0.1,52.3927102221
20,4.0,0.1,52.826271562
20,4.0,0.1,56.86672482
20,4.0,0.1,54.1859550678
20,4.0,0.1,54.7917144749
20,4.0,1.0,62.0336431873
20,4.0,1.0,60.0729382202
20,4.0,1.0,62.3403058322
20,4.0,1.0,61.9908369808
20,4.0,1.0,61.0373252089
20,4.0,2.0,67.9741876101
20,4.0,2.0,71.1248852825
20,4.0,2.0,71.0333028255
20,4.0,2.0,66.454316073
20,4.0,2.0,69.2610999688
20,4.0,3.0,68.4566122355
20,4.0,3.0,67.0847343301
20,4.0,3.0,67.1155735312
20,4.0,3.0,67.553960454
20,4.0,3.0,62.8670661398
20,4.0,4.0,61.4720222378
20,4.0,4.0,60.4894300086
20,4.0,4.0,68.613357555
20,4.0,4.0,66.2278151777
20,4.0,4.0,64.8397807865
30,0.1,0.1,47.1130464343
30,0.1,0.1,47.7692463307
30,0.1,0.1,46.7998474046
30,0.1,0.1,48.7102240096
30,0.1,0.1,45.5527460147
30,0.1,1.0,45.0263949825
30,0.1,1.0,46.4291411118
30,0.1,1.0,48.1524360597
30,0.1,1.0,47.3150862903
30,0.1,1.0,47.0358967943
30,0.1,2.0,46.8805584496
30,0.1,2.0,47.5981937013
30,0.1,2.0,46.7717987651
30,0.1,2.0,49.6339732351
30,0.1,2.0,46.5075672791
30,0.1,3.0,47.1398102724
30,0.1,3.0,46.5825583658
30,0.1,3.0,47.2805524082
30,0.1,3.0,47.6807840488
30,0.1,3.0,45.6628386045
30,0.1,4.0,47.0389570996
30,0.1,4.0,47.032778676
30,0.1,4.0,46.4579993388
30,0.1,4.0,47.9570693743
30,0.1,4.0,45.5999724465
30,1.0,0.1,43.8018304963
30,1.0,0.1,48.2645453182
30,1.0,0.1,47.1283249321
30,1.0,0.1,47.5311667832
30,1.0,0.1,46.5902361158
30,1.0,1.0,49.3840979191
30,1.0,1.0,48.3259774617
30,1.0,1.0,49.9263179055
30,1.0,1.0,50.2341547674
30,1.0,1.0,48.2456199108
30,1.0,2.0,51.3198409055
30,1.0,2.0,53.4310937168
30,1.0,2.0,54.4634711337
30,1.0,2.0,51.8433049414
30,1.0,2.0,53.484430805
30,1.0,3.0,53.9717784486
30,1.0,3.0,52.6107278312
30,1.0,3.0,54.0771796281
30,1.0,3.0,54.3842766826
30,1.0,3.0,54.8645102427
30,1.0,4.0,58.3168899697
30,1.0,4.0,56.6682596596
30,1.0,4.0,56.1723970474
30,1.0,4.0,55.3399189697
30,1.0,4.0,55.0973460527
30,2.0,0.1,46.6583796476
30,2.0,0.1,48.0240200328
30,2.0,0.1,44.7735331437
30,2.0,0.1,45.7138186167
30,2.0,0.1,46.7854188506
30,2.0,1.0,49.857569084
30,2.0,1.0,50.9917949399
30,2.0,1.0,51.5260181094
30,2.0,1.0,48.6889066893
30,2.0,1.0,49.4528551731
30,2.0,2.0,57.5909180752
30,2.0,2.0,60.4194367411
30,2.0,2.0,59.5268048051
30,2.0,2.0,60.5518771147
30,2.0,2.0,54.7470285793
30,2.0,3.0,62.2702433218
30,2.0,3.0,61.6821484774
30,2.0,3.0,61.4394396332
30,2.0,3.0,58.9786747385
30,2.0,3.0,58.7339531847
30,2.0,4.0,57.942562267
30,2.0,4.0,57.6055549816
30,2.0,4.0,62.3788755881
30,2.0,4.0,60.5171286121
30,2.0,4.0,60.6353230296
30,3.0,0.1,45.1641508882
30,3.0,0.1,47.8984996565
30,3.0,0.1,47.7064573375
30,3.0,0.1,46.6433877795
30,3.0,0.1,48.464862547
30,3.0,1.0,55.6176260418
30,3.0,1.0,54.6977014618
30,3.0,1.0,53.3843537189
30,3.0,1.0,55.2858994773
30,3.0,1.0,54.7058905944
30,3.0,2.0,61.2878397768
30,3.0,2.0,55.7060581011
30,3.0,2.0,64.1189473505
30,3.0,2.0,60.7782578528
30,3.0,2.0,59.1108539407
30,3.0,3.0,59.6702426044
30,3.0,3.0,60.8765848067
30,3.0,3.0,56.9188282261
30,3.0,3.0,57.7574702261
30,3.0,3.0,59.2828744763
30,3.0,4.0,58.9321909757
30,3.0,4.0,59.7349621115
30,3.0,4.0,57.1496851517
30,3.0,4.0,58.3176862324
30,3.0,4.0,57.3062389727
30,4.0,0.1,47.0818980852
30,4.0,0.1,48.5277832612
30,4.0,0.1,45.5932480799
30,4.0,0.1,46.2954413998
30,4.0,0.1,46.5920513727
30,4.0,1.0,55.657282673
30,4.0,1.0,55.2331113896
30,4.0,1.0,51.1763049487
30,4.0,1.0,54.6598310678
30,4.0,1.0,52.7922452338
30,4.0,2.0,64.1225600249
30,4.0,2.0,57.323367214
30,4.0,2.0,57.2379214233
30,4.0,2.0,58.0752643132
30,4.0,2.0,60.6557434881
30,4.0,3.0,57.7734868318
30,4.0,3.0,61.8899949367
30,4.0,3.0,60.8301867448
30,4.0,3.0,60.6109588433
30,4.0,3.0,61.6902084873
30,4.0,4.0,57.9828177163
30,4.0,4.0,56.8526532049
30,4.0,4.0,56.1493672777
30,4.0,4.0,59.8438456854
30,4.0,4.0,60.3063900327
1,2.25,2.25,113.289411236
1,2.25,2.25,111.965409198
1,2.25,2.25,110.751733909
1,2.25,2.25,112.593960606
1,2.25,2.25,111.498647412
1,2.25,2.5,112.021661788
1,2.25,2.5,110.725035554
1,2.25,2.5,113.067108062
1,2.25,2.5,111.455184811
1,2.25,2.5,113.362402766
1,2.25,2.75,111.656684978
1,2.25,2.75,112.045840375
1,2.25,2.75,113.270410789
1,2.25,2.75,111.533122696
1,2.25,2.75,111.426041995
1,2.5,2.25,112.610737109
1,2.5,2.25,110.82073766
1,2.5,2.25,111.792716817
1,2.5,2.25,111.571174072
1,2.5,2.25,111.427880989
1,2.5,2.5,111.378655197
1,2.5,2.5,111.117315303
1,2.5,2.5,109.015206799
1,2.5,2.5,109.856027072
1,2.5,2.5,110.794644666
1,2.5,2.75,109.304085703
1,2.5,2.75,109.411472293
1,2.5,2.75,110.492845163
1,2.5,2.75,110.396825039
1,2.5,2.75,108.774402518
1,2.75,2.25,107.945162493
1,2.75,2.25,109.443754414
1,2.75,2.25,108.757907827
1,2.75,2.25,108.354884868
1,2.75,2.25,107.8307749
1,2.75,2.5,108.314094365
1,2.75,2.5,109.740859759
1,2.75,2.5,108.646328158
1,2.75,2.5,109.024578212
1,2.75,2.5,108.377010622
1,2.75,2.75,107.256660062
1,2.75,2.75,107.668219662
1,2.75,2.75,106.829577114
1,2.75,2.75,107.222420931
1,2.75,2.75,108.560592343
5,2.25,2.25,96.2311477298
5,2.25,2.25,92.2319474142
5,2.25,2.25,96.106206767
5,2.25,2.25,96.3435097384
5,2.25,2.25,97.2255894599
5,2.25,2.5,93.5951580201
5,2.25,2.5,96.244275085
5,2.25,2.5,94.9835313477
5,2.25,2.5,94.3662672901
5,2.25,2.5,96.1991631355
5,2.25,2.75,93.2992328149
5,2.25,2.75,94.9972009075
5,2.25,2.75,94.6759408166
5,2.25,2.75,96.4041011563
5,2.25,2.75,96.3061993484
5,2.5,2.25,94.2164147329
5,2.5,2.25,96.1980290105
5,2.5,2.25,98.6263625908
5,2.5,2.25,93.557036423
5,2.5,2.25,93.2210016102
5,2.5,2.5,98.0804128591
5,2.5,2.5,96.3580742859
5,2.5,2.5,98.0664270388
5,2.5,2.5,95.8383003227
5,2.5,2.5,95.1456723083
5,2.5,2.75,98.8359604682
5,2.5,2.75,95.4307645018
5,2.5,2.75,95.6665201959
5,2.5,2.75,95.4328381818
5,2.5,2.75,94.7549338771
5,2.75,2.25,95.5388331641
5,2.75,2.25,96.789971458
5,2.75,2.25,94.0506226044
5,2.75,2.25,99.7647185096
5,2.75,2.25,92.7911372362
5,2.75,2.5,98.1125308008
5,2.75,2.5,91.7597193624
5,2.75,2.5,93.7218681184
5,2.75,2.5,92.1562733756
5,2.75,2.5,91.1834908364
5,2.75,2.75,95.4587438636
5,2.75,2.75,94.4059062081
5,2.75,2.75,95.6946340286
5,2.75,2.75,95.4432258147
5,2.75,2.75,92.9394699442
10,2.25,2.25,83.6967620597
10,2.25,2.25,86.7358409586
10,2.25,2.25,81.0205997647
10,2.25,2.25,84.2533572704
10,2.25,2.25,80.7813273677
10,2.25,2.5,82.643937901
10,2.25,2.5,82.3195533147
10,2.25,2.5,89.4025063909
10,2.25,2.5,84.4832654702
10,2.25,2.5,82.6339719339
10,2.25,2.75,82.8142181895
10,2.25,2.75,85.825949881
10,2.25,2.75,80.7739207425
10,2.25,2.75,82.3934862724
10,2.25,2.75,86.4601602016
10,2.5,2.25,81.9893210419
10,2.5,2.25,85.337968498
10,2.5,2.25,83.7834795033
10,2.5,2.25,81.9693593806
10,2.5,2.25,81.5726312247
10,2.5,2.5,83.7153085424
10,2.5,2.5,85.0147536223
10,2.5,2.5,84.555544193
10,2.5,2.5,83.1446726063
10,2.5,2.5,85.9701994678
10,2.5,2.75,86.7158107021
10,2.5,2.75,85.4729951269
10,2.5,2.75,81.2953863351
10,2.5,2.75,81.6582455936
10,2.5,2.75,87.1352578263
10,2.75,2.25,80.7005497192
10,2.75,2.25,80.0361107493
10,2.75,2.25,80.9937450813
10,2.75,2.25,83.1772697188
10,2.75,2.25,81.3725476407
10,2.75,2.5,84.4436443622
10,2.75,2.5,80.4167474674
10,2.75,2.5,80.7352626668
10,2.75,2.5,84.2312679397
10,2.75,2.5,84.3454839806
10,2.75,2.75,87.0273788694
10,2.75,2.75,86.40036469
10,2.75,2.75,88.2607404701
10,2.75,2.75,83.1578564242
10,2.75,2.75,84.1297993715
20,2.25,2.25,66.1687885922
20,2.25,2.25,66.8737502732
20,2.25,2.25,69.0297511148
20,2.25,2.25,66.7773767776
20,2.25,2.25,67.0951813567
20,2.25,2.5,67.2221122211
20,2.25,2.5,68.803523192
20,2.25,2.5,64.8894804454
20,2.25,2.5,72.8508652986
20,2.25,2.5,69.3417746841
20,2.25,2.75,65.7387033654
20,2.25,2.75,68.8083292049
20,2.25,2.75,65.8233525933
20,2.25,2.75,69.9053952551
20,2.25,2.75,69.0923586413
20,2.5,2.25,66.6174279403
20,2.5,2.25,68.7586969321
20,2.5,2.25,68.6584293179
20,2.5,2.25,69.4072143382
20,2.5,2.25,69.4159642504
20,2.5,2.5,70.4342584031
20,2.5,2.5,68.7225574059
20,2.5,2.5,65.6256762904
20,2.5,2.5,68.9557608624
20,2.5,2.5,68.5417704882
20,2.5,2.75,69.1999350765
20,2.5,2.75,66.8209675363
20,2.5,2.75,70.0837378604
20,2.5,2.75,71.9269051656
20,2.5,2.75,67.0104729722
20,2.75,2.25,71.7569919771
20,2.75,2.25,72.8455331866
20,2.75,2.25,71.2947100902
20,2.75,2.25,66.9215029497
20,2.75,2.25,67.568717176
20,2.75,2.5,69.7750630873
20,2.75,2.5,68.2474526261
20,2.75,2.5,68.233320313
20,2.75,2.5,65.4985815078
20,2.75,2.5,72.92924609
20,2.75,2.75,70.3195011528
20,2.75,2.75,70.4870561119
20,2.75,2.75,69.6898066136
20,2.75,2.75,72.1448938946
20,2.75,2.75,67.5250064008
30,2.25,2.25,57.679336351
30,2.25,2.25,59.3029324391
30,2.25,2.25,58.1893796172
30,2.25,2.25,61.8796772354
30,2.25,2.25,56.6267496844
30,2.25,2.5,57.8361134055
30,2.25,2.5,62.3036341616
30,2.25,2.5,60.9306381325
30,2.25,2.5,61.7819720897
30,2.25,2.5,61.7962187181
30,2.25,2.75,57.9366825468
30,2.25,2.75,59.8427761038
30,2.25,2.75,60.3786575184
30,2.25,2.75,60.6301079433
30,2.25,2.75,61.1031524814
30,2.5,2.25,62.8816331144
30,2.5,2.25,59.7634005774
30,2.5,2.25,58.8479747567
30,2.5,2.25,60.7144024265
30,2.5,2.25,57.1327197343
30,2.5,2.5,58.9564906371
30,2.5,2.5,64.0851185721
30,2.5,2.5,58.7842619908
30,2.5,2.5,60.3820738541
30,2.5,2.5,62.2478660428
30,2.5,2.75,57.3083121636
30,2.5,2.75,60.7740603726
30,2.5,2.75,57.9601736737
30,2.5,2.75,61.2313707022
30,2.5,2.75,60.4610859504
30,2.75,2.25,60.3247531407
30,2.75,2.25,58.2140405955
30,2.75,2.25,57.9189571635
30,2.75,2.25,61.8555671234
30,2.75,2.25,66.1815060622
30,2.75,2.5,60.293941365
30,2.75,2.5,61.6106341693
30,2.75,2.5,59.3574246644
30,2.75,2.5,59.5848173997
30,2.75,2.5,63.812523802
30,2.75,2.75,60.9939429714
30,2.75,2.75,58.682025712
30,2.75,2.75,59.32218555
30,2.75,2.75,58.1517121464
30,2.75,2.75,61.4260266772
1,1,2.25,120.935997365
1,1,2.25,119.241782792
1,1,2.25,121.731784611
1,1,2.25,121.137921846
1,1,2.25,123.212456479
1,1,2.25,119.810922847
1,1,2.25,121.271474788
1,1,2.25,119.667894594
1,1,2.25,121.360307146
1,1,2.25,121.217215026
1,1,2.25,121.545808553
1,1,2.25,122.536119871
1,1,2.25,123.703357925
1,1,2.25,118.913392053
1,1,2.25,121.417000792
1,1,2.5,122.316714078
1,1,2.5,123.725990995
1,1,2.5,121.584357952
1,1,2.5,120.845518127
1,1,2.5,121.269155855
1,1,2.5,120.66944855
1,1,2.5,122.240514596
1,1,2.5,120.76429049
1,1,2.5,120.376763414
1,1,2.5,123.006599438
1,1,2.5,121.277003476
1,1,2.5,120.616635979
1,1,2.5,122.094199434
1,1,2.5,122.982396385
1,1,2.5,123.083782175
1,1,2.75,122.499002343
1,1,2.75,120.297945223
1,1,2.75,122.089938269
1,1,2.75,122.452760801
1,1,2.75,122.769946123
1,1,2.75,120.782871803
1,1,2.75,121.063536437
1,1,2.75,122.693858648
1,1,2.75,120.202668905
1,1,2.75,119.729829633
1,1,2.75,120.720836207
1,1,2.75,120.260515117
1,1,2.75,120.799190923
1,1,2.75,121.826440982
1,1,2.75,121.059621948
1,1,3,119.778067515
1,1,3,122.108596818
1,1,3,121.001063027
1,1,3,122.736420988
1,1,3,120.607209566
1,1,3,122.497749135
1,1,3,120.927506598
1,1,3,120.075535279
1,1,3,119.636784769
1,1,3,120.096836354
1,1,3,119.176644913
1,1,3,122.138590288
1,1,3,120.615998944
1,1,3,121.020412118
1,1,3,123.007618416
1,1,4,119.973799828
1,1,4,122.322098883
1,1,4,119.840448405
1,1,4,123.82212115
1,1,4,123.275623687
1,1,4,121.648673306
1,1,4,121.71103501
1,1,4,121.377404228
1,1,4,123.153827924
1,1,4,120.666532415
1,1,4,121.808656036
1,1,4,121.831868188
1,1,4,120.370607228
1,1,4,120.879936403
1,1,4,119.879832457
1,2.75,2.25,107.694220454
1,2.75,2.25,109.870342492
1,2.75,2.25,110.142114728
1,2.75,2.25,109.184091302
1,2.75,2.25,106.600096421
1,2.75,2.25,108.206197099
1,2.75,2.25,110.080521873
1,2.75,2.25,109.340609007
1,2.75,2.25,108.704513996
1,2.75,2.25,107.124758381
1,2.75,2.25,109.077985849
1,2.75,2.25,108.463262559
1,2.75,2.25,110.853852417
1,2.75,2.25,108.524960072
1,2.75,2.25,109.565697183
1,2.75,2.5,108.55515501
1,2.75,2.5,107.494690037
1,2.75,2.5,108.049311188
1,2.75,2.5,107.209955064
1,2.75,2.5,108.057354562
1,2.75,2.5,108.736860632
1,2.75,2.5,108.875983412
1,2.75,2.5,106.789665324
1,2.75,2.5,108.785866779
1,2.75,2.5,106.95805835
1,2.75,2.5,107.927459369
1,2.75,2.5,109.061714155
1,2.75,2.5,108.733955815
1,2.75,2.5,107.268606546
1,2.75,2.5,108.02049412
1,2.75,2.75,108.115987897
1,2.75,2.75,107.208746896
1,2.75,2.75,108.69505429
1,2.75,2.75,109.041593108
1,2.75,2.75,110.951692837
1,2.75,2.75,107.509749016
1,2.75,2.75,107.822209421
1,2.75,2.75,108.63452603
1,2.75,2.75,107.195993407
1,2.75,2.75,107.158623418
1,2.75,2.75,106.945454195
1,2.75,2.75,107.816138738
1,2.75,2.75,108.602116534
1,2.75,2.75,108.899361106
1,2.75,2.75,107.593386247
1,2.75,3,106.305833364
1,2.75,3,107.194936529
1,2.75,3,108.35444278
1,2.75,3,107.759407342
1,2.75,3,106.865252256
1,2.75,3,108.399580753
1,2.75,3,106.89866593
1,2.75,3,105.600304511
1,2.75,3,107.89603534
1,2.75,3,108.823235229
1,2.75,3,108.445986643
1,2.75,3,108.108720205
1,2.75,3,107.631956307
1,2.75,3,105.840109834
1,2.75,3,108.175301332
1,2.75,4,105.434650077
1,2.75,4,106.115413359
1,2.75,4,106.405541831
1,2.75,4,105.418303096
1,2.75,4,106.104170569
1,2.75,4,105.496467531
1,2.75,4,106.358172436
1,2.75,4,106.046476322
1,2.75,4,106.525241468
1,2.75,4,106.410508128
1,2.75,4,106.954448257
1,2.75,4,107.613118725
1,2.75,4,106.374842986
1,2.75,4,105.500933752
1,2.75,4,106.571723519
1,3,2.25,106.892491069
1,3,2.25,107.096282389
1,3,2.25,106.121319485
1,3,2.25,108.696417735
1,3,2.25,106.710672374
1,3,2.25,107.040013349
1,3,2.25,108.056515137
1,3,2.25,107.141025985
1,3,2.25,107.68760718
1,3,2.25,108.114466209
1,3,2.25,109.007814114
1,3,2.25,107.804610671
1,3,2.25,107.419603354
1,3,2.25,108.02919573
1,3,2.25,107.921502842
1,3,2.5,106.134247215
1,3,2.5,106.185953945
1,3,2.5,104.725228869
1,3,2.5,106.75916321
1,3,2.5,106.277324449
1,3,2.5,106.766587146
1,3,2.5,108.652665339
1,3,2.5,107.357503059
1,3,2.5,106.416256679
1,3,2.5,105.864821278
1,3,2.5,105.587468724
1,3,2.5,106.50859204
1,3,2.5,107.021738201
1,3,2.5,105.883282557
1,3,2.5,106.284090521
1,3,2.75,105.569854129
1,3,2.75,106.419756217
1,3,2.75,105.416360938
1,3,2.75,106.744421803
1,3,2.75,106.004160862
1,3,2.75,105.529047359
1,3,2.75,105.985844542
1,3,2.75,105.650885102
1,3,2.75,106.108926335
1,3,2.75,105.002179932
1,3,2.75,106.42074015
1,3,2.75,105.502935593
1,3,2.75,106.868677978
1,3,2.75,106.028212827
1,3,2.75,104.223735069
1,3,3,105.520535056
1,3,3,105.707940127
1,3,3,104.810399236
1,3,3,105.573996987
1,3,3,104.993248901
1,3,3,105.545874589
1,3,3,105.070599262
1,3,3,105.915542265
1,3,3,105.982001383
1,3,3,105.841798897
1,3,3,105.550525535
1,3,3,105.539672234
1,3,3,105.410811427
1,3,3,104.788278157
1,3,3,103.91803955
1,3,4,103.995239505
1,3,4,104.625583584
1,3,4,103.342386941
1,3,4,103.787767816
1,3,4,103.198290429
1,3,4,103.575485231
1,3,4,104.24874553
1,3,4,103.264328071
1,3,4,103.143647366
1,3,4,103.901411726
1,3,4,103.935535016
1,3,4,104.433390652
1,3,4,104.835489284
1,3,4,104.011760492
1,3,4,102.445497629
5,1,2.25,91.041442406
5,1,2.25,90.8503899939
5,1,2.25,89.8376586769
5,1,2.25,90.2885065475
5,1,2.25,91.1995161658
5,1,2.25,92.352133563
5,1,2.25,92.5168651582
5,1,2.25,90.276137944
5,1,2.25,91.0255935508
5,1,2.25,90.8576126069
5,1,2.25,89.0740790779
5,1,2.25,89.4495188461
5,1,2.25,89.293969251
5,1,2.25,91.1517074079
5,1,2.25,91.8794247982
5,1,2.5,89.6616472
5,1,2.5,92.6796429513
5,1,2.5,91.4207232843
5,1,2.5,89.9875257974
5,1,2.5,89.5663023413
5,1,2.5,91.1547612189
5,1,2.5,93.805511935
5,1,2.5,90.7838524489
5,1,2.5,91.0968039939
5,1,2.5,89.521031787
5,1,2.5,90.781814377
5,1,2.5,90.839019818
5,1,2.5,91.3499051243
5,1,2.5,92.6580166507
5,1,2.5,90.1493275376
5,1,2.75,90.3164066049
5,1,2.75,91.3139314392
5,1,2.75,90.3463863035
5,1,2.75,92.3671556734
5,1,2.75,95.1318428376
5,1,2.75,90.0577235637
5,1,2.75,90.1225616332
5,1,2.75,91.5927940442
5,1,2.75,91.3846824357
5,1,2.75,91.2309823965
5,1,2.75,92.0865460779
5,1,2.75,89.3752498265
5,1,2.75,92.1281212244
5,1,2.75,89.3835897753
5,1,2.75,88.82784854
5,1,3,89.2192151533
5,1,3,95.8678393068
5,1,3,90.1768047395
5,1,3,92.653116782
5,1,3,91.3928252058
5,1,3,91.7628732335
5,1,3,91.2861405549
5,1,3,91.2904080878
5,1,3,90.5183668192
5,1,3,91.9527019448
5,1,3,90.6440223907
5,1,3,91.2607695679
5,1,3,91.8231304821
5,1,3,93.2180661164
5,1,3,90.9217604395
5,1,4,92.8791313795
5,1,4,90.5698793756
5,1,4,92.6719395136
5,1,4,93.235371549
5,1,4,91.99456285
5,1,4,92.4054768833
5,1,4,91.3539876495
5,1,4,92.7139998483
5,1,4,93.3988860573
5,1,4,93.5625822715
5,1,4,93.912368242
5,1,4,94.0334312572
5,1,4,91.5585374408
5,1,4,90.0805478018
5,1,4,91.5092622454
5,2.75,2.25,99.2051903527
5,2.75,2.25,96.3173361877
5,2.75,2.25,95.4784643541
5,2.75,2.25,95.7249429738
5,2.75,2.25,94.0854108142
5,2.75,2.25,95.8182328296
5,2.75,2.25,96.2650286436
5,2.75,2.25,99.973237746
5,2.75,2.25,93.4301586436
5,2.75,2.25,93.5044342918
5,2.75,2.25,93.8603979971
5,2.75,2.25,94.2860198114
5,2.75,2.25,92.9032781136
5,2.75,2.25,95.7875620468
5,2.75,2.25,95.4069950898
5,2.75,2.5,98.2373773204
5,2.75,2.5,95.6556589603
5,2.75,2.5,95.1716578326
5,2.75,2.5,93.1903722471
5,2.75,2.5,95.9423851095
5,2.75,2.5,94.6942682158
5,2.75,2.5,96.0310287875
5,2.75,2.5,91.4330230243
5,2.75,2.5,93.7130771847
5,2.75,2.5,96.1734467487
5,2.75,2.5,96.9643908608
5,2.75,2.5,98.6083718983
5,2.75,2.5,95.3290708961
5,2.75,2.5,97.1831385639
5,2.75,2.5,97.5110833191
5,2.75,2.75,93.5775905675
5,2.75,2.75,94.4932232872
5,2.75,2.75,97.5491180649
5,2.75,2.75,97.6629370587
5,2.75,2.75,94.6190356611
5,2.75,2.75,99.3758963259
5,2.75,2.75,92.5757127249
5,2.75,2.75,94.7390238632
5,2.75,2.75,98.8897568872
5,2.75,2.75,94.3489772649
5,2.75,2.75,96.9659632559
5,2.75,2.75,98.7352932855
5,2.75,2.75,93.8983744188
5,2.75,2.75,94.956772458
5,2.75,2.75,97.2586263736
5,2.75,3,97.565130624
5,2.75,3,93.6258927896
5,2.75,3,96.116172291
5,2.75,3,95.8029536331
5,2.75,3,93.4394766677
5,2.75,3,95.1064086733
5,2.75,3,98.7867987061
5,2.75,3,93.8642720965
5,2.75,3,95.1616450897
5,2.75,3,96.2803133777
5,2.75,3,96.4644154598
5,2.75,3,96.8720716839
5,2.75,3,99.4469977692
5,2.75,3,94.2329356333
5,2.75,3,95.6057935725
5,2.75,4,95.6746910902
5,2.75,4,95.3957888428
5,2.75,4,93.7766413547
5,2.75,4,95.5513750174
5,2.75,4,94.1726560578
5,2.75,4,93.1262648145
5,2.75,4,95.0566109265
5,2.75,4,94.5759196061
5,2.75,4,94.007975058
5,2.75,4,95.9434924832
5,2.75,4,94.7639695114
5,2.75,4,94.9609201657
5,2.75,4,93.658032035
5,2.75,4,96.0017894052
5,2.75,4,94.9598507746
5,3,2.25,93.8198861197
5,3,2.25,94.9887688512
5,3,2.25,95.7220196407
5,3,2.25,95.0235147049
5,3,2.25,94.8631827915
5,3,2.25,92.6785635293
5,3,2.25,92.1152009216
5,3,2.25,96.3389317709
5,3,2.25,92.8653357039
5,3,2.25,95.5127892311
5,3,2.25,94.4521713048
5,3,2.25,93.7455968961
5,3,2.25,98.2063862561
5,3,2.25,93.36915512
5,3,2.25,94.1892360603
5,3,2.5,94.8641341729
5,3,2.5,92.7336070128
5,3,2.5,94.5600834781
5,3,2.5,96.7594097249
5,3,2.5,94.1688112965
5,3,2.5,92.2164473393
5,3,2.5,92.1982027746
5,3,2.5,95.8566185076
5,3,2.5,96.2371817301
5,3,2.5,94.9696350278
5,3,2.5,95.8220731749
5,3,2.5,96.3301077778
5,3,2.5,93.8434450984
5,3,2.5,94.4630129474
5,3,2.5,98.2095399285
5,3,2.75,93.7322856219
5,3,2.75,93.1929468428
5,3,2.75,94.2174247466
5,3,2.75,95.488455792
5,3,2.75,93.308174498
5,3,2.75,96.870604337
5,3,2.75,93.9894803711
5,3,2.75,97.6761446823
5,3,2.75,97.4489503101
5,3,2.75,92.0891338393
5,3,2.75,96.967653982
5,3,2.75,95.6915573424
5,3,2.75,95.9042788238
5,3,2.75,99.0393452397
5,3,2.75,94.6704627147
5,3,3,99.8760738723
5,3,3,97.4391107984
5,3,3,92.8087321028
5,3,3,97.8148372544
5,3,3,99.2597907459
5,3,3,93.7468244187
5,3,3,95.8789142539
5,3,3,97.4549647051
5,3,3,95.5023369483
5,3,3,97.7886311251
5,3,3,94.9377349172
5,3,3,94.8110706555
5,3,3,95.12960456
5,3,3,93.3368426087
5,3,3,99.195176313
5,3,4,94.7588710725
5,3,4,94.378214891
5,3,4,94.862613759
5,3,4,94.9388013329
5,3,4,95.324787519
5,3,4,98.6204898081
5,3,4,94.8921197507
5,3,4,96.2665610973
5,3,4,94.7542534464
5,3,4,95.3194502909
5,3,4,96.4840299899
5,3,4,91.4441789513
5,3,4,97.8139222414
5,3,4,96.725383344
5,3,4,92.9113521949
10,1,2.25,74.7744146372
10,1,2.25,75.3673321531
10,1,2.25,77.4507842432
10,1,2.25,77.364762967
10,1,2.25,76.2025059236
10,1,2.25,79.4992650967
10,1,2.25,75.6294176401
10,1,2.25,76.1276495214
10,1,2.25,74.6981327388
10,1,2.25,79.2202101105
10,1,2.25,77.7574165009
10,1,2.25,76.9883838932
10,1,2.25,76.8991269846
10,1,2.25,76.0199163333
10,1,2.25,76.551657433
10,1,2.5,76.6638721923
10,1,2.5,73.6356743514
10,1,2.5,75.8385767204
10,1,2.5,75.044290701
10,1,2.5,77.2501688848
10,1,2.5,77.1904668398
10,1,2.5,77.0704485368
10,1,2.5,78.4437832314
10,1,2.5,76.1542181236
10,1,2.5,78.4969374382
10,1,2.5,76.6610918195
10,1,2.5,76.3887877024
10,1,2.5,77.4368587064
10,1,2.5,76.4190848251
10,1,2.5,77.8471240066
10,1,2.75,76.8274087131
10,1,2.75,76.3123449983
10,1,2.75,75.4674650471
10,1,2.75,76.0165100998
10,1,2.75,77.3467975327
10,1,2.75,74.1206655012
10,1,2.75,76.6979800249
10,1,2.75,78.8274676046
10,1,2.75,76.2418371697
10,1,2.75,76.3250019409
10,1,2.75,79.4717828842
10,1,2.75,75.3882589546
10,1,2.75,77.2060167425
10,1,2.75,75.6451563062
10,1,2.75,76.9722535096
10,1,3,76.1606738882
10,1,3,79.3398360569
10,1,3,78.2510817531
10,1,3,78.3340293871
10,1,3,75.9662566821
10,1,3,77.9729486663
10,1,3,76.5996611515
10,1,3,78.7769322849
10,1,3,79.9591846652
10,1,3,78.1306752794
10,1,3,77.9798955885
10,1,3,75.5516905442
10,1,3,76.1430337211
10,1,3,76.6058909323
10,1,3,79.5267208335
10,1,4,76.9626703332
10,1,4,76.890890863
10,1,4,79.342100511
10,1,4,78.2918352456
10,1,4,78.5237963658
10,1,4,79.4906158262
10,1,4,80.8433464444
10,1,4,77.1519746737
10,1,4,78.0350306681
10,1,4,77.2357820515
10,1,4,77.2897602426
10,1,4,76.0918698238
10,1,4,76.7440875016
10,1,4,76.3162597079
10,1,4,74.7859043534
10,2.75,2.25,84.6931939927
10,2.75,2.25,81.1187572432
10,2.75,2.25,85.5253484221
10,2.75,2.25,84.8648633679
10,2.75,2.25,81.2664085117
10,2.75,2.25,80.870520623
10,2.75,2.25,86.3517516973
10,2.75,2.25,80.2742221502
10,2.75,2.25,84.8119615263
10,2.75,2.25,81.4296671358
10,2.75,2.25,83.5542472824
10,2.75,2.25,84.6432732396
10,2.75,2.25,89.4520188236
10,2.75,2.25,83.6340224314
10,2.75,2.25,82.2505290994
10,2.75,2.5,87.2203702443
10,2.75,2.5,85.63646592
10,2.75,2.5,81.8009826573
10,2.75,2.5,84.6422264131
10,2.75,2.5,82.4841606906
10,2.75,2.5,82.2386778839
10,2.75,2.5,83.5103240039
10,2.75,2.5,81.762951477
10,2.75,2.5,84.0606686449
10,2.75,2.5,81.6928064554
10,2.75,2.5,84.0228668752
10,2.75,2.5,82.6653453784
10,2.75,2.5,82.5740739315
10,2.75,2.5,83.0546214152
10,2.75,2.5,80.6258244607
10,2.75,2.75,85.1162087393
10,2.75,2.75,79.3758328941
10,2.75,2.75,87.2982912377
10,2.75,2.75,82.7972453889
10,2.75,2.75,82.9862563638
10,2.75,2.75,84.4916173585
10,2.75,2.75,86.3952216705
10,2.75,2.75,86.7209840135
10,2.75,2.75,80.7085767913
10,2.75,2.75,83.2226408352
10,2.75,2.75,79.984930623
10,2.75,2.75,84.5456953615
10,2.75,2.75,81.6180529866
10,2.75,2.75,86.9466255712
10,2.75,2.75,80.6214261545
10,2.75,3,86.9276143804
10,2.75,3,83.3477686992
10,2.75,3,83.3790214468
10,2.75,3,84.4050947284
10,2.75,3,82.154899786
10,2.75,3,84.8284907761
10,2.75,3,86.4782756117
10,2.75,3,83.3235722968
10,2.75,3,81.6045249965
10,2.75,3,87.7532607054
10,2.75,3,83.4049945178
10,2.75,3,85.5473920412
10,2.75,3,83.3802884665
10,2.75,3,81.3851516715
10,2.75,3,80.278207887
10,2.75,4,83.0699951696
10,2.75,4,83.0298413071
10,2.75,4,83.941655546
10,2.75,4,85.0861683717
10,2.75,4,80.5404683872
10,2.75,4,85.9728351119
10,2.75,4,88.2202143342
10,2.75,4,81.4093297463
10,2.75,4,85.405089287
10,2.75,4,86.3094048667
10,2.75,4,81.1679132657
10,2.75,4,81.195693425
10,2.75,4,82.5556785063
10,2.75,4,88.8354486192
10,2.75,4,83.7316809966
10,3,2.25,79.7251436746
10,3,2.25,83.0465539503
10,3,2.25,83.1513834717
10,3,2.25,86.3710862242
10,3,2.25,80.3150927189
10,3,2.25,82.5824504828
10,3,2.25,86.1719835449
10,3,2.25,82.7345862956
10,3,2.25,81.1043932201
10,3,2.25,85.4390533004
10,3,2.25,83.4736651959
10,3,2.25,84.0787760252
10,3,2.25,86.762577772
10,3,2.25,84.3042920252
10,3,2.25,81.0587539292
10,3,2.5,82.633814025
10,3,2.5,84.1835744588
10,3,2.5,80.0393104092
10,3,2.5,85.3742168043
10,3,2.5,83.5028224369
10,3,2.5,85.5394188385
10,3,2.5,84.3434772738
10,3,2.5,82.3927084115
10,3,2.5,82.1097539993
10,3,2.5,83.3932117958
10,3,2.5,82.9933216489
10,3,2.5,84.3312615793
10,3,2.5,82.8349054929
10,3,2.5,85.4011775852
10,3,2.5,84.7335979319
10,3,2.75,86.4587893666
10,3,2.75,82.6816831619
10,3,2.75,84.950399919
10,3,2.75,85.8296095947
10,3,2.75,86.7754575969
10,3,2.75,82.0312113302
10,3,2.75,86.4436966227
10,3,2.75,84.4075367693
10,3,2.75,84.3002339259
10,3,2.75,82.2835721112
10,3,2.75,81.9843189853
10,3,2.75,83.7289552415
10,3,2.75,84.2202544948
10,3,2.75,82.2912527836
10,3,2.75,81.4574163931
10,3,3,84.0412179534
10,3,3,83.881085763
10,3,3,88.7709025822
10,3,3,81.5429264763
10,3,3,85.6275881079
10,3,3,82.7472094571
10,3,3,86.2539516719
10,3,3,84.5939951592
10,3,3,82.3058146068
10,3,3,86.0030834476
10,3,3,87.270734285
10,3,3,84.4898007699
10,3,3,83.8563721476
10,3,3,85.3356882566
10,3,3,88.0784795793
10,3,4,79.1216451031
10,3,4,80.544789906
10,3,4,81.8962219213
10,3,4,82.6011207706
10,3,4,80.99921853
10,3,4,82.3986784894
10,3,4,83.5708948955
10,3,4,83.6993033024
10,3,4,84.2288059574
10,3,4,85.7550899164
10,3,4,81.3100813757
10,3,4,81.7769811215
10,3,4,84.9140383206
10,3,4,79.8846683949
10,3,4,81.2019885711
20,1,2.25,64.3596059748
20,1,2.25,60.9588194364
20,1,2.25,64.5014094118
20,1,2.25,62.9551175734
20,1,2.25,63.1318042742
20,1,2.25,62.1465368757
20,1,2.25,62.9667495445
20,1,2.25,61.996481188
20,1,2.25,63.3082243818
20,1,2.25,63.4187477456
20,1,2.25,60.3810138208
20,1,2.25,62.6114883983
20,1,2.25,61.7768341644
20,1,2.25,64.2631494296
20,1,2.25,63.0346807164
20,1,2.5,62.0148279027
20,1,2.5,62.2083543924
20,1,2.5,63.3487531305
20,1,2.5,62.0635112938
20,1,2.5,65.3125811756
20,1,2.5,61.3045182227
20,1,2.5,60.660550277
20,1,2.5,64.4044748845
20,1,2.5,64.2626247992
20,1,2.5,62.2093292622
20,1,2.5,61.5396841819
20,1,2.5,62.8435430692
20,1,2.5,61.8156722079
20,1,2.5,62.3758927737
20,1,2.5,63.947186095
20,1,2.75,62.5593429391
20,1,2.75,62.1717643859
20,1,2.75,62.1111273455
20,1,2.75,64.3431739868
20,1,2.75,65.0595016027
20,1,2.75,61.5495917352
20,1,2.75,63.3663683776
20,1,2.75,61.9727845478
20,1,2.75,61.0513566496
20,1,2.75,62.2393295218
20,1,2.75,64.1093973122
20,1,2.75,63.7607795881
20,1,2.75,63.7832780127
20,1,2.75,61.7765854806
20,1,2.75,62.3551457444
20,1,3,63.8233587866
20,1,3,62.2758406921
20,1,3,61.5137993471
20,1,3,61.386221793
20,1,3,59.7350754522
20,1,3,63.4099364693
20,1,3,63.1383892194
20,1,3,63.5154489145
20,1,3,66.7826767473
20,1,3,64.7157684866
20,1,3,64.4227006255
20,1,3,61.6123872761
20,1,3,64.4333872455
20,1,3,62.046621276
20,1,3,62.5898403513
20,1,4,59.9034940876
20,1,4,63.3668535634
20,1,4,62.4705983548
20,1,4,65.1897547224
20,1,4,63.9367823358
20,1,4,64.916057043
20,1,4,64.8378303531
20,1,4,63.4573730115
20,1,4,62.9947041052
20,1,4,63.4094983131
20,1,4,63.8506019823
20,1,4,62.4587560442
20,1,4,59.0264182366
20,1,4,64.8956829132
20,1,4,64.2416895631
20,2.75,2.25,70.5643910261
20,2.75,2.25,69.3622346303
20,2.75,2.25,65.3694194265
20,2.75,2.25,66.8498895117
20,2.75,2.25,69.9360510527
20,2.75,2.25,68.208194376
20,2.75,2.25,66.9756386109
20,2.75,2.25,69.1185112221
20,2.75,2.25,67.4484699668
20,2.75,2.25,67.9944138513
20,2.75,2.25,69.1511948437
20,2.75,2.25,68.5741093985
20,2.75,2.25,65.6678446341
20,2.75,2.25,71.5476134906
20,2.75,2.25,69.852841433
20,2.75,2.5,68.3152671327
20,2.75,2.5,68.9928891765
20,2.75,2.5,73.5296897965
20,2.75,2.5,69.620614949
20,2.75,2.5,68.9489224074
20,2.75,2.5,68.9887578419
20,2.75,2.5,69.739771766
20,2.75,2.5,68.2531128795
20,2.75,2.5,69.9069581804
20,2.75,2.5,68.5738321153
20,2.75,2.5,67.8402500926
20,2.75,2.5,67.0794574609
20,2.75,2.5,70.567547492
20,2.75,2.5,69.4763941993
20,2.75,2.5,68.4026172453
20,2.75,2.75,67.3021363522
20,2.75,2.75,68.196600616
20,2.75,2.75,71.8780352438
20,2.75,2.75,72.4358419929
20,2.75,2.75,72.4551499348
20,2.75,2.75,69.8890129764
20,2.75,2.75,68.4868810602
20,2.75,2.75,71.1707547713
20,2.75,2.75,71.2864894924
20,2.75,2.75,67.5871578083
20,2.75,2.75,67.7742478437
20,2.75,2.75,67.4008255005
20,2.75,2.75,69.5079003023
20,2.75,2.75,72.8862704949
20,2.75,2.75,66.8723076069
20,2.75,3,70.3883848585
20,2.75,3,67.6091079443
20,2.75,3,71.3169106676
20,2.75,3,69.173063277
20,2.75,3,69.1247000064
20,2.75,3,68.5933764007
20,2.75,3,69.5553660463
20,2.75,3,71.005661135
20,2.75,3,72.5690312836
20,2.75,3,70.8417661742
20,2.75,3,72.0655954667
20,2.75,3,70.1425224389
20,2.75,3,68.6565807828
20,2.75,3,67.6221656652
20,2.75,3,66.5166079297
20,2.75,4,64.8358161474
20,2.75,4,64.396026839
20,2.75,4,64.3247946281
20,2.75,4,71.8652607901
20,2.75,4,67.2341205149
20,2.75,4,65.5025333458
20,2.75,4,69.5823671626
20,2.75,4,65.1159650323
20,2.75,4,67.8438196558
20,2.75,4,65.9126197231
20,2.75,4,70.6251340265
20,2.75,4,66.0836984624
20,2.75,4,68.2677454182
20,2.75,4,67.3902575838
20,2.75,4,68.1740013978
20,3,2.25,67.7316530678
20,3,2.25,66.470527638
20,3,2.25,70.0698708263
20,3,2.25,66.5094193273
20,3,2.25,68.2212880752
20,3,2.25,69.2921658488
20,3,2.25,68.8671513534
20,3,2.25,71.2285525103
20,3,2.25,67.4160367588
20,3,2.25,70.190693809
20,3,2.25,69.5660685765
20,3,2.25,71.3180229552
20,3,2.25,68.1903080428
20,3,2.25,66.0766197689
20,3,2.25,66.6060478034
20,3,2.5,72.4073813838
20,3,2.5,72.5672268245
20,3,2.5,70.674011223
20,3,2.5,67.8905047448
20,3,2.5,66.365494281
20,3,2.5,68.9702164419
20,3,2.5,71.7374784139
20,3,2.5,67.9884966706
20,3,2.5,68.8255408807
20,3,2.5,70.2260182343
20,3,2.5,67.403438606
20,3,2.5,71.8444870706
20,3,2.5,71.2643700182
20,3,2.5,69.0127460704
20,3,2.5,69.5761388106
20,3,2.75,65.8776055351
20,3,2.75,70.9479020966
20,3,2.75,67.1883904097
20,3,2.75,68.7166403757
20,3,2.75,69.1831881207
20,3,2.75,68.5813639322
20,3,2.75,73.6450170233
20,3,2.75,68.86363761
20,3,2.75,67.3525011395
20,3,2.75,69.8370912567
20,3,2.75,71.5235277839
20,3,2.75,65.7747084877
20,3,2.75,68.8626829795
20,3,2.75,68.7073716762
20,3,2.75,73.006989817
20,3,3,68.498701378
20,3,3,63.7927497237
20,3,3,66.0363732481
20,3,3,70.5026484188
20,3,3,68.4084663165
20,3,3,68.866725059
20,3,3,70.8384201452
20,3,3,69.3292299518
20,3,3,67.3406879383
20,3,3,67.5090074897
20,3,3,68.6278511095
20,3,3,71.2335229536
20,3,3,69.9898667366
20,3,3,72.8490917324
20,3,3,67.7277619567
20,3,4,68.0164613097
20,3,4,66.2608898366
20,3,4,63.7006114809
20,3,4,66.4075873155
20,3,4,65.824713953
20,3,4,64.0634243525
20,3,4,63.5381284869
20,3,4,65.3821934409
20,3,4,70.1189899186
20,3,4,68.8857123996
20,3,4,64.80583696
20,3,4,66.3393929311
20,3,4,66.9449076333
20,3,4,67.9773553677
20,3,4,65.7011908786
30,1,2.25,53.0016592338
30,1,2.25,52.1780173605
30,1,2.25,54.586756771
30,1,2.25,56.2250148382
30,1,2.25,55.4370953171
30,1,2.25,54.0810150659
30,1,2.25,52.7724627404
30,1,2.25,52.5614818797
30,1,2.25,57.0041241663
30,1,2.25,55.2039159949
30,1,2.25,54.446947346
30,1,2.25,53.9577441049
30,1,2.25,53.7158374215
30,1,2.25,58.2579756513
30,1,2.25,53.228689783
30,1,2.5,59.3078453808
30,1,2.5,55.1458502336
30,1,2.5,57.19663822
30,1,2.5,55.7185569421
30,1,2.5,52.2348355492
30,1,2.5,55.4362790089
30,1,2.5,58.1858136957
30,1,2.5,54.1900066493
30,1,2.5,53.066182385
30,1,2.5,53.498071899
30,1,2.5,56.4740429361
30,1,2.5,56.4178738081
30,1,2.5,55.7470957561
30,1,2.5,54.4860309502
30,1,2.5,54.0697497379
30,1,2.75,56.9931352854
30,1,2.75,53.9862963775
30,1,2.75,54.9385883857
30,1,2.75,57.4258468754
30,1,2.75,57.3191066892
30,1,2.75,56.4206693894
30,1,2.75,55.9392449659
30,1,2.75,54.4173131702
30,1,2.75,57.1904066454
30,1,2.75,56.2884723177
30,1,2.75,55.9115978597
30,1,2.75,52.7696943765
30,1,2.75,55.6539711265
30,1,2.75,55.6207337502
30,1,2.75,58.195498592
30,1,3,53.7958858899
30,1,3,55.2321640842
30,1,3,55.4170049864
30,1,3,54.6910094481
30,1,3,55.7132205724
30,1,3,56.0540507509
30,1,3,55.6862514717
30,1,3,57.5689445973
30,1,3,56.2115967908
30,1,3,57.7201602579
30,1,3,55.9526772465
30,1,3,55.5916627644
30,1,3,54.026171133
30,1,3,57.2980987629
30,1,3,53.4258932979
30,1,4,54.813803707
30,1,4,54.8979304573
30,1,4,56.581413801
30,1,4,55.3554867993
30,1,4,54.720918902
30,1,4,58.7484331262
30,1,4,57.139078027
30,1,4,55.2254426475
30,1,4,58.1085660996
30,1,4,56.7026309456
30,1,4,56.1889109925
30,1,4,57.8857073493
30,1,4,54.9479468354
30,1,4,56.6104286874
30,1,4,56.3114764765
30,2.75,2.25,60.9769455301
30,2.75,2.25,58.7658532779
30,2.75,2.25,60.6054719898
30,2.75,2.25,64.8874643454
30,2.75,2.25,62.1642975817
30,2.75,2.25,58.0417253102
30,2.75,2.25,63.425348214
30,2.75,2.25,58.7781593666
30,2.75,2.25,63.2579072735
30,2.75,2.25,58.8973310628
30,2.75,2.25,59.4923108019
30,2.75,2.25,60.7667729983
30,2.75,2.25,62.6412972624
30,2.75,2.25,60.0270198246
30,2.75,2.25,64.7791785446
30,2.75,2.5,59.6369262382
30,2.75,2.5,59.4992640122
30,2.75,2.5,58.475585156
30,2.75,2.5,61.9790104376
30,2.75,2.5,62.2170892215
30,2.75,2.5,60.1829154562
30,2.75,2.5,61.8476100714
30,2.75,2.5,57.1430156743
30,2.75,2.5,61.6618479431
30,2.75,2.5,60.1138000368
30,2.75,2.5,60.6807836568
30,2.75,2.5,54.5742239696
30,2.75,2.5,60.4565168835
30,2.75,2.5,62.5384213224
30,2.75,2.5,60.9296869495
30,2.75,2.75,64.0556615817
30,2.75,2.75,60.0312084293
30,2.75,2.75,59.2902512653
30,2.75,2.75,60.7884148168
30,2.75,2.75,60.6652126238
30,2.75,2.75,56.9510464577
30,2.75,2.75,55.4766137019
30,2.75,2.75,61.1284756125
30,2.75,2.75,60.4452552237
30,2.75,2.75,65.358495401
30,2.75,2.75,59.0731898163
30,2.75,2.75,57.8170653176
30,2.75,2.75,61.1723079442
30,2.75,2.75,58.3238881098
30,2.75,2.75,61.5999722532
30,2.75,3,60.9573676258
30,2.75,3,61.8729531198
30,2.75,3,59.6438509645
30,2.75,3,63.6732959483
30,2.75,3,62.6702076332
30,2.75,3,59.2117920271
30,2.75,3,57.960349131
30,2.75,3,64.3382767342
30,2.75,3,60.0119460424
30,2.75,3,59.0136370184
30,2.75,3,57.0233289099
30,2.75,3,55.770106647
30,2.75,3,55.6808947232
30,2.75,3,60.4993642295
30,2.75,3,60.8995975602
30,2.75,4,59.952823462
30,2.75,4,56.5751664745
30,2.75,4,61.3476420299
30,2.75,4,63.7840539932
30,2.75,4,57.1310532524
30,2.75,4,59.3277752896
30,2.75,4,59.8936483509
30,2.75,4,59.0422285653
30,2.75,4,59.8436597166
30,2.75,4,60.311255961
30,2.75,4,56.6426070875
30,2.75,4,60.0598315718
30,2.75,4,57.2375953264
30,2.75,4,61.5206744743
30,2.75,4,57.8372460975
30,3,2.25,60.7757537353
30,3,2.25,61.4213975142
30,3,2.25,59.5724816724
30,3,2.25,57.428293356
30,3,2.25,60.7537376661
30,3,2.25,55.9009679121
30,3,2.25,60.5935453057
30,3,2.25,60.2659841985
30,3,2.25,62.3073712749
30,3,2.25,59.8783896046
30,3,2.25,61.5994837453
30,3,2.25,59.9449556966
30,3,2.25,57.9247901478
30,3,2.25,58.8049099802
30,3,2.25,59.6951783629
30,3,2.5,62.438676764
30,3,2.5,60.7750383858
30,3,2.5,61.2623165299
30,3,2.5,64.7308256919
30,3,2.5,58.8932346416
30,3,2.5,59.0479083704
30,3,2.5,60.1110344989
30,3,2.5,63.0316793509
30,3,2.5,60.6819095557
30,3,2.5,57.8868761266
30,3,2.5,59.5928057643
30,3,2.5,59.1429617901
30,3,2.5,59.8755331062
30,3,2.5,63.4645791905
30,3,2.5,65.4946584267
30,3,2.75,61.9715640859
30,3,2.75,59.8855285497
30,3,2.75,59.9982033337
30,3,2.75,59.7987807907
30,3,2.75,59.3629384226
30,3,2.75,62.3456248046
30,3,2.75,62.1819298809
30,3,2.75,58.7154838864
30,3,2.75,57.6974087114
30,3,2.75,59.6165826811
30,3,2.75,59.0587624457
30,3,2.75,61.5440577405
30,3,2.75,60.1855318739
30,3,2.75,64.7411014589
30,3,2.75,60.6495650389
30,3,3,60.6740058152
30,3,3,62.9899110991
30,3,3,57.679499866
30,3,3,62.7529711044
30,3,3,63.6943100187
30,3,3,60.2349374316
30,3,3,60.6001025804
30,3,3,62.590257171
30,3,3,63.8268048981
30,3,3,61.2426967256
30,3,3,60.9679738801
30,3,3,61.5112448926
30,3,3,60.0354484727
30,3,3,60.080862027
30,3,3,67.1660724411
30,3,4,56.997661035
30,3,4,60.6079386193
30,3,4,57.8834753799
30,3,4,59.3593943979
30,3,4,62.9351084902
30,3,4,60.2472439735
30,3,4,59.8873095648
30,3,4,59.2978319761
30,3,4,62.3566398456
30,3,4,59.6878920318
30,3,4,60.5852653203
30,3,4,60.640716925
30,3,4,60.7979289534
30,3,4,61.2019564002
30,3,4,58.9884602814
1,2.5,2.5,110.469441685
1,2.5,2.5,111.852452942
1,2.5,2.5,110.301631659
1,2.5,2.5,111.252632999
1,2.5,2.5,110.202087204
1,2.5,2.5,109.789390797
1,2.5,2.5,111.463187758
1,2.5,2.5,109.753835081
1,2.5,2.5,110.353019294
1,2.5,2.5,109.98654269
1,2.5,2.5,112.490032151
1,2.5,2.5,111.493343084
1,2.5,2.5,110.69532962
1,2.5,2.5,111.199550407
1,2.5,2.5,109.737643029
5,2.5,2.5,98.9405968697
5,2.5,2.5,96.7439792301
5,2.5,2.5,99.9717603871
5,2.5,2.5,94.4816989124
5,2.5,2.5,93.9802013907
5,2.5,2.5,96.6162672386
5,2.5,2.5,92.4836722684
5,2.5,2.5,95.1391959449
5,2.5,2.5,97.2554096085
5,2.5,2.5,96.9956711982
5,2.5,2.5,94.2868691297
5,2.5,2.5,95.0015214024
5,2.5,2.5,94.8822696337
5,2.5,2.5,97.732367254
5,2.5,2.5,95.8546265101
10,2.5,2.5,83.2267740015
10,2.5,2.5,85.0703467568
10,2.5,2.5,82.725305914
10,2.5,2.5,81.2544953137
10,2.5,2.5,85.3282711256
10,2.5,2.5,84.7785323171
10,2.5,2.5,84.0107015102
10,2.5,2.5,81.5292003283
10,2.5,2.5,80.1831065922
10,2.5,2.5,84.8443364643
10,2.5,2.5,83.6391245012
10,2.5,2.5,83.6751941343
10,2.5,2.5,85.4236767834
10,2.5,2.5,83.1161910421
10,2.5,2.5,86.8444670572
20,2.5,2.5,68.2898281095
20,2.5,2.5,69.1644797302
20,2.5,2.5,70.0416776905
20,2.5,2.5,68.5837101384
20,2.5,2.5,69.5751085957
20,2.5,2.5,65.6521865168
20,2.5,2.5,69.3558889928
20,2.5,2.5,72.8431220291
20,2.5,2.5,69.7451721641
20,2.5,2.5,68.5405883273
20,2.5,2.5,65.0447666935
20,2.5,2.5,68.645261199
20,2.5,2.5,70.2858852913
20,2.5,2.5,68.5160073238
20,2.5,2.5,69.5550208233
30,2.5,2.5,63.4832955779
30,2.5,2.5,60.9498490586
30,2.5,2.5,58.577268803
30,2.5,2.5,61.7486970834
30,2.5,2.5,63.2636910012
30,2.5,2.5,59.6093437644
30,2.5,2.5,58.0056390945
30,2.5,2.5,56.4538092365
30,2.5,2.5,61.0791801785
30,2.5,2.5,62.0419119738
30,2.5,2.5,59.0980239504
30,2.5,2.5,60.8347727439
30,2.5,2.5,60.7639721695
30,2.5,2.5,60.5146649436
30,2.5,2.5,60.6981550509
