Noise,SigD,SigI,PSNR
10,0.1,0.1,60.04150372
10,0.1,0.1,61.1399699423
10,0.1,0.1,60.0495617548
10,0.1,0.1,59.7719274415
10,0.1,0.1,60.9208472264
10,0.1,1.0,60.0849275605
10,0.1,1.0,62.1081402251
10,0.1,1.0,60.6733992223
10,0.1,1.0,60.6302932916
10,0.1,1.0,60.6802159989
10,0.1,2.0,58.5818717037
10,0.1,2.0,60.9303733237
10,0.1,2.0,61.5478601384
10,0.1,2.0,61.5613724145
10,0.1,2.0,62.359749092
10,0.1,3.0,60.8133133686
10,0.1,3.0,59.1513159614
10,0.1,3.0,57.3414650897
10,0.1,3.0,60.1555625345
10,0.1,3.0,61.016098607
10,0.1,4.0,60.3966686386
10,0.1,4.0,58.9350072833
10,0.1,4.0,60.3436164633
10,0.1,4.0,58.3367513734
10,0.1,4.0,61.5960260962
10,1.0,0.1,60.7419161105
10,1.0,0.1,59.8016721671
10,1.0,0.1,60.7165809463
10,1.0,0.1,62.2178519365
10,1.0,0.1,59.7655585021
10,1.0,1.0,64.6750034902
10,1.0,1.0,65.7017790784
10,1.0,1.0,61.98922136
10,1.0,1.0,64.6429790046
10,1.0,1.0,64.1196249528
10,1.0,2.0,70.5490820097
10,1.0,2.0,69.7588659705
10,1.0,2.0,69.8149790482
10,1.0,2.0,69.306088039
10,1.0,2.0,69.4699516056
10,1.0,3.0,70.965536148
10,1.0,3.0,67.9564691901
10,1.0,3.0,71.4949614374
10,1.0,3.0,70.3467244456
10,1.0,3.0,68.5536031487
10,1.0,4.0,69.79252196
10,1.0,4.0,69.9271482518
10,1.0,4.0,68.7743517133
10,1.0,4.0,72.5008516506
10,1.0,4.0,71.7265642351
10,2.0,0.1,60.7065952335
10,2.0,0.1,59.7415640356
10,2.0,0.1,61.563163257
10,2.0,0.1,61.0027907
10,2.0,0.1,61.7156847302
10,2.0,1.0,64.5743343379
10,2.0,1.0,67.0879431989
10,2.0,1.0,67.213300132
10,2.0,1.0,67.2990140712
10,2.0,1.0,69.2904340186
10,2.0,2.0,73.4637564384
10,2.0,2.0,72.416450598
10,2.0,2.0,76.9086837538
10,2.0,2.0,75.4774634921
10,2.0,2.0,74.0069762182
10,2.0,3.0,71.0643911072
10,2.0,3.0,75.0417940765
10,2.0,3.0,76.6205978595
10,2.0,3.0,74.0847199929
10,2.0,3.0,73.1153688387
10,2.0,4.0,70.244721818
10,2.0,4.0,75.904496061
10,2.0,4.0,72.4424542251
10,2.0,4.0,71.9010310681
10,2.0,4.0,74.7540898602
10,3.0,0.1,62.047848334
10,3.0,0.1,61.5222734185
10,3.0,0.1,61.2742999307
10,3.0,0.1,61.225573298
10,3.0,0.1,60.4674709147
10,3.0,1.0,68.0340849545
10,3.0,1.0,69.940187307
10,3.0,1.0,66.6902570368
10,3.0,1.0,68.0017628431
10,3.0,1.0,68.7385522581
10,3.0,2.0,72.5908095959
10,3.0,2.0,73.1805508746
10,3.0,2.0,74.6799258175
10,3.0,2.0,74.8259494777
10,3.0,2.0,74.0821748265
10,3.0,3.0,79.1781086791
10,3.0,3.0,76.2075199
10,3.0,3.0,76.7499628559
10,3.0,3.0,77.9028272547
10,3.0,3.0,74.4373623086
10,3.0,4.0,70.9583893722
10,3.0,4.0,69.3593024042
10,3.0,4.0,75.5026693283
10,3.0,4.0,73.0034037164
10,3.0,4.0,74.0000059375
10,4.0,0.1,62.3088662482
10,4.0,0.1,58.183368642
10,4.0,0.1,59.9305443299
10,4.0,0.1,60.8968110331
10,4.0,0.1,61.4660581893
10,4.0,1.0,68.3254432257
10,4.0,1.0,70.9418536937
10,4.0,1.0,69.8580741075
10,4.0,1.0,71.1765875462
10,4.0,1.0,68.476579985
10,4.0,2.0,78.0720911343
10,4.0,2.0,73.7232795049
10,4.0,2.0,76.1166825154
10,4.0,2.0,78.7526368693
10,4.0,2.0,78.2646445197
10,4.0,3.0,71.1177228063
10,4.0,3.0,73.3190845963
10,4.0,3.0,70.5787564878
10,4.0,3.0,74.7258354861
10,4.0,3.0,74.0448540598
10,4.0,4.0,69.5519297874
10,4.0,4.0,70.2159866802
10,4.0,4.0,71.0949106984
10,4.0,4.0,69.4678709964
10,4.0,4.0,71.6870990671
20,0.1,0.1,47.1171994818
20,0.1,0.1,49.0605423018
20,0.1,0.1,52.8067263136
20,0.1,0.1,46.7602474747
20,0.1,0.1,50.0116819378
20,0.1,1.0,50.5523923363
20,0.1,1.0,48.5815326341
20,0.1,1.0,45.8728399003
20,0.1,1.0,48.003090646
20,0.1,1.0,48.0380184753
20,0.1,2.0,46.1646983882
20,0.1,2.0,47.7420342777
20,0.1,2.0,47.4569525775
20,0.1,2.0,48.1409222799
20,0.1,2.0,47.4163847715
20,0.1,3.0,49.3673261308
20,0.1,3.0,44.9326235913
20,0.1,3.0,47.6868810708
20,0.1,3.0,48.6494792124
20,0.1,3.0,49.1638136089
20,0.1,4.0,48.4372674373
20,0.1,4.0,46.5387151147
20,0.1,4.0,49.5616154832
20,0.1,4.0,45.5376299617
20,0.1,4.0,48.1163990427
20,1.0,0.1,46.2924329604
20,1.0,0.1,45.5684810106
20,1.0,0.1,46.6602257943
20,1.0,0.1,49.6415588558
20,1.0,0.1,47.0528412676
20,1.0,1.0,50.7433049743
20,1.0,1.0,51.7276400065
20,1.0,1.0,48.1301364568
20,1.0,1.0,52.4818268672
20,1.0,1.0,49.6498767858
20,1.0,2.0,55.8321874135
20,1.0,2.0,56.1301521621
20,1.0,2.0,54.3485778889
20,1.0,2.0,53.3641911231
20,1.0,2.0,56.3998346406
20,1.0,3.0,55.9575769152
20,1.0,3.0,59.4750139947
20,1.0,3.0,56.4075079568
20,1.0,3.0,55.5722433506
20,1.0,3.0,57.13070288
20,1.0,4.0,58.5848052753
20,1.0,4.0,58.9325767452
20,1.0,4.0,56.3979952722
20,1.0,4.0,54.1558802552
20,1.0,4.0,57.8261603567
20,2.0,0.1,46.4350580593
20,2.0,0.1,45.9256345882
20,2.0,0.1,47.8498693618
20,2.0,0.1,48.5507023778
20,2.0,0.1,46.409772339
20,2.0,1.0,50.7699503157
20,2.0,1.0,57.2496679154
20,2.0,1.0,52.6886376474
20,2.0,1.0,51.9011449403
20,2.0,1.0,53.446998021
20,2.0,2.0,59.6491439799
20,2.0,2.0,62.3464127281
20,2.0,2.0,56.5576904695
20,2.0,2.0,60.4855957326
20,2.0,2.0,55.8996475641
20,2.0,3.0,58.5878225957
20,2.0,3.0,63.5030972418
20,2.0,3.0,58.4283612293
20,2.0,3.0,60.2197129581
20,2.0,3.0,61.3825374453
20,2.0,4.0,61.2333788745
20,2.0,4.0,58.2027843962
20,2.0,4.0,62.7870404373
20,2.0,4.0,60.3135765462
20,2.0,4.0,62.4255064022
20,3.0,0.1,50.0396960121
20,3.0,0.1,46.0918917426
20,3.0,0.1,45.3587877214
20,3.0,0.1,47.0250935181
20,3.0,0.1,46.1558484021
20,3.0,1.0,54.4694268217
20,3.0,1.0,55.3906569101
20,3.0,1.0,52.6937760956
20,3.0,1.0,55.5157851335
20,3.0,1.0,57.8126364712
20,3.0,2.0,59.2454355049
20,3.0,2.0,59.8592778949
20,3.0,2.0,64.913130593
20,3.0,2.0,57.6680268282
20,3.0,2.0,60.2335889981
20,3.0,3.0,61.2351248559
20,3.0,3.0,62.4486415359
20,3.0,3.0,64.3365621629
20,3.0,3.0,58.9637897406
20,3.0,3.0,60.4307655869
20,3.0,4.0,64.7230934495
20,3.0,4.0,64.9431756839
20,3.0,4.0,58.9167825173
20,3.0,4.0,62.3944385847
20,3.0,4.0,61.8047655132
20,4.0,0.1,48.4994443452
20,4.0,0.1,47.5345392131
20,4.0,0.1,47.049984879
20,4.0,0.1,48.518279562
20,4.0,0.1,48.7499508291
20,4.0,1.0,54.438843504
20,4.0,1.0,52.5020171584
20,4.0,1.0,50.0369817995
20,4.0,1.0,53.0395499784
20,4.0,1.0,53.3371245115
20,4.0,2.0,67.4291079893
20,4.0,2.0,64.2353642699
20,4.0,2.0,62.8664530429
20,4.0,2.0,60.7945276051
20,4.0,2.0,61.2720391085
20,4.0,3.0,62.3167179691
20,4.0,3.0,63.4808936689
20,4.0,3.0,60.3918826236
20,4.0,3.0,62.5090948984
20,4.0,3.0,65.2903051307
20,4.0,4.0,61.7954243985
20,4.0,4.0,63.8877988105
20,4.0,4.0,62.7554061183
20,4.0,4.0,59.3877941045
20,4.0,4.0,64.3740822135
30,0.1,0.1,41.2282537671
30,0.1,0.1,39.9133040809
30,0.1,0.1,42.431648951
30,0.1,0.1,41.1291959564
30,0.1,0.1,42.0939672785
30,0.1,1.0,39.1247237109
30,0.1,1.0,41.8173475452
30,0.1,1.0,42.2537482819
30,0.1,1.0,39.5956823537
30,0.1,1.0,41.7316379488
30,0.1,2.0,41.1436383485
30,0.1,2.0,41.1583788332
30,0.1,2.0,41.9057478442
30,0.1,2.0,38.1900347861
30,0.1,2.0,43.1770757742
30,0.1,3.0,42.100855165
30,0.1,3.0,40.4415335572
30,0.1,3.0,39.9576776199
30,0.1,3.0,41.362907069
30,0.1,3.0,38.6796372412
30,0.1,4.0,40.0321547629
30,0.1,4.0,38.8596487151
30,0.1,4.0,41.5361980003
30,0.1,4.0,42.1380741344
30,0.1,4.0,40.2308288161
30,1.0,0.1,40.896598183
30,1.0,0.1,40.7549039637
30,1.0,0.1,40.6500360673
30,1.0,0.1,40.1604580357
30,1.0,0.1,43.8657065701
30,1.0,1.0,43.3326904492
30,1.0,1.0,42.5079981811
30,1.0,1.0,44.920304795
30,1.0,1.0,47.069567343
30,1.0,1.0,46.0096972427
30,1.0,2.0,48.549038101
30,1.0,2.0,46.0543091934
30,1.0,2.0,45.8970908754
30,1.0,2.0,46.9798221588
30,1.0,2.0,50.5471660823
30,1.0,3.0,48.6597125448
30,1.0,3.0,47.2079089448
30,1.0,3.0,47.6726299594
30,1.0,3.0,49.5591082179
30,1.0,3.0,50.8738986712
30,1.0,4.0,47.5365341804
30,1.0,4.0,48.5477839287
30,1.0,4.0,47.9054828377
30,1.0,4.0,48.4976759063
30,1.0,4.0,50.5368270066
30,2.0,0.1,38.0966902189
30,2.0,0.1,40.9376313038
30,2.0,0.1,41.5112363642
30,2.0,0.1,41.4205757102
30,2.0,0.1,42.4886913316
30,2.0,1.0,48.5215123649
30,2.0,1.0,49.3715160214
30,2.0,1.0,45.6296524979
30,2.0,1.0,45.3952923522
30,2.0,1.0,49.8865283681
30,2.0,2.0,55.2347527523
30,2.0,2.0,53.8308280493
30,2.0,2.0,49.1299744692
30,2.0,2.0,50.9366713987
30,2.0,2.0,49.0321225125
30,2.0,3.0,56.8590721776
30,2.0,3.0,50.5155423976
30,2.0,3.0,50.28234233
30,2.0,3.0,52.1026524323
30,2.0,3.0,48.5615089253
30,2.0,4.0,52.5385961843
30,2.0,4.0,51.6295685651
30,2.0,4.0,52.1323360499
30,2.0,4.0,53.0184412088
30,2.0,4.0,49.2771081108
30,3.0,0.1,43.2024301984
30,3.0,0.1,39.0763444389
30,3.0,0.1,40.319109403
30,3.0,0.1,40.4949412311
30,3.0,0.1,40.4202608005
30,3.0,1.0,48.0610006768
30,3.0,1.0,46.2926995742
30,3.0,1.0,48.4404124501
30,3.0,1.0,44.9220090508
30,3.0,1.0,47.4609634109
30,3.0,2.0,53.8714305769
30,3.0,2.0,56.4369879261
30,3.0,2.0,51.6682062362
30,3.0,2.0,50.961427055
30,3.0,2.0,52.4195147385
30,3.0,3.0,58.6600392724
30,3.0,3.0,60.3341410567
30,3.0,3.0,58.5134443988
30,3.0,3.0,56.8383208483
30,3.0,3.0,57.2444826893
30,3.0,4.0,56.0752069148
30,3.0,4.0,56.2277445679
30,3.0,4.0,56.6667193333
30,3.0,4.0,59.0241155637
30,3.0,4.0,54.6154702622
30,4.0,0.1,43.803484336
30,4.0,0.1,41.7562614672
30,4.0,0.1,39.4606159116
30,4.0,0.1,41.7149092004
30,4.0,0.1,39.8442171552
30,4.0,1.0,47.7617709531
30,4.0,1.0,47.9379630151
30,4.0,1.0,47.5200917041
30,4.0,1.0,51.6894315373
30,4.0,1.0,47.7372612497
30,4.0,2.0,55.8875877502
30,4.0,2.0,53.7393679898
30,4.0,2.0,51.8783601246
30,4.0,2.0,51.7779252243
30,4.0,2.0,54.3323063278
30,4.0,3.0,58.6235849887
30,4.0,3.0,55.8107213726
30,4.0,3.0,55.9500609608
30,4.0,3.0,55.7198701581
30,4.0,3.0,58.591130618
30,4.0,4.0,60.3430253694
30,4.0,4.0,58.0402898304
30,4.0,4.0,59.8993178814
30,4.0,4.0,57.7789837908
30,4.0,4.0,59.1822267416
10,2.25,2.25,74.958610635
10,2.25,2.25,71.0894520551
10,2.25,2.25,75.5082908275
10,2.25,2.25,75.2035965262
10,2.25,2.25,75.2601624732
10,2.25,2.5,71.0397398659
10,2.25,2.5,72.0137710164
10,2.25,2.5,77.1986847058
10,2.25,2.5,77.1173307181
10,2.25,2.5,75.8273744999
10,2.25,2.75,80.1252670987
10,2.25,2.75,72.9751250742
10,2.25,2.75,81.7878558892
10,2.25,2.75,77.0663937461
10,2.25,2.75,71.645595167
10,2.5,2.25,77.2582801566
10,2.5,2.25,78.700205294
10,2.5,2.25,77.7499784494
10,2.5,2.25,70.3954730769
10,2.5,2.25,72.4653112007
10,2.5,2.5,74.7890023104
10,2.5,2.5,78.3171984569
10,2.5,2.5,73.2702396064
10,2.5,2.5,77.6256263228
10,2.5,2.5,75.0723241198
10,2.5,2.75,75.9207681156
10,2.5,2.75,77.2732427412
10,2.5,2.75,73.7921803105
10,2.5,2.75,76.8746998163
10,2.5,2.75,74.7711957881
10,2.75,2.25,78.152990821
10,2.75,2.25,77.3149691901
10,2.75,2.25,72.1302671439
10,2.75,2.25,76.3472125657
10,2.75,2.25,74.872161275
10,2.75,2.5,74.7938774047
10,2.75,2.5,77.3463196533
10,2.75,2.5,78.2023822769
10,2.75,2.5,75.0144485504
10,2.75,2.5,73.0919438167
10,2.75,2.75,76.6775378439
10,2.75,2.75,73.9098291828
10,2.75,2.75,73.0744845944
10,2.75,2.75,73.6677055482
10,2.75,2.75,73.2968186214
20,2.25,2.25,59.0069816505
20,2.25,2.25,57.3557686747
20,2.25,2.25,62.2719474322
20,2.25,2.25,64.4610321289
20,2.25,2.25,57.6027264031
20,2.25,2.5,60.1681540896
20,2.25,2.5,59.6917342863
20,2.25,2.5,61.5554410665
20,2.25,2.5,58.5373413279
20,2.25,2.5,62.6389038672
20,2.25,2.75,60.7149499881
20,2.25,2.75,60.9401509874
20,2.25,2.75,57.1073243998
20,2.25,2.75,61.8545556354
20,2.25,2.75,59.5074224246
20,2.5,2.25,57.807840522
20,2.5,2.25,62.8380031853
20,2.5,2.25,60.8001692188
20,2.5,2.25,57.7124113638
20,2.5,2.25,59.0425918712
20,2.5,2.5,61.5517023332
20,2.5,2.5,59.2970351766
20,2.5,2.5,64.5106166719
20,2.5,2.5,55.3557616033
20,2.5,2.5,60.3230732563
20,2.5,2.75,60.0557513398
20,2.5,2.75,59.5758574637
20,2.5,2.75,58.7754354286
20,2.5,2.75,62.5662512941
20,2.5,2.75,60.2050563101
20,2.75,2.25,59.6347880171
20,2.75,2.25,63.2977875655
20,2.75,2.25,62.5728741955
20,2.75,2.25,59.5728112303
20,2.75,2.25,61.3695735153
20,2.75,2.5,61.5144290299
20,2.75,2.5,59.9121672041
20,2.75,2.5,62.2540857116
20,2.75,2.5,62.8106955682
20,2.75,2.5,61.6012841449
20,2.75,2.75,61.2447875063
20,2.75,2.75,66.8599046526
20,2.75,2.75,61.6558404162
20,2.75,2.75,55.3936110577
20,2.75,2.75,62.4864278037
30,2.25,2.25,54.0647148876
30,2.25,2.25,51.5831268287
30,2.25,2.25,52.3963253271
30,2.25,2.25,54.0402600679
30,2.25,2.25,54.6455343873
30,2.25,2.5,52.9381989063
30,2.25,2.5,54.8200051107
30,2.25,2.5,53.5450933165
30,2.25,2.5,55.5553181425
30,2.25,2.5,54.0539304558
30,2.25,2.75,52.7654252959
30,2.25,2.75,53.1949765389
30,2.25,2.75,52.7446345634
30,2.25,2.75,53.7570432861
30,2.25,2.75,52.9199231492
30,2.5,2.25,51.4822977017
30,2.5,2.25,51.4179934022
30,2.5,2.25,52.206168551
30,2.5,2.25,56.4295728883
30,2.5,2.25,55.9766525213
30,2.5,2.5,52.3314935541
30,2.5,2.5,51.804447664
30,2.5,2.5,52.8412852052
30,2.5,2.5,53.7793547162
30,2.5,2.5,51.3292703268
30,2.5,2.75,54.2668894587
30,2.5,2.75,54.6381207223
30,2.5,2.75,54.1679316507
30,2.5,2.75,55.8662528957
30,2.5,2.75,54.9234843056
30,2.75,2.25,54.6837058296
30,2.75,2.25,53.9648073814
30,2.75,2.25,56.0621352658
30,2.75,2.25,56.1482792029
30,2.75,2.25,51.8913823588
30,2.75,2.5,55.9313276382
30,2.75,2.5,54.8647866179
30,2.75,2.5,56.1790357717
30,2.75,2.5,51.9884807427
30,2.75,2.5,58.3591534539
30,2.75,2.75,54.0724683082
30,2.75,2.75,52.6879418958
30,2.75,2.75,54.836643841
30,2.75,2.75,51.234625276
30,2.75,2.75,59.0552867053
10,2.25,2.25,72.8180733563
10,2.25,2.25,81.1300638632
10,2.25,2.25,73.1606995197
10,2.25,2.25,73.8044448975
10,2.25,2.25,74.6518600745
10,2.25,2.5,71.0675628245
10,2.25,2.5,71.9741767929
10,2.25,2.5,74.213884718
10,2.25,2.5,75.1418389885
10,2.25,2.5,74.8624788849
10,2.25,2.75,73.2158295156
10,2.25,2.75,72.7620342398
10,2.25,2.75,74.2870527689
10,2.25,2.75,73.4032641322
10,2.25,2.75,72.4033915405
10,2.5,2.25,74.5834428417
10,2.5,2.25,79.073850828
10,2.5,2.25,71.9478919779
10,2.5,2.25,75.6279729163
10,2.5,2.25,76.3650299836
10,2.5,2.5,71.7631170593
10,2.5,2.5,73.9669094941
10,2.5,2.5,79.0821596963
10,2.5,2.5,73.1322078194
10,2.5,2.5,74.2274319562
10,2.5,2.75,70.8473945346
10,2.5,2.75,73.9856837707
10,2.5,2.75,83.9840900831
10,2.5,2.75,80.974553024
10,2.5,2.75,71.9067374356
10,2.75,2.25,76.3440820926
10,2.75,2.25,75.5045263642
10,2.75,2.25,72.0496119102
10,2.75,2.25,72.8482116103
10,2.75,2.25,83.9897796737
10,2.75,2.5,74.8354400955
10,2.75,2.5,73.7113657304
10,2.75,2.5,72.1236023431
10,2.75,2.5,75.2045703529
10,2.75,2.5,72.7923946738
10,2.75,2.75,74.5082657973
10,2.75,2.75,74.8366117911
10,2.75,2.75,72.2625983885
10,2.75,2.75,72.1892386437
10,2.75,2.75,75.3299612133
20,2.25,2.25,61.1306510131
20,2.25,2.25,57.5217828861
20,2.25,2.25,62.3266220451
20,2.25,2.25,60.5951208391
20,2.25,2.25,58.3619878681
20,2.25,2.5,62.4642226573
20,2.25,2.5,54.1935178795
20,2.25,2.5,61.5599853587
20,2.25,2.5,62.8428556272
20,2.25,2.5,59.4698656615
20,2.25,2.75,61.0702928046
20,2.25,2.75,61.3418416256
20,2.25,2.75,59.2438272452
20,2.25,2.75,59.8730583519
20,2.25,2.75,63.0780638513
20,2.5,2.25,60.9028961434
20,2.5,2.25,57.6711950475
20,2.5,2.25,58.929266156
20,2.5,2.25,61.2239933511
20,2.5,2.25,63.748828453
20,2.5,2.5,61.9788158498
20,2.5,2.5,64.4494831622
20,2.5,2.5,60.104065393
20,2.5,2.5,59.4774962052
20,2.5,2.5,62.2123352046
20,2.5,2.75,60.6520190858
20,2.5,2.75,63.2853671831
20,2.5,2.75,62.8981719256
20,2.5,2.75,62.7978866904
20,2.5,2.75,61.0970941138
20,2.75,2.25,60.8145065324
20,2.75,2.25,59.8892883155
20,2.75,2.25,67.0760942705
20,2.75,2.25,65.0734524464
20,2.75,2.25,64.4113739087
20,2.75,2.5,59.4069828588
20,2.75,2.5,61.4062782046
20,2.75,2.5,62.6034107286
20,2.75,2.5,61.8513803785
20,2.75,2.5,59.744822414
20,2.75,2.75,62.0787970648
20,2.75,2.75,63.7838172289
20,2.75,2.75,62.2207396314
20,2.75,2.75,61.7119804781
20,2.75,2.75,63.5856228675
30,2.25,2.25,50.8015128418
30,2.25,2.25,46.6871285116
30,2.25,2.25,55.2054230896
30,2.25,2.25,55.4216774751
30,2.25,2.25,50.1567017456
30,2.25,2.5,57.7721721689
30,2.25,2.5,54.0882246827
30,2.25,2.5,54.2752740528
30,2.25,2.5,53.1558821988
30,2.25,2.5,56.0076056515
30,2.25,2.75,50.6049543963
30,2.25,2.75,54.3507277928
30,2.25,2.75,54.4673081558
30,2.25,2.75,53.9650937225
30,2.25,2.75,51.9709243462
30,2.5,2.25,51.4306573962
30,2.5,2.25,54.9460981491
30,2.5,2.25,54.8558964275
30,2.5,2.25,51.929538039
30,2.5,2.25,52.7148396356
30,2.5,2.5,56.1620884132
30,2.5,2.5,50.2498973397
30,2.5,2.5,52.4252138054
30,2.5,2.5,53.4026518574
30,2.5,2.5,53.5557002145
30,2.5,2.75,54.2652680478
30,2.5,2.75,54.6762897573
30,2.5,2.75,53.9626885251
30,2.5,2.75,54.4780811194
30,2.5,2.75,53.6263901098
30,2.75,2.25,54.5230582762
30,2.75,2.25,51.7809174239
30,2.75,2.25,52.2990430462
30,2.75,2.25,52.4230040917
30,2.75,2.25,56.2293363406
30,2.75,2.5,55.1508710648
30,2.75,2.5,57.6406407675
30,2.75,2.5,56.161862004
30,2.75,2.5,54.3420394604
30,2.75,2.5,55.5101730349
30,2.75,2.75,54.0066331581
30,2.75,2.75,57.3072497482
30,2.75,2.75,54.6171061797
30,2.75,2.75,52.3671682782
30,2.75,2.75,59.5668199169
1,2.25,2.25,123.881947184
1,2.25,2.25,126.033896667
1,2.25,2.25,128.162274387
1,2.25,2.25,127.286704389
1,2.25,2.25,124.800249532
1,2.25,2.5,125.187120414
1,2.25,2.5,127.435625677
1,2.25,2.5,125.939369664
1,2.25,2.5,126.108936442
1,2.25,2.5,126.205071411
1,2.25,2.75,125.980098377
1,2.25,2.75,123.513652259
1,2.25,2.75,125.3431706
1,2.25,2.75,125.136146837
1,2.25,2.75,122.601006874
1,2.5,2.25,127.09479016
1,2.5,2.25,127.543891602
1,2.5,2.25,127.275947294
1,2.5,2.25,126.405775904
1,2.5,2.25,122.638936165
1,2.5,2.5,126.844998108
1,2.5,2.5,127.326363288
1,2.5,2.5,126.608066574
1,2.5,2.5,127.422130185
1,2.5,2.5,124.378781826
1,2.5,2.75,126.003868867
1,2.5,2.75,123.636474085
1,2.5,2.75,125.37149607
1,2.5,2.75,126.175229973
1,2.5,2.75,124.768077072
1,2.75,2.25,130.750826877
1,2.75,2.25,126.093060831
1,2.75,2.25,126.649262536
1,2.75,2.25,130.629058687
1,2.75,2.25,123.164616547
1,2.75,2.5,129.110815446
1,2.75,2.5,128.354263965
1,2.75,2.5,122.82751158
1,2.75,2.5,125.482621646
1,2.75,2.5,130.926175591
1,2.75,2.75,125.051991874
1,2.75,2.75,123.333909619
1,2.75,2.75,122.41685072
1,2.75,2.75,128.819627679
1,2.75,2.75,127.799815516
5,2.25,2.25,92.5337005316
5,2.25,2.25,87.7106429796
5,2.25,2.25,92.3307747943
5,2.25,2.25,91.4418923156
5,2.25,2.25,93.7857275721
5,2.25,2.5,91.3880657947
5,2.25,2.5,92.4857674311
5,2.25,2.5,92.1533435366
5,2.25,2.5,96.4605586384
5,2.25,2.5,91.0441684253
5,2.25,2.75,94.8249576556
5,2.25,2.75,94.0910972096
5,2.25,2.75,93.5474748635
5,2.25,2.75,96.1088656191
5,2.25,2.75,94.838469747
5,2.5,2.25,93.9447593553
5,2.5,2.25,94.9931570171
5,2.5,2.25,92.7074492102
5,2.5,2.25,91.7129742571
5,2.5,2.25,92.7769733421
5,2.5,2.5,91.1474787228
5,2.5,2.5,95.5993313271
5,2.5,2.5,93.3472941118
5,2.5,2.5,92.1227048546
5,2.5,2.5,92.8871196612
5,2.5,2.75,93.3308514782
5,2.5,2.75,90.5179463444
5,2.5,2.75,91.9884583642
5,2.5,2.75,95.0802406919
5,2.5,2.75,97.8804501651
5,2.75,2.25,94.7274141596
5,2.75,2.25,92.4244683853
5,2.75,2.25,93.5239869964
5,2.75,2.25,96.1983630714
5,2.75,2.25,93.5077012365
5,2.75,2.5,96.479985493
5,2.75,2.5,90.2648060034
5,2.75,2.5,94.6095569145
5,2.75,2.5,92.7110896792
5,2.75,2.5,97.9822407088
5,2.75,2.75,89.1218741899
5,2.75,2.75,94.2744303353
5,2.75,2.75,93.6361003537
5,2.75,2.75,97.1990353995
5,2.75,2.75,98.6702072887
1,2.5,2.5,126.046397998
1,2.5,2.5,125.235454817
1,2.5,2.5,125.308852673
1,2.5,2.5,122.774164947
1,2.5,2.5,124.494437891
1,2.5,2.5,125.957898731
1,2.5,2.5,128.026025497
1,2.5,2.5,125.538635168
1,2.5,2.5,126.129806249
1,2.5,2.5,126.52584901
1,2.5,2.5,129.963430868
1,2.5,2.5,126.211558053
1,2.5,2.5,126.382508308
1,2.5,2.5,130.52743083
1,2.5,2.5,128.896744309
5,2.5,2.5,93.3670959873
5,2.5,2.5,91.2149750787
5,2.5,2.5,96.6013212252
5,2.5,2.5,90.104020217
5,2.5,2.5,90.951526285
5,2.5,2.5,94.6323752944
5,2.5,2.5,95.1138837925
5,2.5,2.5,93.3927424085
5,2.5,2.5,91.6485900398
5,2.5,2.5,94.3024553749
5,2.5,2.5,94.2449784665
5,2.5,2.5,90.8518128965
5,2.5,2.5,91.8270861315
5,2.5,2.5,90.5647145565
5,2.5,2.5,92.6728032868
10,2.5,2.5,73.085209083
10,2.5,2.5,72.5031381002
10,2.5,2.5,76.4878928737
10,2.5,2.5,78.2197016227
10,2.5,2.5,73.0842510311
10,2.5,2.5,73.3844915328
10,2.5,2.5,77.2269871774
10,2.5,2.5,73.4756050428
10,2.5,2.5,74.7202343638
10,2.5,2.5,78.379159885
10,2.5,2.5,76.770108938
10,2.5,2.5,76.1984190227
10,2.5,2.5,78.4227950016
10,2.5,2.5,76.0907570756
10,2.5,2.5,77.861256578
20,2.5,2.5,59.4050261742
20,2.5,2.5,63.2480017787
20,2.5,2.5,58.3605381049
20,2.5,2.5,58.8288947544
20,2.5,2.5,61.9176424073
20,2.5,2.5,59.6771325638
20,2.5,2.5,60.2134973505
20,2.5,2.5,59.2252090141
20,2.5,2.5,64.3085394644
20,2.5,2.5,59.5512088159
20,2.5,2.5,61.7222150235
20,2.5,2.5,63.5489432678
20,2.5,2.5,57.4896315838
20,2.5,2.5,60.2892953856
20,2.5,2.5,61.2447474792
30,2.5,2.5,53.261302792
30,2.5,2.5,51.5263026827
30,2.5,2.5,52.0402590254
30,2.5,2.5,56.316118317
30,2.5,2.5,50.3259493978
30,2.5,2.5,53.9390188106
30,2.5,2.5,57.0346989879
30,2.5,2.5,54.3416671766
30,2.5,2.5,53.0791673112
30,2.5,2.5,53.2310823011
30,2.5,2.5,53.1483818922
30,2.5,2.5,54.9989754211
30,2.5,2.5,55.5434475959
30,2.5,2.5,55.7329024118
30,2.5,2.5,55.9893858069
1,2.25,2.25,130.37710876
1,2.25,2.25,126.780305703
1,2.25,2.25,125.178878489
1,2.25,2.25,125.133603384
1,2.25,2.25,124.246946162
1,2.25,2.25,122.28427687
1,2.25,2.25,123.995577964
1,2.25,2.25,128.32369982
1,2.25,2.25,126.990207339
1,2.25,2.25,127.557690656
1,2.25,2.25,121.584994583
1,2.25,2.25,128.820458351
1,2.25,2.25,127.123414803
1,2.25,2.25,125.891386187
1,2.25,2.25,125.463372608
1,2.25,2.5,127.433239506
1,2.25,2.5,128.652806166
1,2.25,2.5,125.934717242
1,2.25,2.5,128.002472046
1,2.25,2.5,127.911951514
1,2.25,2.5,126.468417966
1,2.25,2.5,122.173534556
1,2.25,2.5,127.27839943
1,2.25,2.5,124.039535608
1,2.25,2.5,123.176471271
1,2.25,2.5,126.991831394
1,2.25,2.5,126.053685188
1,2.25,2.5,127.592365633
1,2.25,2.5,126.435899405
1,2.25,2.5,127.787180658
1,2.25,2.75,120.02587692
1,2.25,2.75,122.974565847
1,2.25,2.75,123.870911918
1,2.25,2.75,126.290242806
1,2.25,2.75,122.81925297
1,2.25,2.75,127.215341388
1,2.25,2.75,123.814774439
1,2.25,2.75,126.999040133
1,2.25,2.75,123.921297292
1,2.25,2.75,125.36080206
1,2.25,2.75,125.822277714
1,2.25,2.75,127.143598964
1,2.25,2.75,125.345821083
1,2.25,2.75,123.579384037
1,2.25,2.75,125.703812524
1,2.25,3,124.985345111
1,2.25,3,125.192485689
1,2.25,3,124.533373864
1,2.25,3,124.717001695
1,2.25,3,124.861655146
1,2.25,3,124.234603014
1,2.25,3,128.136364602
1,2.25,3,122.839431409
1,2.25,3,122.792787126
1,2.25,3,122.390138394
1,2.25,3,126.417961319
1,2.25,3,126.164569013
1,2.25,3,124.038796527
1,2.25,3,124.839495059
1,2.25,3,124.86485405
1,2.75,2.25,124.482226017
1,2.75,2.25,127.126654514
1,2.75,2.25,124.81084903
1,2.75,2.25,127.277412556
1,2.75,2.25,128.065829488
1,2.75,2.25,129.838169917
1,2.75,2.25,125.325156093
1,2.75,2.25,130.337384457
1,2.75,2.25,127.693287622
1,2.75,2.25,122.104217732
1,2.75,2.25,128.207555175
1,2.75,2.25,126.548868201
1,2.75,2.25,129.347907153
1,2.75,2.25,126.180020202
1,2.75,2.25,129.647043355
1,2.75,2.5,127.087165817
1,2.75,2.5,128.079221959
1,2.75,2.5,126.279499861
1,2.75,2.5,125.587463075
1,2.75,2.5,125.159214282
1,2.75,2.5,125.106489392
1,2.75,2.5,125.74661868
1,2.75,2.5,126.248747333
1,2.75,2.5,125.263670247
1,2.75,2.5,125.602689928
1,2.75,2.5,128.6711188
1,2.75,2.5,123.709072835
1,2.75,2.5,127.89618589
1,2.75,2.5,123.969459768
1,2.75,2.5,124.978843149
1,2.75,2.75,127.743336371
1,2.75,2.75,126.894455107
1,2.75,2.75,130.846553639
1,2.75,2.75,123.884480519
1,2.75,2.75,128.041666987
1,2.75,2.75,128.398305194
1,2.75,2.75,126.941360173
1,2.75,2.75,128.14801487
1,2.75,2.75,126.167737783
1,2.75,2.75,127.29493599
1,2.75,2.75,124.328480492
1,2.75,2.75,129.582217007
1,2.75,2.75,126.741432073
1,2.75,2.75,125.459309078
1,2.75,2.75,122.149009736
1,2.75,3,125.555895128
1,2.75,3,128.362922096
1,2.75,3,125.430517444
1,2.75,3,126.020302664
1,2.75,3,123.1718712
1,2.75,3,125.259745008
1,2.75,3,125.546642799
1,2.75,3,126.056952289
1,2.75,3,122.985879867
1,2.75,3,127.669060919
1,2.75,3,128.016886156
1,2.75,3,128.235448257
1,2.75,3,126.70365613
1,2.75,3,130.379151666
1,2.75,3,128.075168371
1,4,2.25,127.944956246
1,4,2.25,122.573899853
1,4,2.25,131.481929465
1,4,2.25,129.147474327
1,4,2.25,128.232197945
1,4,2.25,128.737382564
1,4,2.25,123.928587329
1,4,2.25,122.961004271
1,4,2.25,125.179316263
1,4,2.25,125.36128077
1,4,2.25,127.183280312
1,4,2.25,126.060385966
1,4,2.25,127.287170537
1,4,2.25,128.27420376
1,4,2.25,126.979727209
1,4,2.5,126.011380314
1,4,2.5,128.181046972
1,4,2.5,123.74177132
1,4,2.5,122.575713371
1,4,2.5,128.223893175
1,4,2.5,127.133884999
1,4,2.5,125.429379237
1,4,2.5,128.311774112
1,4,2.5,125.604532216
1,4,2.5,128.789179825
1,4,2.5,127.440118604
1,4,2.5,128.441778759
1,4,2.5,126.428788468
1,4,2.5,127.134543657
1,4,2.5,125.283246627
1,4,2.75,125.128103436
1,4,2.75,122.379815396
1,4,2.75,125.959253367
1,4,2.75,124.552244919
1,4,2.75,130.193252034
1,4,2.75,125.415224745
1,4,2.75,122.721093235
1,4,2.75,122.897126189
1,4,2.75,126.348102518
1,4,2.75,129.259566784
1,4,2.75,129.182795809
1,4,2.75,129.453172567
1,4,2.75,125.395123583
1,4,2.75,127.75182197
1,4,2.75,129.031528097
1,4,3,125.779044473
1,4,3,129.177289814
1,4,3,125.91798026
1,4,3,122.146309367
1,4,3,125.401713164
1,4,3,127.253545721
1,4,3,123.576250942
1,4,3,130.463098011
1,4,3,128.510283797
1,4,3,129.187955626
1,4,3,125.385154846
1,4,3,127.125277571
1,4,3,128.852195248
1,4,3,122.942859324
1,4,3,126.402677313
5,2.25,2.25,91.4206076954
5,2.25,2.25,92.5253044539
5,2.25,2.25,92.8970730885
5,2.25,2.25,91.8802588868
5,2.25,2.25,92.4887513093
5,2.25,2.25,92.8525111585
5,2.25,2.25,91.350103767
5,2.25,2.25,90.4371852727
5,2.25,2.25,93.351648818
5,2.25,2.25,89.3431501075
5,2.25,2.25,91.4373502369
5,2.25,2.25,93.707017767
5,2.25,2.25,89.2895906591
5,2.25,2.25,95.1454257293
5,2.25,2.25,94.1077009015
5,2.25,2.5,90.0615472719
5,2.25,2.5,91.2233195912
5,2.25,2.5,94.4846528409
5,2.25,2.5,93.4628811116
5,2.25,2.5,96.5930906337
5,2.25,2.5,92.436282419
5,2.25,2.5,87.9654779037
5,2.25,2.5,93.550802588
5,2.25,2.5,87.8814073516
5,2.25,2.5,93.5074415892
5,2.25,2.5,91.5944246622
5,2.25,2.5,96.0017062039
5,2.25,2.5,90.9519660931
5,2.25,2.5,92.1548271188
5,2.25,2.5,90.0116770157
5,2.25,2.75,94.0157751661
5,2.25,2.75,92.6436415394
5,2.25,2.75,95.4006371521
5,2.25,2.75,88.8146823572
5,2.25,2.75,95.2645080756
5,2.25,2.75,92.6518902879
5,2.25,2.75,88.3585637484
5,2.25,2.75,95.0444351897
5,2.25,2.75,91.8650320197
5,2.25,2.75,95.4800932983
5,2.25,2.75,88.9671849605
5,2.25,2.75,91.9225028116
5,2.25,2.75,89.4291013899
5,2.25,2.75,91.1564519812
5,2.25,2.75,94.3975027268
5,2.25,3,91.0800861483
5,2.25,3,94.1175396004
5,2.25,3,94.4351922583
5,2.25,3,95.0994266208
5,2.25,3,93.7650061301
5,2.25,3,90.3057309135
5,2.25,3,88.8394811068
5,2.25,3,90.5558347703
5,2.25,3,96.7860761322
5,2.25,3,91.1766290743
5,2.25,3,91.8228317787
5,2.25,3,93.8188761245
5,2.25,3,93.1152408262
5,2.25,3,91.3004802961
5,2.25,3,94.8481140243
5,2.75,2.25,92.3801565383
5,2.75,2.25,92.3244400962
5,2.75,2.25,92.4726417303
5,2.75,2.25,94.3704818218
5,2.75,2.25,90.4939140503
5,2.75,2.25,91.9706780466
5,2.75,2.25,96.7688270765
5,2.75,2.25,94.2014774943
5,2.75,2.25,96.5844602918
5,2.75,2.25,93.0115317375
5,2.75,2.25,93.5305909895
5,2.75,2.25,92.9580794778
5,2.75,2.25,94.890636861
5,2.75,2.25,89.3270423091
5,2.75,2.25,93.1930585044
5,2.75,2.5,89.7977321038
5,2.75,2.5,99.8839892867
5,2.75,2.5,94.061277953
5,2.75,2.5,91.6815108418
5,2.75,2.5,95.6523247209
5,2.75,2.5,89.693304992
5,2.75,2.5,92.4976687059
5,2.75,2.5,92.305382417
5,2.75,2.5,91.012252362
5,2.75,2.5,93.9843581134
5,2.75,2.5,91.8104928879
5,2.75,2.5,94.0778929199
5,2.75,2.5,97.0397056055
5,2.75,2.5,92.1323914177
5,2.75,2.5,93.5384287136
5,2.75,2.75,87.1230291263
5,2.75,2.75,89.6474017254
5,2.75,2.75,92.6039379677
5,2.75,2.75,89.2438015811
5,2.75,2.75,93.9597686677
5,2.75,2.75,94.2468090514
5,2.75,2.75,95.0101284457
5,2.75,2.75,91.6220301038
5,2.75,2.75,94.5530824383
5,2.75,2.75,92.2490380623
5,2.75,2.75,91.4509686146
5,2.75,2.75,94.8083009382
5,2.75,2.75,92.3064858771
5,2.75,2.75,88.8877865088
5,2.75,2.75,94.9996739844
5,2.75,3,93.6570688455
5,2.75,3,93.0946102751
5,2.75,3,93.7996129539
5,2.75,3,93.5534043234
5,2.75,3,92.4791771449
5,2.75,3,94.2000824579
5,2.75,3,92.637795269
5,2.75,3,94.8567397696
5,2.75,3,93.5977049555
5,2.75,3,90.8746511332
5,2.75,3,90.4020690856
5,2.75,3,89.6559695171
5,2.75,3,93.597525516
5,2.75,3,91.6351369209
5,2.75,3,90.0759283716
5,4,2.25,96.7748434672
5,4,2.25,98.4755278583
5,4,2.25,97.6710154612
5,4,2.25,92.1354652165
5,4,2.25,98.7328075983
5,4,2.25,96.0445089772
5,4,2.25,99.0021681922
5,4,2.25,96.9797008791
5,4,2.25,95.9110642472
5,4,2.25,89.3470047286
5,4,2.25,97.1166522378
5,4,2.25,91.0814018805
5,4,2.25,97.5315344914
5,4,2.25,94.9268983151
5,4,2.25,96.5358604852
5,4,2.5,97.2809521555
5,4,2.5,98.36870514
5,4,2.5,89.3329819783
5,4,2.5,99.2073071774
5,4,2.5,97.5430944754
5,4,2.5,95.5981569749
5,4,2.5,98.3928859287
5,4,2.5,92.4606522636
5,4,2.5,98.1377410193
5,4,2.5,96.8555535707
5,4,2.5,94.6758033375
5,4,2.5,94.8531839001
5,4,2.5,95.9807284392
5,4,2.5,92.6464899493
5,4,2.5,97.6847399521
5,4,2.75,94.469775581
5,4,2.75,92.5072606139
5,4,2.75,98.9481108314
5,4,2.75,96.2182477451
5,4,2.75,99.2646588069
5,4,2.75,95.614140842
5,4,2.75,92.677391328
5,4,2.75,98.8886892071
5,4,2.75,97.1946239088
5,4,2.75,97.1849703404
5,4,2.75,96.2816788097
5,4,2.75,95.1361105406
5,4,2.75,99.6298616662
5,4,2.75,95.5427781278
5,4,2.75,100.537896774
5,4,3,93.7361449796
5,4,3,92.1426881858
5,4,3,99.3112305489
5,4,3,96.5327070695
5,4,3,93.6069077624
5,4,3,97.1636360985
5,4,3,97.1997984098
5,4,3,92.0708241223
5,4,3,90.1101964912
5,4,3,94.5949660654
5,4,3,93.4932879516
5,4,3,96.0777907642
5,4,3,93.4559928311
5,4,3,100.21894286
5,4,3,100.491846605
10,2.25,2.25,74.9438767915
10,2.25,2.25,75.8124704512
10,2.25,2.25,72.1506951977
10,2.25,2.25,76.747184084
10,2.25,2.25,72.1614499322
10,2.25,2.25,75.8879870676
10,2.25,2.25,73.9466667493
10,2.25,2.25,72.2950837264
10,2.25,2.25,73.8744180144
10,2.25,2.25,75.6607631677
10,2.25,2.25,74.4323395456
10,2.25,2.25,76.7521287705
10,2.25,2.25,70.454506757
10,2.25,2.25,77.8032172733
10,2.25,2.25,75.8400945109
10,2.25,2.5,77.0137864422
10,2.25,2.5,77.194001838
10,2.25,2.5,77.9366596713
10,2.25,2.5,79.2046710641
10,2.25,2.5,79.2932854544
10,2.25,2.5,71.1804545854
10,2.25,2.5,76.149709387
10,2.25,2.5,73.1801462374
10,2.25,2.5,78.1805406664
10,2.25,2.5,75.3787007298
10,2.25,2.5,77.9469280105
10,2.25,2.5,79.7218859112
10,2.25,2.5,73.2921161765
10,2.25,2.5,74.5867868743
10,2.25,2.5,74.3046469445
10,2.25,2.75,79.5472607302
10,2.25,2.75,76.7875272537
10,2.25,2.75,77.3402478602
10,2.25,2.75,73.6563425265
10,2.25,2.75,72.4975391562
10,2.25,2.75,74.4318276321
10,2.25,2.75,70.5950904722
10,2.25,2.75,78.3119038425
10,2.25,2.75,75.4497578943
10,2.25,2.75,80.1074750385
10,2.25,2.75,76.1039958884
10,2.25,2.75,75.061402254
10,2.25,2.75,75.6750932444
10,2.25,2.75,72.4552196385
10,2.25,2.75,77.0770871465
10,2.25,3,74.3276845315
10,2.25,3,74.782485993
10,2.25,3,69.4717130277
10,2.25,3,71.4492634192
10,2.25,3,72.9574716901
10,2.25,3,71.425640185
10,2.25,3,71.0279982183
10,2.25,3,69.6541151715
10,2.25,3,77.6817805502
10,2.25,3,74.9017932647
10,2.25,3,72.4796375322
10,2.25,3,70.7401381939
10,2.25,3,72.5322762854
10,2.25,3,71.3812258137
10,2.25,3,71.0148844275
10,2.75,2.25,75.9827309428
10,2.75,2.25,73.3101568178
10,2.75,2.25,79.5687068122
10,2.75,2.25,74.9668190913
10,2.75,2.25,73.5508628709
10,2.75,2.25,77.4032905228
10,2.75,2.25,75.075036331
10,2.75,2.25,77.7754944599
10,2.75,2.25,72.3083285461
10,2.75,2.25,75.6630642519
10,2.75,2.25,77.1947629542
10,2.75,2.25,77.8635616996
10,2.75,2.25,78.7512185243
10,2.75,2.25,76.3881270205
10,2.75,2.25,73.3616406227
10,2.75,2.5,79.4884021912
10,2.75,2.5,78.3163198012
10,2.75,2.5,77.2067420452
10,2.75,2.5,77.8282866333
10,2.75,2.5,76.3122968182
10,2.75,2.5,74.1493789592
10,2.75,2.5,76.3538206133
10,2.75,2.5,70.8122001922
10,2.75,2.5,80.7399081545
10,2.75,2.5,75.0630430261
10,2.75,2.5,77.3054455238
10,2.75,2.5,69.2954386886
10,2.75,2.5,75.3582718725
10,2.75,2.5,75.0253440133
10,2.75,2.5,80.4880199313
10,2.75,2.75,77.7316724117
10,2.75,2.75,74.7438683566
10,2.75,2.75,76.7529109739
10,2.75,2.75,74.0090950295
10,2.75,2.75,74.8133575252
10,2.75,2.75,78.636549931
10,2.75,2.75,69.1876849211
10,2.75,2.75,74.7743893094
10,2.75,2.75,78.229868157
10,2.75,2.75,73.4123597403
10,2.75,2.75,76.8701173294
10,2.75,2.75,75.710877717
10,2.75,2.75,76.0879996165
10,2.75,2.75,71.2733543607
10,2.75,2.75,72.7476390805
10,2.75,3,70.3927859738
10,2.75,3,72.8020294342
10,2.75,3,75.7059803277
10,2.75,3,72.9810544879
10,2.75,3,76.4900404203
10,2.75,3,73.1739240129
10,2.75,3,75.9073967111
10,2.75,3,79.7961833195
10,2.75,3,71.499698214
10,2.75,3,73.3766487834
10,2.75,3,71.0866218509
10,2.75,3,73.3552235228
10,2.75,3,76.4620915657
10,2.75,3,74.4910974426
10,2.75,3,69.6096457503
10,4,2.25,80.9499745692
10,4,2.25,74.1929044125
10,4,2.25,75.0770317449
10,4,2.25,81.2052277552
10,4,2.25,71.0106926682
10,4,2.25,71.4208614691
10,4,2.25,76.0620167407
10,4,2.25,72.0320828632
10,4,2.25,80.9913390064
10,4,2.25,72.5404799636
10,4,2.25,77.832088003
10,4,2.25,75.8607510909
10,4,2.25,79.8396123497
10,4,2.25,79.549466786
10,4,2.25,70.4813833989
10,4,2.5,72.5247803387
10,4,2.5,81.5155712997
10,4,2.5,78.4436745103
10,4,2.5,75.7449236533
10,4,2.5,80.0727150592
10,4,2.5,78.9230034138
10,4,2.5,77.4627798655
10,4,2.5,76.8533983732
10,4,2.5,75.5091570322
10,4,2.5,75.3912400129
10,4,2.5,75.0297295694
10,4,2.5,73.2573628063
10,4,2.5,74.9987461648
10,4,2.5,75.2112325277
10,4,2.5,71.9936713976
10,4,2.75,73.5359875902
10,4,2.75,75.3932281919
10,4,2.75,70.9434114556
10,4,2.75,67.9220006482
10,4,2.75,78.3350116907
10,4,2.75,75.8986699314
10,4,2.75,75.8490795525
10,4,2.75,75.7934109166
10,4,2.75,74.1638485829
10,4,2.75,74.6814917977
10,4,2.75,70.9820449497
10,4,2.75,71.913304112
10,4,2.75,77.3527872147
10,4,2.75,75.9256905958
10,4,2.75,73.6612111574
10,4,3,71.8419203915
10,4,3,77.16378469
10,4,3,72.1441811981
10,4,3,73.5692654403
10,4,3,72.4703639494
10,4,3,70.8926596517
10,4,3,70.4860209816
10,4,3,76.2626504519
10,4,3,72.6032085156
10,4,3,76.4831191847
10,4,3,75.1672666747
10,4,3,71.194030346
10,4,3,73.0953563593
10,4,3,73.5465155489
10,4,3,71.051153576
20,2.25,2.25,61.9984027893
20,2.25,2.25,59.1950062113
20,2.25,2.25,59.473893769
20,2.25,2.25,60.6566729757
20,2.25,2.25,60.5963884808
20,2.25,2.25,62.5797752583
20,2.25,2.25,59.1027147759
20,2.25,2.25,58.9362080936
20,2.25,2.25,59.9524980137
20,2.25,2.25,57.7210876596
20,2.25,2.25,64.4096188938
20,2.25,2.25,59.2192527768
20,2.25,2.25,58.9794341813
20,2.25,2.25,59.1345993486
20,2.25,2.25,60.8524845619
20,2.25,2.5,61.7034376488
20,2.25,2.5,57.5976751151
20,2.25,2.5,57.584912541
20,2.25,2.5,63.8775368704
20,2.25,2.5,61.1432274444
20,2.25,2.5,59.551257902
20,2.25,2.5,60.568873065
20,2.25,2.5,59.1168746277
20,2.25,2.5,59.9250285241
20,2.25,2.5,58.3401948162
20,2.25,2.5,60.6216264096
20,2.25,2.5,63.2896955071
20,2.25,2.5,61.2364930371
20,2.25,2.5,61.3076087626
20,2.25,2.5,59.6946784313
20,2.25,2.75,60.6893113555
20,2.25,2.75,61.9367447869
20,2.25,2.75,60.6725097521
20,2.25,2.75,63.0554359821
20,2.25,2.75,59.0364985682
20,2.25,2.75,59.1728928725
20,2.25,2.75,58.836281742
20,2.25,2.75,61.008567761
20,2.25,2.75,59.9787471445
20,2.25,2.75,59.942449657
20,2.25,2.75,65.5645536546
20,2.25,2.75,61.9172277873
20,2.25,2.75,61.2159758444
20,2.25,2.75,63.2222939863
20,2.25,2.75,57.1733414416
20,2.25,3,59.3115598997
20,2.25,3,65.1058596879
20,2.25,3,59.7056178793
20,2.25,3,59.9004490111
20,2.25,3,62.2181804217
20,2.25,3,62.3848395215
20,2.25,3,60.3297739065
20,2.25,3,60.5562699572
20,2.25,3,61.1445885979
20,2.25,3,56.8688596567
20,2.25,3,56.0107651509
20,2.25,3,60.4793357511
20,2.25,3,63.4397157266
20,2.25,3,61.2504244708
20,2.25,3,63.6632965592
20,2.75,2.25,59.6486602527
20,2.75,2.25,65.1913703318
20,2.75,2.25,61.643918137
20,2.75,2.25,60.9609859627
20,2.75,2.25,59.654394621
20,2.75,2.25,59.8613837646
20,2.75,2.25,59.2167335737
20,2.75,2.25,60.2812599627
20,2.75,2.25,58.0545828143
20,2.75,2.25,61.8505851403
20,2.75,2.25,59.5433999634
20,2.75,2.25,58.4599479657
20,2.75,2.25,59.7014407864
20,2.75,2.25,59.2197831156
20,2.75,2.25,64.9392631135
20,2.75,2.5,59.6117646053
20,2.75,2.5,59.1580648821
20,2.75,2.5,60.9098025147
20,2.75,2.5,63.9657150367
20,2.75,2.5,57.5160690948
20,2.75,2.5,60.8555311337
20,2.75,2.5,61.8219264278
20,2.75,2.5,63.5902475872
20,2.75,2.5,63.2156025354
20,2.75,2.5,58.7354463538
20,2.75,2.5,64.7585204755
20,2.75,2.5,60.729343162
20,2.75,2.5,61.4373483391
20,2.75,2.5,59.8305773824
20,2.75,2.5,65.0376677671
20,2.75,2.75,63.2864109487
20,2.75,2.75,60.6506929685
20,2.75,2.75,61.9693007043
20,2.75,2.75,60.794679282
20,2.75,2.75,59.8587833882
20,2.75,2.75,61.4792118253
20,2.75,2.75,61.9117676175
20,2.75,2.75,65.2601136461
20,2.75,2.75,59.4237945133
20,2.75,2.75,62.9262025605
20,2.75,2.75,60.4680303237
20,2.75,2.75,62.7356166888
20,2.75,2.75,61.7393771039
20,2.75,2.75,62.0084295805
20,2.75,2.75,57.7205263133
20,2.75,3,59.2067717179
20,2.75,3,60.1412920011
20,2.75,3,58.4875651519
20,2.75,3,59.7672225941
20,2.75,3,60.220718328
20,2.75,3,63.1931245567
20,2.75,3,59.0076598364
20,2.75,3,63.4201850022
20,2.75,3,60.3872536645
20,2.75,3,62.0613091969
20,2.75,3,61.1321080423
20,2.75,3,62.6029656408
20,2.75,3,61.7167759501
20,2.75,3,58.528797831
20,2.75,3,58.7141391705
20,4,2.25,62.3423741846
20,4,2.25,67.6809982203
20,4,2.25,62.4165717383
20,4,2.25,63.7365222398
20,4,2.25,60.0684935589
20,4,2.25,61.1289023413
20,4,2.25,65.2776350734
20,4,2.25,65.7861901468
20,4,2.25,64.1559961507
20,4,2.25,62.7300802031
20,4,2.25,61.9102404027
20,4,2.25,61.8606004001
20,4,2.25,58.0343378586
20,4,2.25,63.1428797918
20,4,2.25,58.3653429514
20,4,2.5,62.4422192024
20,4,2.5,60.246677496
20,4,2.5,63.4396406248
20,4,2.5,58.6587415768
20,4,2.5,60.6708512514
20,4,2.5,62.3887805102
20,4,2.5,61.4504113742
20,4,2.5,64.0631905871
20,4,2.5,64.0882065475
20,4,2.5,64.4029395152
20,4,2.5,61.9269828363
20,4,2.5,60.4172382277
20,4,2.5,61.6344778725
20,4,2.5,61.5558495169
20,4,2.5,64.1501248967
20,4,2.75,58.7275874129
20,4,2.75,62.7440586771
20,4,2.75,62.2801834481
20,4,2.75,64.4786456843
20,4,2.75,62.0505306218
20,4,2.75,64.7287725428
20,4,2.75,58.3472404495
20,4,2.75,62.3790920803
20,4,2.75,64.533315029
20,4,2.75,65.80229708
20,4,2.75,62.134003984
20,4,2.75,61.3157454821
20,4,2.75,61.3600775351
20,4,2.75,65.6853825696
20,4,2.75,63.6030487925
20,4,3,61.4005770057
20,4,3,62.9243279416
20,4,3,57.9823576873
20,4,3,60.8085790492
20,4,3,60.8709016763
20,4,3,63.0543870376
20,4,3,60.6690081054
20,4,3,62.3925107125
20,4,3,65.3823273235
20,4,3,63.5891232121
20,4,3,63.7754682696
20,4,3,63.956597442
20,4,3,57.3284125996
20,4,3,63.6238716428
20,4,3,62.0578879972
30,2.25,2.25,52.5537454133
30,2.25,2.25,52.4279800768
30,2.25,2.25,52.4282447199
30,2.25,2.25,51.259383342
30,2.25,2.25,55.0222828996
30,2.25,2.25,51.3104796009
30,2.25,2.25,52.2081225532
30,2.25,2.25,51.6870136603
30,2.25,2.25,53.1607593674
30,2.25,2.25,55.8081051804
30,2.25,2.25,54.0590963958
30,2.25,2.25,49.2355444336
30,2.25,2.25,49.2739960892
30,2.25,2.25,50.6536632256
30,2.25,2.25,51.7551810423
30,2.25,2.5,50.5725948349
30,2.25,2.5,51.4812997885
30,2.25,2.5,52.2170646196
30,2.25,2.5,53.9527735635
30,2.25,2.5,53.8655682974
30,2.25,2.5,53.3777549876
30,2.25,2.5,54.5007207588
30,2.25,2.5,52.1276976397
30,2.25,2.5,51.9272665726
30,2.25,2.5,54.9264302242
30,2.25,2.5,53.7564328957
30,2.25,2.5,52.7770863085
30,2.25,2.5,51.1749920253
30,2.25,2.5,51.1515468475
30,2.25,2.5,54.9638171434
30,2.25,2.75,52.8564989002
30,2.25,2.75,53.5891495759
30,2.25,2.75,54.9221926978
30,2.25,2.75,53.1193712459
30,2.25,2.75,50.8775841119
30,2.25,2.75,53.9097298804
30,2.25,2.75,49.789653614
30,2.25,2.75,54.5000302752
30,2.25,2.75,52.1231209625
30,2.25,2.75,51.1107173048
30,2.25,2.75,58.2361737867
30,2.25,2.75,52.0697284075
30,2.25,2.75,52.5762469539
30,2.25,2.75,52.5613276052
30,2.25,2.75,50.4179231467
30,2.25,3,57.8338355593
30,2.25,3,52.9209173904
30,2.25,3,54.4878522382
30,2.25,3,52.6500043593
30,2.25,3,54.086329449
30,2.25,3,50.212131465
30,2.25,3,51.1449057388
30,2.25,3,56.3895550008
30,2.25,3,53.3152438437
30,2.25,3,52.4857428467
30,2.25,3,53.2836925872
30,2.25,3,52.8601796735
30,2.25,3,53.2013252621
30,2.25,3,55.3481483812
30,2.25,3,57.2807999528
30,2.75,2.25,51.0277927932
30,2.75,2.25,53.1291856432
30,2.75,2.25,55.0196662908
30,2.75,2.25,55.1036965887
30,2.75,2.25,54.471767608
30,2.75,2.25,53.5433894103
30,2.75,2.25,53.245091959
30,2.75,2.25,50.9934350631
30,2.75,2.25,54.9862885334
30,2.75,2.25,53.9144653313
30,2.75,2.25,55.2547798559
30,2.75,2.25,53.7587226369
30,2.75,2.25,51.8881827488
30,2.75,2.25,53.8938751052
30,2.75,2.25,54.1720555259
30,2.75,2.5,52.8352241087
30,2.75,2.5,51.8307632713
30,2.75,2.5,51.905567975
30,2.75,2.5,56.9673462494
30,2.75,2.5,51.3865435388
30,2.75,2.5,54.0812220785
30,2.75,2.5,57.2750685
30,2.75,2.5,55.1609213941
30,2.75,2.5,54.3939134322
30,2.75,2.5,53.1127985818
30,2.75,2.5,54.4772453809
30,2.75,2.5,51.4602164098
30,2.75,2.5,53.6491274218
30,2.75,2.5,52.529953862
30,2.75,2.5,54.2182224229
30,2.75,2.75,55.0226348102
30,2.75,2.75,56.6288209291
30,2.75,2.75,56.0947966448
30,2.75,2.75,57.2594533005
30,2.75,2.75,54.707394097
30,2.75,2.75,53.7580706001
30,2.75,2.75,57.2419433695
30,2.75,2.75,55.1188832439
30,2.75,2.75,52.3613895423
30,2.75,2.75,57.4502090934
30,2.75,2.75,59.0341247689
30,2.75,2.75,55.3641282722
30,2.75,2.75,54.6108578582
30,2.75,2.75,54.9496359653
30,2.75,2.75,56.871843043
30,2.75,3,57.2932598589
30,2.75,3,54.6688469225
30,2.75,3,55.724033173
30,2.75,3,54.0108220345
30,2.75,3,54.006364502
30,2.75,3,55.1732403594
30,2.75,3,55.4011295869
30,2.75,3,51.8894604362
30,2.75,3,56.3483519217
30,2.75,3,54.561850194
30,2.75,3,53.3859146963
30,2.75,3,57.3108376788
30,2.75,3,53.1652925971
30,2.75,3,54.8772648376
30,2.75,3,54.8964844367
30,4,2.25,57.2908992944
30,4,2.25,56.1997609168
30,4,2.25,55.5407440994
30,4,2.25,53.2419508405
30,4,2.25,57.3196934994
30,4,2.25,56.5506438677
30,4,2.25,57.2720037825
30,4,2.25,57.3872105239
30,4,2.25,53.7007238429
30,4,2.25,57.4468687589
30,4,2.25,55.8035471756
30,4,2.25,53.2617010168
30,4,2.25,57.6448530319
30,4,2.25,51.9847969095
30,4,2.25,55.4861099141
30,4,2.5,54.7671374194
30,4,2.5,53.9538287138
30,4,2.5,56.7447955892
30,4,2.5,55.0758026383
30,4,2.5,55.5771896317
30,4,2.5,56.1999212599
30,4,2.5,53.8142314742
30,4,2.5,53.7122638111
30,4,2.5,58.9987826289
30,4,2.5,53.1952065131
30,4,2.5,55.4955988236
30,4,2.5,56.182645493
30,4,2.5,54.2979253442
30,4,2.5,55.6878529355
30,4,2.5,57.1658301003
30,4,2.75,55.9237372496
30,4,2.75,56.0828855278
30,4,2.75,56.6599184493
30,4,2.75,56.9790871816
30,4,2.75,57.8676586325
30,4,2.75,56.7992152626
30,4,2.75,54.0956542983
30,4,2.75,56.1814334923
30,4,2.75,55.0985308972
30,4,2.75,61.8793336215
30,4,2.75,55.4653329955
30,4,2.75,55.2499090182
30,4,2.75,53.5744128961
30,4,2.75,55.2664555248
30,4,2.75,52.524301061
30,4,3,57.9796690109
30,4,3,55.1525159296
30,4,3,54.7634281309
30,4,3,56.8369879446
30,4,3,55.8517011475
30,4,3,56.7236463938
30,4,3,57.5217261616
30,4,3,58.1167763652
30,4,3,57.3729407438
30,4,3,58.6079605722
30,4,3,58.6961051971
30,4,3,60.4431355986
30,4,3,55.1414186038
30,4,3,54.6987303931
30,4,3,55.3634121098
1,2.5,2.5,127.636646726
1,2.5,2.5,126.453966372
1,2.5,2.5,127.007864775
1,2.5,2.5,125.250861895
1,2.5,2.5,126.786986153
1,2.5,2.5,129.26809335
1,2.5,2.5,127.231278062
1,2.5,2.5,125.740837392
1,2.5,2.5,125.703618983
1,2.5,2.5,123.253746011
1,2.5,2.5,127.835291658
1,2.5,2.5,126.580712682
1,2.5,2.5,125.654987335
1,2.5,2.5,126.29447671
1,2.5,2.5,130.57581514
5,2.5,2.5,90.4454040394
5,2.5,2.5,95.0893296064
5,2.5,2.5,92.3451209892
5,2.5,2.5,92.1806863301
5,2.5,2.5,88.8075563296
5,2.5,2.5,90.6223851703
5,2.5,2.5,90.6790466323
5,2.5,2.5,90.0424692076
5,2.5,2.5,95.9488116064
5,2.5,2.5,91.9028198147
5,2.5,2.5,95.045808602
5,2.5,2.5,94.9414383335
5,2.5,2.5,96.3904220486
5,2.5,2.5,93.923231016
5,2.5,2.5,94.2545245941
10,2.5,2.5,76.310210456
10,2.5,2.5,78.817234147
10,2.5,2.5,72.5492422279
10,2.5,2.5,77.515700071
10,2.5,2.5,74.2497693633
10,2.5,2.5,78.4392621857
10,2.5,2.5,73.1484137655
10,2.5,2.5,73.9122466682
10,2.5,2.5,73.6125813828
10,2.5,2.5,73.9700518556
10,2.5,2.5,73.2635565219
10,2.5,2.5,78.0140756178
10,2.5,2.5,79.5110876588
10,2.5,2.5,73.9087724431
10,2.5,2.5,76.4519269803
20,2.5,2.5,61.4039588845
20,2.5,2.5,61.6368605004
20,2.5,2.5,62.3484918983
20,2.5,2.5,56.9855672894
20,2.5,2.5,63.7105493968
20,2.5,2.5,59.6544937898
20,2.5,2.5,61.5698680157
20,2.5,2.5,56.6140047769
20,2.5,2.5,59.135412571
20,2.5,2.5,59.4149410358
20,2.5,2.5,57.1433939642
20,2.5,2.5,61.060739691
20,2.5,2.5,65.1310436065
20,2.5,2.5,62.3486156948
20,2.5,2.5,60.6129604318
30,2.5,2.5,49.7265139233
30,2.5,2.5,52.4506667217
30,2.5,2.5,53.5099722975
30,2.5,2.5,54.6954888212
30,2.5,2.5,52.8675148104
30,2.5,2.5,56.6125366514
30,2.5,2.5,52.6990670482
30,2.5,2.5,56.7572961474
30,2.5,2.5,55.1167816098
30,2.5,2.5,52.8077191907
30,2.5,2.5,52.912868025
30,2.5,2.5,52.3629808652
30,2.5,2.5,55.4771232034
30,2.5,2.5,56.565879927
30,2.5,2.5,52.0408777714
