Noise,SigD,SigI,PSNR
1,2.0,2.0,124.307499352
1,2.0,2.0,127.023118817
1,2.0,2.0,127.538653398
1,2.0,2.0,123.170226897
1,2.0,2.0,123.801589269
1,2.0,2.5,126.416346402
1,2.0,2.5,128.167758432
1,2.0,2.5,132.403535728
1,2.0,2.5,126.606023468
1,2.0,2.5,129.72250855
1,2.0,3.0,127.97497013
1,2.0,3.0,130.041418858
1,2.0,3.0,124.476343665
1,2.0,3.0,122.148127834
1,2.0,3.0,132.026799128
1,2.5,2.0,131.609120352
1,2.5,2.0,126.611746704
1,2.5,2.0,127.426242666
1,2.5,2.0,124.786719071
1,2.5,2.0,128.030640066
1,2.5,2.5,127.965110244
1,2.5,2.5,129.925036373
1,2.5,2.5,126.783799343
1,2.5,2.5,126.918856376
1,2.5,2.5,126.997773119
1,2.5,3.0,123.751110363
1,2.5,3.0,130.295549818
1,2.5,3.0,127.03805215
1,2.5,3.0,123.866683948
1,2.5,3.0,123.690313831
1,3.0,2.0,126.22676786
1,3.0,2.0,129.198338061
1,3.0,2.0,125.479032137
1,3.0,2.0,124.949515976
1,3.0,2.0,129.100099931
1,3.0,2.5,128.741043577
1,3.0,2.5,121.801334099
1,3.0,2.5,128.40344838
1,3.0,2.5,125.607744287
1,3.0,2.5,126.974470845
1,3.0,3.0,126.197446434
1,3.0,3.0,125.99862117
1,3.0,3.0,125.690624266
1,3.0,3.0,122.877284108
1,3.0,3.0,122.323974016
5,2.0,2.0,95.1879208657
5,2.0,2.0,94.779772185
5,2.0,2.0,97.318678275
5,2.0,2.0,93.0631909008
5,2.0,2.0,95.5883399686
5,2.0,2.5,93.3776729534
5,2.0,2.5,95.7092052377
5,2.0,2.5,99.3765044903
5,2.0,2.5,95.5740324136
5,2.0,2.5,93.9616972242
5,2.0,3.0,92.5772346264
5,2.0,3.0,93.4627129911
5,2.0,3.0,95.2397932855
5,2.0,3.0,89.5777275192
5,2.0,3.0,94.0504809402
5,2.5,2.0,100.640217714
5,2.5,2.0,98.6142816405
5,2.5,2.0,95.592471337
5,2.5,2.0,103.405182427
5,2.5,2.0,97.0005252185
5,2.5,2.5,96.2471216499
5,2.5,2.5,98.693651016
5,2.5,2.5,97.9394689141
5,2.5,2.5,100.804538143
5,2.5,2.5,99.5871097293
5,2.5,3.0,97.165507246
5,2.5,3.0,98.3632558378
5,2.5,3.0,94.0462566059
5,2.5,3.0,99.546759926
5,2.5,3.0,100.448279263
5,3.0,2.0,102.668298274
5,3.0,2.0,95.5517183589
5,3.0,2.0,94.9732123515
5,3.0,2.0,102.674608266
5,3.0,2.0,91.7151231927
5,3.0,2.5,96.7579679307
5,3.0,2.5,94.5032495302
5,3.0,2.5,101.061735552
5,3.0,2.5,97.4689377277
5,3.0,2.5,98.0974699508
5,3.0,3.0,104.961677314
5,3.0,3.0,94.4514207802
5,3.0,3.0,99.0110703688
5,3.0,3.0,98.9029561681
5,3.0,3.0,96.1602592825
10,2.0,2.0,78.9891229829
10,2.0,2.0,77.9792892394
10,2.0,2.0,81.7674134444
10,2.0,2.0,82.7389680886
10,2.0,2.0,79.098053613
10,2.0,2.5,75.4125109976
10,2.0,2.5,79.4302051938
10,2.0,2.5,78.7929004901
10,2.0,2.5,71.5890742891
10,2.0,2.5,69.4159707581
10,2.0,3.0,81.8416004967
10,2.0,3.0,71.5568512474
10,2.0,3.0,78.4959920443
10,2.0,3.0,75.713859376
10,2.0,3.0,72.6603300528
10,2.5,2.0,81.0447284882
10,2.5,2.0,75.983094944
10,2.5,2.0,82.8056938116
10,2.5,2.0,80.2289060297
10,2.5,2.0,85.3124688705
10,2.5,2.5,72.5802945149
10,2.5,2.5,73.5443967064
10,2.5,2.5,73.4525733772
10,2.5,2.5,77.3705068877
10,2.5,2.5,73.3014780378
10,2.5,3.0,73.3606754108
10,2.5,3.0,83.821084053
10,2.5,3.0,76.5687247169
10,2.5,3.0,75.7987387647
10,2.5,3.0,73.4264931797
10,3.0,2.0,86.8355039328
10,3.0,2.0,86.145769261
10,3.0,2.0,80.4009749999
10,3.0,2.0,84.6783304097
10,3.0,2.0,79.9882318651
10,3.0,2.5,78.6686673195
10,3.0,2.5,72.7412858706
10,3.0,2.5,74.9313000332
10,3.0,2.5,72.162497615
10,3.0,2.5,74.2999399005
10,3.0,3.0,72.8264021428
10,3.0,3.0,74.0705542619
10,3.0,3.0,76.1127522122
10,3.0,3.0,75.591764411
10,3.0,3.0,76.8218085854
20,2.0,2.0,61.2303448163
20,2.0,2.0,59.2084265179
20,2.0,2.0,60.3828634011
20,2.0,2.0,57.7984418001
20,2.0,2.0,62.8194496985
20,2.0,2.5,64.4310716211
20,2.0,2.5,61.9588655117
20,2.0,2.5,62.0860933649
20,2.0,2.5,63.0739014478
20,2.0,2.5,65.1862424662
20,2.0,3.0,59.3230765184
20,2.0,3.0,60.8923498182
20,2.0,3.0,63.0084122793
20,2.0,3.0,60.1355477313
20,2.0,3.0,66.0610935058
20,2.5,2.0,61.9742433512
20,2.5,2.0,63.2842520699
20,2.5,2.0,63.1342768896
20,2.5,2.0,67.9441158445
20,2.5,2.0,58.6548965355
20,2.5,2.5,63.9929687435
20,2.5,2.5,61.9474638985
20,2.5,2.5,61.4805955515
20,2.5,2.5,59.1571838377
20,2.5,2.5,61.0262538067
20,2.5,3.0,62.3692529076
20,2.5,3.0,66.0047636492
20,2.5,3.0,63.9055515916
20,2.5,3.0,61.683363909
20,2.5,3.0,64.2355762123
20,3.0,2.0,63.8515551528
20,3.0,2.0,62.5894603377
20,3.0,2.0,63.640602277
20,3.0,2.0,63.7263607336
20,3.0,2.0,67.827476845
20,3.0,2.5,67.1114217762
20,3.0,2.5,65.0446430172
20,3.0,2.5,63.7640894378
20,3.0,2.5,61.6965410138
20,3.0,2.5,63.0320148616
20,3.0,3.0,61.7669963015
20,3.0,3.0,62.3726280617
20,3.0,3.0,62.1504439972
20,3.0,3.0,65.604082235
20,3.0,3.0,62.6992607592
30,2.0,2.0,55.8927745411
30,2.0,2.0,52.3195336381
30,2.0,2.0,49.7644870487
30,2.0,2.0,54.2594807483
30,2.0,2.0,54.5440761453
30,2.0,2.5,54.3997337646
30,2.0,2.5,55.1141719324
30,2.0,2.5,55.9015695066
30,2.0,2.5,55.1093052216
30,2.0,2.5,58.2855186694
30,2.0,3.0,55.538207555
30,2.0,3.0,56.5070057493
30,2.0,3.0,56.4636789889
30,2.0,3.0,58.945375281
30,2.0,3.0,54.5276672827
30,2.5,2.0,52.4144700416
30,2.5,2.0,56.0176269966
30,2.5,2.0,55.6684272049
30,2.5,2.0,57.0386196738
30,2.5,2.0,54.2378052205
30,2.5,2.5,54.864308753
30,2.5,2.5,59.8443695112
30,2.5,2.5,57.2513505776
30,2.5,2.5,59.9953549893
30,2.5,2.5,52.138311831
30,2.5,3.0,57.6964435961
30,2.5,3.0,59.6218161165
30,2.5,3.0,57.3794329391
30,2.5,3.0,54.6674595853
30,2.5,3.0,54.7031357241
30,3.0,2.0,56.749017302
30,3.0,2.0,60.2964279591
30,3.0,2.0,59.2559041683
30,3.0,2.0,55.0156683399
30,3.0,2.0,55.995715598
30,3.0,2.5,53.6682032418
30,3.0,2.5,51.7370205584
30,3.0,2.5,52.1776284909
30,3.0,2.5,56.1379599253
30,3.0,2.5,55.8113609441
30,3.0,3.0,55.8913143373
30,3.0,3.0,55.8904357663
30,3.0,3.0,59.1886115118
30,3.0,3.0,57.918572675
30,3.0,3.0,56.3192249847
1,2.6,2.6,125.348338459
1,2.6,2.6,128.649392107
1,2.6,2.6,129.137589675
1,2.6,2.6,129.875747688
1,2.6,2.6,130.398039058
1,2.6,2.7,126.489706876
1,2.6,2.7,122.035305535
1,2.6,2.7,125.924595603
1,2.6,2.7,128.315683335
1,2.6,2.7,130.377782655
1,2.6,2.8,127.202251884
1,2.6,2.8,126.608741293
1,2.6,2.8,124.644837166
1,2.6,2.8,123.291411498
1,2.6,2.8,128.47622919
1,2.7,2.6,124.720762393
1,2.7,2.6,131.216860069
1,2.7,2.6,126.69155541
1,2.7,2.6,128.125677131
1,2.7,2.6,126.828010016
1,2.7,2.7,127.991237543
1,2.7,2.7,124.110686089
1,2.7,2.7,124.151216556
1,2.7,2.7,125.718078214
1,2.7,2.7,126.049226834
1,2.7,2.8,122.513256562
1,2.7,2.8,123.542630947
1,2.7,2.8,125.775755248
1,2.7,2.8,126.134973775
1,2.7,2.8,127.462378252
1,2.8,2.6,126.832592672
1,2.8,2.6,125.779922237
1,2.8,2.6,126.297477533
1,2.8,2.6,128.164725031
1,2.8,2.6,132.72356909
1,2.8,2.7,129.673051477
1,2.8,2.7,125.849855841
1,2.8,2.7,123.897005286
1,2.8,2.7,128.453265561
1,2.8,2.7,124.153498978
1,2.8,2.8,123.48285661
1,2.8,2.8,129.462723447
1,2.8,2.8,128.695075439
1,2.8,2.8,130.162352841
1,2.8,2.8,127.018146678
5,2.6,2.6,94.3517439599
5,2.6,2.6,91.7624720448
5,2.6,2.6,101.312765995
5,2.6,2.6,98.0317599238
5,2.6,2.6,98.9616054688
5,2.6,2.7,96.1771978941
5,2.6,2.7,95.4594388218
5,2.6,2.7,96.3807933415
5,2.6,2.7,95.267461206
5,2.6,2.7,98.5325121744
5,2.6,2.8,96.64573888
5,2.6,2.8,97.9967793992
5,2.6,2.8,102.079603343
5,2.6,2.8,98.867012297
5,2.6,2.8,94.1287309026
5,2.7,2.6,95.171905195
5,2.7,2.6,97.6707015862
5,2.7,2.6,96.0752449862
5,2.7,2.6,101.077846111
5,2.7,2.6,96.4844742854
5,2.7,2.7,98.8299073332
5,2.7,2.7,105.362155201
5,2.7,2.7,96.6904796603
5,2.7,2.7,95.6839967393
5,2.7,2.7,98.0290245931
5,2.7,2.8,98.6736695383
5,2.7,2.8,94.1961522307
5,2.7,2.8,93.3723219768
5,2.7,2.8,97.3732209265
5,2.7,2.8,98.7515578389
5,2.8,2.6,100.419025376
5,2.8,2.6,96.0604654659
5,2.8,2.6,98.6735771026
5,2.8,2.6,95.9124585457
5,2.8,2.6,100.323051716
5,2.8,2.7,99.6200897498
5,2.8,2.7,93.7093881185
5,2.8,2.7,99.042648805
5,2.8,2.7,96.0310300532
5,2.8,2.7,100.115323384
5,2.8,2.8,94.5839677126
5,2.8,2.8,92.9696616489
5,2.8,2.8,92.9563441441
5,2.8,2.8,95.1254693207
5,2.8,2.8,96.9632578896
10,2.6,2.6,74.1201090012
10,2.6,2.6,77.5258085316
10,2.6,2.6,77.1758996627
10,2.6,2.6,81.8009723115
10,2.6,2.6,73.076979303
10,2.6,2.7,75.9436449433
10,2.6,2.7,77.8438080341
10,2.6,2.7,75.9786414259
10,2.6,2.7,75.8646759276
10,2.6,2.7,78.6618246055
10,2.6,2.8,80.8094467661
10,2.6,2.8,76.3460574078
10,2.6,2.8,72.9211781966
10,2.6,2.8,79.358785378
10,2.6,2.8,77.922278976
10,2.7,2.6,81.6990717284
10,2.7,2.6,76.7047361964
10,2.7,2.6,75.5665883129
10,2.7,2.6,78.1280028338
10,2.7,2.6,82.7860732328
10,2.7,2.7,74.1090687597
10,2.7,2.7,78.4196682843
10,2.7,2.7,74.1784885333
10,2.7,2.7,78.3285354455
10,2.7,2.7,73.1288231751
10,2.7,2.8,78.1719314175
10,2.7,2.8,76.0867038429
10,2.7,2.8,74.775094337
10,2.7,2.8,78.9996038645
10,2.7,2.8,76.1836410523
10,2.8,2.6,87.1581230078
10,2.8,2.6,82.724802066
10,2.8,2.6,76.0224970059
10,2.8,2.6,76.4459451348
10,2.8,2.6,83.3277190368
10,2.8,2.7,85.8182272761
10,2.8,2.7,74.5235838596
10,2.8,2.7,82.5356559394
10,2.8,2.7,81.7555469231
10,2.8,2.7,75.3810168573
10,2.8,2.8,81.2593032268
10,2.8,2.8,83.3264034105
10,2.8,2.8,73.1877086471
10,2.8,2.8,72.6150625931
10,2.8,2.8,76.1963814933
20,2.6,2.6,62.4099224872
20,2.6,2.6,67.3530649497
20,2.6,2.6,66.5067080226
20,2.6,2.6,63.354583564
20,2.6,2.6,62.9322408294
20,2.6,2.7,61.5391621573
20,2.6,2.7,62.498221523
20,2.6,2.7,63.572152328
20,2.6,2.7,61.0935136382
20,2.6,2.7,62.3444269181
20,2.6,2.8,59.9711936412
20,2.6,2.8,61.7390114683
20,2.6,2.8,63.8590999244
20,2.6,2.8,64.1933207115
20,2.6,2.8,66.3942871586
20,2.7,2.6,64.5803465178
20,2.7,2.6,60.0829665696
20,2.7,2.6,63.6595761022
20,2.7,2.6,65.3224688215
20,2.7,2.6,62.5729780668
20,2.7,2.7,62.6499956329
20,2.7,2.7,63.6770912399
20,2.7,2.7,61.2434158622
20,2.7,2.7,62.0858684772
20,2.7,2.7,65.6572455925
20,2.7,2.8,59.4924241816
20,2.7,2.8,64.1997567668
20,2.7,2.8,63.4107090618
20,2.7,2.8,58.8338101757
20,2.7,2.8,62.8735463946
20,2.8,2.6,61.4371840527
20,2.8,2.6,63.5395148973
20,2.8,2.6,60.0968744953
20,2.8,2.6,66.3961369105
20,2.8,2.6,61.8270616637
20,2.8,2.7,62.5136539803
20,2.8,2.7,63.6059511314
20,2.8,2.7,63.3241606505
20,2.8,2.7,61.9414957208
20,2.8,2.7,70.2666932823
20,2.8,2.8,66.1086785476
20,2.8,2.8,62.7433600148
20,2.8,2.8,61.7418443654
20,2.8,2.8,64.737986549
20,2.8,2.8,63.0250187123
30,2.6,2.6,54.964778443
30,2.6,2.6,58.985597279
30,2.6,2.6,58.5338429077
30,2.6,2.6,58.0884794237
30,2.6,2.6,52.4867564418
30,2.6,2.7,58.4872379456
30,2.6,2.7,54.3827174869
30,2.6,2.7,55.2817972566
30,2.6,2.7,53.5437845933
30,2.6,2.7,59.3346828395
30,2.6,2.8,53.6533772144
30,2.6,2.8,54.6224481665
30,2.6,2.8,56.6654062141
30,2.6,2.8,56.060931186
30,2.6,2.8,60.434181471
30,2.7,2.6,57.4441500335
30,2.7,2.6,54.2393587428
30,2.7,2.6,57.1643792547
30,2.7,2.6,58.3187356464
30,2.7,2.6,57.1104697336
30,2.7,2.7,56.4958490321
30,2.7,2.7,54.0489319368
30,2.7,2.7,56.3296159765
30,2.7,2.7,52.1316659242
30,2.7,2.7,56.1610524511
30,2.7,2.8,53.9985873114
30,2.7,2.8,51.6317609142
30,2.7,2.8,60.2803218631
30,2.7,2.8,57.4114808725
30,2.7,2.8,57.387387409
30,2.8,2.6,55.4757638693
30,2.8,2.6,60.0752419192
30,2.8,2.6,59.1171822447
30,2.8,2.6,57.2551329221
30,2.8,2.6,58.3940342135
30,2.8,2.7,58.2233431946
30,2.8,2.7,56.7538070951
30,2.8,2.7,56.642524128
30,2.8,2.7,53.4720760863
30,2.8,2.7,59.1879291386
30,2.8,2.8,53.2221304013
30,2.8,2.8,57.4486300787
30,2.8,2.8,58.9762805135
30,2.8,2.8,56.1293346323
30,2.8,2.8,54.4833370927
1,2.8,1.8,122.89701086
1,2.8,1.8,129.950555584
1,2.8,1.8,123.724094401
1,2.8,1.8,125.664613597
1,2.8,1.8,123.647880797
1,2.8,1.9,121.615371913
1,2.8,1.9,125.36044621
1,2.8,1.9,129.30939437
1,2.8,1.9,124.742093147
1,2.8,1.9,127.315422586
1,2.8,2.0,128.75425761
1,2.8,2.0,129.161161307
1,2.8,2.0,123.665957458
1,2.8,2.0,125.974965537
1,2.8,2.0,125.007551342
1,2.9,1.8,125.490441547
1,2.9,1.8,123.897603481
1,2.9,1.8,121.349098034
1,2.9,1.8,125.949381616
1,2.9,1.8,126.883455567
1,2.9,1.9,125.360625678
1,2.9,1.9,123.709325229
1,2.9,1.9,124.932782284
1,2.9,1.9,125.331678755
1,2.9,1.9,129.252376901
1,2.9,2.0,128.280203048
1,2.9,2.0,126.71824644
1,2.9,2.0,126.09662918
1,2.9,2.0,122.760342005
1,2.9,2.0,124.764781612
1,3.0,1.8,126.005636555
1,3.0,1.8,125.793236818
1,3.0,1.8,127.989333815
1,3.0,1.8,125.650931411
1,3.0,1.8,127.175355841
1,3.0,1.9,123.692705034
1,3.0,1.9,127.255614027
1,3.0,1.9,123.594159341
1,3.0,1.9,122.288351796
1,3.0,1.9,130.194462806
1,3.0,2.0,126.551964064
1,3.0,2.0,126.700416632
1,3.0,2.0,126.940416151
1,3.0,2.0,125.552268616
1,3.0,2.0,123.811247786
5,2.8,1.8,98.5009356475
5,2.8,1.8,95.5220780397
5,2.8,1.8,96.5594112917
5,2.8,1.8,98.0409137007
5,2.8,1.8,100.264421382
5,2.8,1.9,96.2069856141
5,2.8,1.9,99.3461681986
5,2.8,1.9,97.9784617012
5,2.8,1.9,92.550975235
5,2.8,1.9,98.1842953869
5,2.8,2.0,102.472233394
5,2.8,2.0,99.3932008871
5,2.8,2.0,100.829786694
5,2.8,2.0,95.191929234
5,2.8,2.0,103.365091343
5,2.9,1.8,100.010231989
5,2.9,1.8,97.1075558527
5,2.9,1.8,103.347058697
5,2.9,1.8,101.716775164
5,2.9,1.8,102.293257242
5,2.9,1.9,109.429898558
5,2.9,1.9,98.6173751905
5,2.9,1.9,96.6598906928
5,2.9,1.9,94.5948516118
5,2.9,1.9,95.0488349211
5,2.9,2.0,99.9338553824
5,2.9,2.0,95.4048942512
5,2.9,2.0,100.019427477
5,2.9,2.0,97.4338859506
5,2.9,2.0,102.319459995
5,3.0,1.8,97.0201030011
5,3.0,1.8,100.528194951
5,3.0,1.8,99.2173453288
5,3.0,1.8,103.133209464
5,3.0,1.8,96.0301725403
5,3.0,1.9,96.4149632699
5,3.0,1.9,103.130518077
5,3.0,1.9,97.2070509541
5,3.0,1.9,95.5459231639
5,3.0,1.9,95.644657593
5,3.0,2.0,101.213605203
5,3.0,2.0,97.5308042495
5,3.0,2.0,101.409362032
5,3.0,2.0,100.413552875
5,3.0,2.0,99.0083796117
10,2.8,1.8,79.7060831238
10,2.8,1.8,84.4122689815
10,2.8,1.8,79.0114832823
10,2.8,1.8,82.2257124957
10,2.8,1.8,81.9045374801
10,2.8,1.9,76.5906856112
10,2.8,1.9,77.6481229169
10,2.8,1.9,80.6102853488
10,2.8,1.9,83.3279129324
10,2.8,1.9,78.1504247261
10,2.8,2.0,74.840757127
10,2.8,2.0,82.376059703
10,2.8,2.0,77.7229763612
10,2.8,2.0,79.0655947724
10,2.8,2.0,81.0280314955
10,2.9,1.8,77.971833556
10,2.9,1.8,82.259872057
10,2.9,1.8,84.0072981914
10,2.9,1.8,74.8598308456
10,2.9,1.8,78.4063460817
10,2.9,1.9,81.2949295099
10,2.9,1.9,76.8473124747
10,2.9,1.9,80.8289575386
10,2.9,1.9,80.1153697719
10,2.9,1.9,74.7828948761
10,2.9,2.0,77.3480766738
10,2.9,2.0,82.1910037428
10,2.9,2.0,75.7944852556
10,2.9,2.0,82.643316988
10,2.9,2.0,78.6139080141
10,3.0,1.8,80.5281918258
10,3.0,1.8,77.8941037633
10,3.0,1.8,80.645025928
10,3.0,1.8,73.7060150126
10,3.0,1.8,82.325281533
10,3.0,1.9,80.2379492416
10,3.0,1.9,83.5681985489
10,3.0,1.9,76.1592245341
10,3.0,1.9,79.0394864902
10,3.0,1.9,75.4771517169
10,3.0,2.0,82.7581479718
10,3.0,2.0,83.3614844675
10,3.0,2.0,74.8797011572
10,3.0,2.0,84.5925169264
10,3.0,2.0,79.0126700492
20,2.8,1.8,57.152139887
20,2.8,1.8,59.8417236778
20,2.8,1.8,67.1507153888
20,2.8,1.8,65.6937068709
20,2.8,1.8,63.2099840631
20,2.8,1.9,63.6167368819
20,2.8,1.9,71.150257863
20,2.8,1.9,61.3268747078
20,2.8,1.9,65.3961508104
20,2.8,1.9,57.8982923491
20,2.8,2.0,60.9003426386
20,2.8,2.0,63.2281952042
20,2.8,2.0,63.8176777987
20,2.8,2.0,62.7842793559
20,2.8,2.0,64.1999992453
20,2.9,1.8,69.3970086351
20,2.9,1.8,63.812111052
20,2.9,1.8,65.3702984388
20,2.9,1.8,62.6492385729
20,2.9,1.8,63.6512565679
20,2.9,1.9,65.2107814085
20,2.9,1.9,65.829630021
20,2.9,1.9,62.9320058896
20,2.9,1.9,63.485246782
20,2.9,1.9,66.8413615588
20,2.9,2.0,64.3114520314
20,2.9,2.0,61.0455600488
20,2.9,2.0,61.0043288401
20,2.9,2.0,64.1752026992
20,2.9,2.0,62.916253977
20,3.0,1.8,59.1935564833
20,3.0,1.8,65.9523011086
20,3.0,1.8,66.3234192068
20,3.0,1.8,64.0938460687
20,3.0,1.8,65.193998387
20,3.0,1.9,63.1929637944
20,3.0,1.9,64.8184031577
20,3.0,1.9,65.644395114
20,3.0,1.9,68.0613882801
20,3.0,1.9,70.1972702532
20,3.0,2.0,66.2696190877
20,3.0,2.0,64.2329195895
20,3.0,2.0,63.7107545834
20,3.0,2.0,66.3361403388
20,3.0,2.0,68.0763936499
30,2.8,1.8,56.8122261601
30,2.8,1.8,54.8812624713
30,2.8,1.8,58.148005075
30,2.8,1.8,55.3798763592
30,2.8,1.8,57.6523496612
30,2.8,1.9,57.161570739
30,2.8,1.9,55.118974287
30,2.8,1.9,55.1176864263
30,2.8,1.9,60.3099518678
30,2.8,1.9,53.6019763573
30,2.8,2.0,55.6341470746
30,2.8,2.0,60.8354443685
30,2.8,2.0,54.2324189937
30,2.8,2.0,54.1815357494
30,2.8,2.0,55.5606244678
30,2.9,1.8,53.7015064199
30,2.9,1.8,52.6081757046
30,2.9,1.8,58.4477810398
30,2.9,1.8,53.518676756
30,2.9,1.8,56.3735236915
30,2.9,1.9,54.0637133246
30,2.9,1.9,60.5518593045
30,2.9,1.9,58.6150502593
30,2.9,1.9,54.4422864558
30,2.9,1.9,56.4604371424
30,2.9,2.0,57.083979422
30,2.9,2.0,56.9311773505
30,2.9,2.0,59.1130323771
30,2.9,2.0,54.8900964919
30,2.9,2.0,61.0869272941
30,3.0,1.8,58.5902834639
30,3.0,1.8,57.9353256139
30,3.0,1.8,56.0873366435
30,3.0,1.8,55.6449829757
30,3.0,1.8,53.4946906929
30,3.0,1.9,52.1557209685
30,3.0,1.9,54.8699090591
30,3.0,1.9,57.0937920292
30,3.0,1.9,58.0661826763
30,3.0,1.9,56.8358840507
30,3.0,2.0,58.2789991539
30,3.0,2.0,53.6064247246
30,3.0,2.0,60.3217882184
30,3.0,2.0,57.1273393079
30,3.0,2.0,57.4908432579
1,4.7,1.3,118.167647987
1,4.7,1.3,120.242191185
1,4.7,1.3,119.049125683
1,4.7,1.3,118.701861196
1,4.7,1.3,118.428668789
1,4.7,1.4,120.973587531
1,4.7,1.4,119.727211794
1,4.7,1.4,122.43884224
1,4.7,1.4,119.595675844
1,4.7,1.4,120.227891703
1,4.7,1.5,117.569840125
1,4.7,1.5,118.818840937
1,4.7,1.5,120.471159839
1,4.7,1.5,117.555213556
1,4.7,1.5,116.147767816
1,4.8,1.3,123.146434302
1,4.8,1.3,121.962806436
1,4.8,1.3,118.188380497
1,4.8,1.3,119.665712296
1,4.8,1.3,119.451067622
1,4.8,1.4,119.871946066
1,4.8,1.4,122.61824926
1,4.8,1.4,119.001687313
1,4.8,1.4,118.796646358
1,4.8,1.4,119.97449952
1,4.8,1.5,116.991943829
1,4.8,1.5,116.603716902
1,4.8,1.5,120.336154628
1,4.8,1.5,115.929120754
1,4.8,1.5,119.585114761
1,4.9,1.3,121.678172882
1,4.9,1.3,117.115721423
1,4.9,1.3,118.061143123
1,4.9,1.3,116.835626412
1,4.9,1.3,117.39401607
1,4.9,1.4,120.942508221
1,4.9,1.4,115.279655046
1,4.9,1.4,118.853881503
1,4.9,1.4,119.526097826
1,4.9,1.4,119.533398727
1,4.9,1.5,116.715389125
1,4.9,1.5,117.798980556
1,4.9,1.5,122.334129504
1,4.9,1.5,119.69202349
1,4.9,1.5,118.996778809
5,4.7,1.3,99.6204313793
5,4.7,1.3,101.897442386
5,4.7,1.3,96.7266467831
5,4.7,1.3,96.6769683721
5,4.7,1.3,100.269454182
5,4.7,1.4,103.368041334
5,4.7,1.4,99.7387635658
5,4.7,1.4,97.7362886206
5,4.7,1.4,95.2739388968
5,4.7,1.4,95.8055154116
5,4.7,1.5,96.7888365265
5,4.7,1.5,106.11447949
5,4.7,1.5,95.5124442659
5,4.7,1.5,103.621876111
5,4.7,1.5,102.882940081
5,4.8,1.3,98.0851480777
5,4.8,1.3,101.766068308
5,4.8,1.3,100.927971156
5,4.8,1.3,96.8441036353
5,4.8,1.3,99.6200302748
5,4.8,1.4,99.2853341262
5,4.8,1.4,99.21633238
5,4.8,1.4,98.9427378502
5,4.8,1.4,98.9996588297
5,4.8,1.4,100.704694693
5,4.8,1.5,96.72278467
5,4.8,1.5,101.407431431
5,4.8,1.5,99.8859864907
5,4.8,1.5,95.1551039896
5,4.8,1.5,102.285523484
5,4.9,1.3,99.9396201907
5,4.9,1.3,102.708127042
5,4.9,1.3,101.39536466
5,4.9,1.3,94.5790376837
5,4.9,1.3,101.809453374
5,4.9,1.4,97.4177370149
5,4.9,1.4,96.9677678092
5,4.9,1.4,100.246451075
5,4.9,1.4,103.381630308
5,4.9,1.4,100.61031973
5,4.9,1.5,100.800285699
5,4.9,1.5,98.2387636181
5,4.9,1.5,102.302052666
5,4.9,1.5,99.5760511024
5,4.9,1.5,96.536053829
10,4.7,1.3,78.3686708179
10,4.7,1.3,83.16208551
10,4.7,1.3,86.4745632273
10,4.7,1.3,85.7454052642
10,4.7,1.3,79.7664815527
10,4.7,1.4,81.7381197255
10,4.7,1.4,81.117811469
10,4.7,1.4,83.0856883101
10,4.7,1.4,81.6294834078
10,4.7,1.4,82.8066913572
10,4.7,1.5,83.4375445144
10,4.7,1.5,85.19776116
10,4.7,1.5,86.7629556064
10,4.7,1.5,80.7944048678
10,4.7,1.5,74.7376736794
10,4.8,1.3,82.4455244118
10,4.8,1.3,80.5806219078
10,4.8,1.3,76.4272060292
10,4.8,1.3,79.3866930962
10,4.8,1.3,87.1254231203
10,4.8,1.4,75.8816053819
10,4.8,1.4,87.9687031739
10,4.8,1.4,79.0737189468
10,4.8,1.4,85.5652249032
10,4.8,1.4,82.1299083382
10,4.8,1.5,88.2639975223
10,4.8,1.5,79.9672317244
10,4.8,1.5,80.3829832257
10,4.8,1.5,80.8995228537
10,4.8,1.5,80.1423788779
10,4.9,1.3,82.2448380064
10,4.9,1.3,79.7630970251
10,4.9,1.3,81.5424045326
10,4.9,1.3,86.4651114059
10,4.9,1.3,76.1971164548
10,4.9,1.4,79.4501412286
10,4.9,1.4,82.2688450465
10,4.9,1.4,78.3684464706
10,4.9,1.4,80.8895713606
10,4.9,1.4,78.7473660224
10,4.9,1.5,81.9707597571
10,4.9,1.5,84.6129117683
10,4.9,1.5,81.0005444609
10,4.9,1.5,82.4500649837
10,4.9,1.5,81.0657070218
20,4.7,1.3,64.6867282839
20,4.7,1.3,57.3380308602
20,4.7,1.3,63.3863126709
20,4.7,1.3,61.4745587533
20,4.7,1.3,61.7198378876
20,4.7,1.4,63.0739631743
20,4.7,1.4,62.0826580274
20,4.7,1.4,65.7279854656
20,4.7,1.4,65.7795772211
20,4.7,1.4,63.962283135
20,4.7,1.5,66.8770953257
20,4.7,1.5,60.674997863
20,4.7,1.5,67.3921107161
20,4.7,1.5,64.689533601
20,4.7,1.5,61.6857621465
20,4.8,1.3,67.2989326056
20,4.8,1.3,61.7283018339
20,4.8,1.3,58.09490841
20,4.8,1.3,63.711884692
20,4.8,1.3,66.875702655
20,4.8,1.4,69.1291037059
20,4.8,1.4,68.1184728318
20,4.8,1.4,65.8895437151
20,4.8,1.4,67.108373619
20,4.8,1.4,62.9803702905
20,4.8,1.5,67.5994359038
20,4.8,1.5,67.6958391933
20,4.8,1.5,64.243101565
20,4.8,1.5,64.8894845642
20,4.8,1.5,58.7478305985
20,4.9,1.3,57.80674696
20,4.9,1.3,62.633187416
20,4.9,1.3,67.8897669351
20,4.9,1.3,67.0338954275
20,4.9,1.3,66.6102714894
20,4.9,1.4,66.9065232979
20,4.9,1.4,60.9729313241
20,4.9,1.4,64.3263524647
20,4.9,1.4,62.3230207891
20,4.9,1.4,64.4674644296
20,4.9,1.5,69.2048943652
20,4.9,1.5,62.3212619303
20,4.9,1.5,69.7906994811
20,4.9,1.5,62.3032421383
20,4.9,1.5,68.4155136692
30,4.7,1.3,56.4653152867
30,4.7,1.3,51.7108890309
30,4.7,1.3,54.1200396017
30,4.7,1.3,57.4268822872
30,4.7,1.3,56.8161430998
30,4.7,1.4,54.9568776364
30,4.7,1.4,58.4660044002
30,4.7,1.4,56.0410080665
30,4.7,1.4,54.0855176852
30,4.7,1.4,62.9756908849
30,4.7,1.5,58.4481392072
30,4.7,1.5,59.1745315204
30,4.7,1.5,60.1438053944
30,4.7,1.5,61.9178461353
30,4.7,1.5,59.9377832237
30,4.8,1.3,57.365435315
30,4.8,1.3,52.9278742071
30,4.8,1.3,59.3348775183
30,4.8,1.3,56.5857977757
30,4.8,1.3,60.2360628487
30,4.8,1.4,58.4020010097
30,4.8,1.4,56.6299219783
30,4.8,1.4,54.5705708357
30,4.8,1.4,54.1567791195
30,4.8,1.4,62.3527253634
30,4.8,1.5,58.3759880428
30,4.8,1.5,53.9898200849
30,4.8,1.5,56.3725507657
30,4.8,1.5,57.407196423
30,4.8,1.5,60.6228631215
30,4.9,1.3,57.4970976957
30,4.9,1.3,53.4921623506
30,4.9,1.3,56.9660490132
30,4.9,1.3,54.3916355314
30,4.9,1.3,57.7742548793
30,4.9,1.4,54.5802665208
30,4.9,1.4,57.4432059146
30,4.9,1.4,56.3112859685
30,4.9,1.4,59.7475225034
30,4.9,1.4,58.2973923262
30,4.9,1.5,65.9613344677
30,4.9,1.5,57.1872469686
30,4.9,1.5,56.165397751
30,4.9,1.5,54.247010893
30,4.9,1.5,58.6405871363
1,3.6,1.9,122.74058299
1,3.6,1.9,122.304834197
1,3.6,1.9,119.997196146
1,3.6,1.9,125.328859758
1,3.6,1.9,120.770664285
1,3.6,2.0,123.625635105
1,3.6,2.0,124.612480512
1,3.6,2.0,123.468502987
1,3.6,2.0,123.265283894
1,3.6,2.0,125.847761417
1,3.6,2.1,124.527329444
1,3.6,2.1,126.493490453
1,3.6,2.1,125.50156661
1,3.6,2.1,123.310911226
1,3.6,2.1,122.850791043
1,3.7,1.9,123.870741212
1,3.7,1.9,127.903702892
1,3.7,1.9,124.198058996
1,3.7,1.9,126.38885908
1,3.7,1.9,126.111648016
1,3.7,2.0,123.226410995
1,3.7,2.0,121.591311306
1,3.7,2.0,129.456020434
1,3.7,2.0,122.018047846
1,3.7,2.0,124.220396526
1,3.7,2.1,124.913213507
1,3.7,2.1,121.559658929
1,3.7,2.1,123.398897251
1,3.7,2.1,123.433429618
1,3.7,2.1,120.422475543
1,3.8,1.9,123.671083099
1,3.8,1.9,123.394896688
1,3.8,1.9,124.647878468
1,3.8,1.9,120.099167336
1,3.8,1.9,122.295612258
1,3.8,2.0,120.02886727
1,3.8,2.0,121.93635418
1,3.8,2.0,123.751956151
1,3.8,2.0,124.300160911
1,3.8,2.0,122.724093785
1,3.8,2.1,121.775711431
1,3.8,2.1,121.476746988
1,3.8,2.1,124.057907758
1,3.8,2.1,122.455116054
1,3.8,2.1,123.276637842
5,3.6,1.9,98.8719453353
5,3.6,1.9,98.5521576213
5,3.6,1.9,104.276712424
5,3.6,1.9,96.249175244
5,3.6,1.9,98.6791637739
5,3.6,2.0,100.60346072
5,3.6,2.0,97.2455037852
5,3.6,2.0,96.8423309651
5,3.6,2.0,96.3961419765
5,3.6,2.0,106.673167735
5,3.6,2.1,100.747652126
5,3.6,2.1,100.634545198
5,3.6,2.1,103.617744106
5,3.6,2.1,98.8652501882
5,3.6,2.1,99.815265783
5,3.7,1.9,98.1518217796
5,3.7,1.9,100.8162959
5,3.7,1.9,101.695643255
5,3.7,1.9,96.3321017585
5,3.7,1.9,95.8299686753
5,3.7,2.0,101.670453557
5,3.7,2.0,100.869903293
5,3.7,2.0,101.93426996
5,3.7,2.0,103.218863326
5,3.7,2.0,94.5929642562
5,3.7,2.1,101.119145621
5,3.7,2.1,101.276109012
5,3.7,2.1,97.6352337088
5,3.7,2.1,103.244568654
5,3.7,2.1,102.013653937
5,3.8,1.9,99.4837518859
5,3.8,1.9,99.9602783192
5,3.8,1.9,98.7183678593
5,3.8,1.9,102.576055702
5,3.8,1.9,105.597210704
5,3.8,2.0,101.567104078
5,3.8,2.0,102.191639666
5,3.8,2.0,98.8890310887
5,3.8,2.0,98.8993161369
5,3.8,2.0,102.491535111
5,3.8,2.1,100.783163178
5,3.8,2.1,98.1228287496
5,3.8,2.1,100.713560644
5,3.8,2.1,98.7103455789
5,3.8,2.1,98.2643463527
10,3.6,1.9,84.6438798736
10,3.6,1.9,91.4223711854
10,3.6,1.9,79.228536604
10,3.6,1.9,82.4373442342
10,3.6,1.9,80.523452861
10,3.6,2.0,84.8865108518
10,3.6,2.0,78.8248729786
10,3.6,2.0,84.0082288942
10,3.6,2.0,88.6143224729
10,3.6,2.0,80.9886250892
10,3.6,2.1,82.4365688137
10,3.6,2.1,77.2793801005
10,3.6,2.1,87.6679973311
10,3.6,2.1,79.026204355
10,3.6,2.1,83.9759393582
10,3.7,1.9,86.9297595777
10,3.7,1.9,76.3878098186
10,3.7,1.9,80.6333573209
10,3.7,1.9,84.8274375892
10,3.7,1.9,88.8078365771
10,3.7,2.0,82.1896320978
10,3.7,2.0,77.5761703528
10,3.7,2.0,75.6454372563
10,3.7,2.0,70.1906212509
10,3.7,2.0,80.6696650317
10,3.7,2.1,81.3161849812
10,3.7,2.1,77.5755068167
10,3.7,2.1,69.3335504455
10,3.7,2.1,82.2746266137
10,3.7,2.1,74.9288805906
10,3.8,1.9,76.2749230528
10,3.8,1.9,86.6456466335
10,3.8,1.9,80.2407925084
10,3.8,1.9,80.2732553418
10,3.8,1.9,76.8100088385
10,3.8,2.0,70.0621181357
10,3.8,2.0,76.4313434163
10,3.8,2.0,87.0091868403
10,3.8,2.0,84.8280595595
10,3.8,2.0,78.9617739561
10,3.8,2.1,79.4768353569
10,3.8,2.1,73.9247792721
10,3.8,2.1,85.8866975251
10,3.8,2.1,82.0816857266
10,3.8,2.1,73.9628361306
20,3.6,1.9,59.8866218402
20,3.6,1.9,63.4588738123
20,3.6,1.9,64.7358218265
20,3.6,1.9,68.005299535
20,3.6,1.9,72.5458598761
20,3.6,2.0,60.3556983645
20,3.6,2.0,64.6950578408
20,3.6,2.0,61.2021205008
20,3.6,2.0,62.7469827105
20,3.6,2.0,69.2232476464
20,3.6,2.1,60.1515536244
20,3.6,2.1,66.1965461613
20,3.6,2.1,65.7491537373
20,3.6,2.1,68.8343308789
20,3.6,2.1,59.208952052
20,3.7,1.9,65.2721269915
20,3.7,1.9,63.7298326455
20,3.7,1.9,66.2329044119
20,3.7,1.9,61.1202544633
20,3.7,1.9,62.8297917472
20,3.7,2.0,60.8912493201
20,3.7,2.0,65.0905939594
20,3.7,2.0,63.4625237804
20,3.7,2.0,64.1797357453
20,3.7,2.0,69.4747085579
20,3.7,2.1,63.29395143
20,3.7,2.1,63.2296326594
20,3.7,2.1,59.3518895731
20,3.7,2.1,63.3061203628
20,3.7,2.1,65.3729729468
20,3.8,1.9,68.1603332042
20,3.8,1.9,70.4210735575
20,3.8,1.9,63.2773657121
20,3.8,1.9,61.1680158103
20,3.8,1.9,73.9562651032
20,3.8,2.0,58.9899498969
20,3.8,2.0,63.3363041792
20,3.8,2.0,60.1599466905
20,3.8,2.0,68.8278222816
20,3.8,2.0,67.372180788
20,3.8,2.1,65.9822535281
20,3.8,2.1,59.559520876
20,3.8,2.1,64.4295598954
20,3.8,2.1,60.4651467375
20,3.8,2.1,60.4570665846
30,3.6,1.9,55.0353110315
30,3.6,1.9,57.2815864423
30,3.6,1.9,57.9936484533
30,3.6,1.9,58.0169117154
30,3.6,1.9,57.2907905034
30,3.6,2.0,62.0880566688
30,3.6,2.0,57.6386292334
30,3.6,2.0,63.4911719915
30,3.6,2.0,54.3458545174
30,3.6,2.0,58.3798921297
30,3.6,2.1,56.8223731511
30,3.6,2.1,58.2521894467
30,3.6,2.1,57.5753503009
30,3.6,2.1,59.1580485771
30,3.6,2.1,57.762871946
30,3.7,1.9,63.5407085154
30,3.7,1.9,55.0287406602
30,3.7,1.9,59.6658491153
30,3.7,1.9,57.9222136817
30,3.7,1.9,55.8524957813
30,3.7,2.0,54.8607574706
30,3.7,2.0,57.2749033884
30,3.7,2.0,56.5724021863
30,3.7,2.0,58.5324364079
30,3.7,2.0,55.5801808654
30,3.7,2.1,64.109131214
30,3.7,2.1,58.3140293075
30,3.7,2.1,56.525446258
30,3.7,2.1,54.40239268
30,3.7,2.1,62.3039328295
30,3.8,1.9,57.0567790993
30,3.8,1.9,65.994865878
30,3.8,1.9,57.709757801
30,3.8,1.9,56.4746734792
30,3.8,1.9,63.3642809898
30,3.8,2.0,62.49407694
30,3.8,2.0,58.0251878536
30,3.8,2.0,65.7225682507
30,3.8,2.0,57.9806439751
30,3.8,2.0,59.8790221301
30,3.8,2.1,55.9467138485
30,3.8,2.1,56.6130425855
30,3.8,2.1,58.1634857672
30,3.8,2.1,60.6930335415
30,3.8,2.1,54.253845227
1,3.6,1.8,127.709006395
1,3.6,1.8,124.047885891
1,3.6,1.8,120.839010016
1,3.6,1.8,124.602506789
1,3.6,1.8,123.0099862
1,3.6,1.9,126.384954719
1,3.6,1.9,123.766718327
1,3.6,1.9,123.076230355
1,3.6,1.9,122.726024963
1,3.6,1.9,123.120016191
1,3.6,2.0,124.590100495
1,3.6,2.0,122.615626951
1,3.6,2.0,126.01945786
1,3.6,2.0,119.873545566
1,3.6,2.0,125.599095705
1,3.7,1.8,125.820100194
1,3.7,1.8,125.092150073
1,3.7,1.8,123.210806016
1,3.7,1.8,120.836640573
1,3.7,1.8,123.15447518
1,3.7,1.9,122.940440754
1,3.7,1.9,120.39822395
1,3.7,1.9,122.495916949
1,3.7,1.9,124.56898456
1,3.7,1.9,123.274398922
1,3.7,2.0,121.911161453
1,3.7,2.0,121.277766062
1,3.7,2.0,126.731799917
1,3.7,2.0,120.065330046
1,3.7,2.0,123.303161498
1,3.8,1.8,123.148905538
1,3.8,1.8,123.6563852
1,3.8,1.8,121.573966376
1,3.8,1.8,123.885921048
1,3.8,1.8,124.302946223
1,3.8,1.9,125.091109092
1,3.8,1.9,126.269267444
1,3.8,1.9,122.304476035
1,3.8,1.9,122.249636485
1,3.8,1.9,119.796071211
1,3.8,2.0,127.800854522
1,3.8,2.0,121.364011125
1,3.8,2.0,124.952693693
1,3.8,2.0,121.776554649
1,3.8,2.0,122.287410094
5,3.6,1.8,95.6395278364
5,3.6,1.8,103.231923323
5,3.6,1.8,100.898092412
5,3.6,1.8,98.1222286386
5,3.6,1.8,100.815423318
5,3.6,1.9,94.0810575108
5,3.6,1.9,97.5463627084
5,3.6,1.9,97.6589621194
5,3.6,1.9,98.9468664515
5,3.6,1.9,101.261982149
5,3.6,2.0,99.8235338558
5,3.6,2.0,100.260673927
5,3.6,2.0,100.982697918
5,3.6,2.0,99.4733243612
5,3.6,2.0,91.8686749001
5,3.7,1.8,103.974312256
5,3.7,1.8,100.310756163
5,3.7,1.8,97.4524242989
5,3.7,1.8,93.2548566942
5,3.7,1.8,97.4743257154
5,3.7,1.9,98.1420891677
5,3.7,1.9,99.3132788906
5,3.7,1.9,96.9711220462
5,3.7,1.9,100.581190864
5,3.7,1.9,103.641725518
5,3.7,2.0,99.3264145587
5,3.7,2.0,97.250009857
5,3.7,2.0,104.055034287
5,3.7,2.0,108.507393486
5,3.7,2.0,96.2038935161
5,3.8,1.8,98.5898989599
5,3.8,1.8,99.1193459287
5,3.8,1.8,100.633100673
5,3.8,1.8,102.544031995
5,3.8,1.8,94.608436992
5,3.8,1.9,105.13911899
5,3.8,1.9,99.771330892
5,3.8,1.9,102.789192834
5,3.8,1.9,94.8972170295
5,3.8,1.9,102.509437622
5,3.8,2.0,102.308960134
5,3.8,2.0,99.2502293125
5,3.8,2.0,101.911762297
5,3.8,2.0,99.5506419191
5,3.8,2.0,101.51341178
10,3.6,1.8,81.3549106901
10,3.6,1.8,75.7915950472
10,3.6,1.8,82.680039067
10,3.6,1.8,77.1446879945
10,3.6,1.8,74.8571932499
10,3.6,1.9,86.0630539815
10,3.6,1.9,78.8764567475
10,3.6,1.9,80.6498349337
10,3.6,1.9,84.4130556296
10,3.6,1.9,74.928186954
10,3.6,2.0,83.6965327381
10,3.6,2.0,79.0133657688
10,3.6,2.0,74.7778331672
10,3.6,2.0,79.9711915414
10,3.6,2.0,84.3899320116
10,3.7,1.8,78.0578596682
10,3.7,1.8,83.0683779165
10,3.7,1.8,74.8750648666
10,3.7,1.8,86.0018779966
10,3.7,1.8,84.2560567672
10,3.7,1.9,80.6239393561
10,3.7,1.9,86.1378651195
10,3.7,1.9,78.0659340279
10,3.7,1.9,80.3174015757
10,3.7,1.9,91.3756132981
10,3.7,2.0,78.8939911141
10,3.7,2.0,78.8348205932
10,3.7,2.0,78.5109876617
10,3.7,2.0,78.91483099
10,3.7,2.0,78.8737202459
10,3.8,1.8,86.3258332313
10,3.8,1.8,85.4822418292
10,3.8,1.8,81.3960276879
10,3.8,1.8,81.5560045054
10,3.8,1.8,85.1671937902
10,3.8,1.9,82.1728341136
10,3.8,1.9,78.6038588686
10,3.8,1.9,79.1663426584
10,3.8,1.9,84.1982185723
10,3.8,1.9,82.6411761185
10,3.8,2.0,75.9662261749
10,3.8,2.0,81.7962212902
10,3.8,2.0,75.0153726927
10,3.8,2.0,76.5773762062
10,3.8,2.0,83.9442966066
20,3.6,1.8,64.0213229813
20,3.6,1.8,60.083623264
20,3.6,1.8,68.0041431583
20,3.6,1.8,62.3877551813
20,3.6,1.8,63.8874462707
20,3.6,1.9,61.3803725158
20,3.6,1.9,66.8251623522
20,3.6,1.9,71.4524093784
20,3.6,1.9,61.2259537167
20,3.6,1.9,60.6861368599
20,3.6,2.0,60.8597132232
20,3.6,2.0,65.7961392465
20,3.6,2.0,59.3920679582
20,3.6,2.0,64.2431159751
20,3.6,2.0,61.0645950942
20,3.7,1.8,63.7840529474
20,3.7,1.8,62.0601015789
20,3.7,1.8,67.1371350083
20,3.7,1.8,64.3286016114
20,3.7,1.8,63.9049030421
20,3.7,1.9,64.223561577
20,3.7,1.9,63.4054342738
20,3.7,1.9,62.3340245604
20,3.7,1.9,59.8580282226
20,3.7,1.9,59.5059730321
20,3.7,2.0,66.4516590917
20,3.7,2.0,64.3552445864
20,3.7,2.0,61.2337798748
20,3.7,2.0,69.0323750187
20,3.7,2.0,63.6654397543
20,3.8,1.8,62.336288002
20,3.8,1.8,67.5104493549
20,3.8,1.8,62.1868614491
20,3.8,1.8,67.0940646791
20,3.8,1.8,68.6310570839
20,3.8,1.9,66.5481226907
20,3.8,1.9,66.191229579
20,3.8,1.9,62.8734338063
20,3.8,1.9,66.6918580952
20,3.8,1.9,65.628595758
20,3.8,2.0,62.1441382248
20,3.8,2.0,64.1783062182
20,3.8,2.0,70.3554064016
20,3.8,2.0,63.2315255493
20,3.8,2.0,64.1688815924
30,3.6,1.8,59.1283098974
30,3.6,1.8,59.4966356652
30,3.6,1.8,59.4624701354
30,3.6,1.8,57.2795816023
30,3.6,1.8,59.2350628669
30,3.6,1.9,56.9590320874
30,3.6,1.9,57.8514811863
30,3.6,1.9,59.1498290868
30,3.6,1.9,55.979901414
30,3.6,1.9,62.6336875137
30,3.6,2.0,59.0249369095
30,3.6,2.0,62.0438171983
30,3.6,2.0,58.2370101142
30,3.6,2.0,54.8877873398
30,3.6,2.0,58.2142296161
30,3.7,1.8,59.7554082949
30,3.7,1.8,59.7992038001
30,3.7,1.8,56.5118577285
30,3.7,1.8,56.0297111353
30,3.7,1.8,61.806477849
30,3.7,1.9,56.5692317298
30,3.7,1.9,59.1931474443
30,3.7,1.9,57.0821233239
30,3.7,1.9,53.3506700119
30,3.7,1.9,55.4172053725
30,3.7,2.0,53.7073243965
30,3.7,2.0,61.257080443
30,3.7,2.0,59.2087833418
30,3.7,2.0,56.1398831235
30,3.7,2.0,57.357710613
30,3.8,1.8,59.2573482798
30,3.8,1.8,55.3171365139
30,3.8,1.8,55.5535559711
30,3.8,1.8,56.5871966299
30,3.8,1.8,55.0905181828
30,3.8,1.9,57.4417212755
30,3.8,1.9,58.2515033857
30,3.8,1.9,59.380466459
30,3.8,1.9,56.1361811731
30,3.8,1.9,57.2393705925
30,3.8,2.0,60.579814935
30,3.8,2.0,59.2633222069
30,3.8,2.0,61.2766767337
30,3.8,2.0,56.6915368528
30,3.8,2.0,54.3387730749
1,3.6,1.8,121.137079231
1,3.6,1.8,118.915703146
1,3.6,1.8,122.695727926
1,3.6,1.8,118.038371798
1,3.6,1.8,120.810752134
1,3.6,1.9,119.84258302
1,3.6,1.9,124.952021249
1,3.6,1.9,123.906817848
1,3.6,1.9,119.553499594
1,3.6,1.9,123.494655246
1,3.6,2.0,125.483156122
1,3.6,2.0,125.596255474
1,3.6,2.0,127.607773449
1,3.6,2.0,121.900498901
1,3.6,2.0,122.804457638
1,3.7,1.8,126.668905197
1,3.7,1.8,126.966429324
1,3.7,1.8,122.885531516
1,3.7,1.8,121.172350198
1,3.7,1.8,124.326047697
1,3.7,1.9,123.445567033
1,3.7,1.9,120.402568796
1,3.7,1.9,123.579223602
1,3.7,1.9,119.861375544
1,3.7,1.9,122.896872184
1,3.7,2.0,121.984327376
1,3.7,2.0,122.013302915
1,3.7,2.0,121.863528864
1,3.7,2.0,121.385882123
1,3.7,2.0,122.080569225
1,3.8,1.8,120.743751283
1,3.8,1.8,122.799622514
1,3.8,1.8,125.59152912
1,3.8,1.8,121.323911665
1,3.8,1.8,119.89758235
1,3.8,1.9,125.646215764
1,3.8,1.9,125.781244453
1,3.8,1.9,124.83640166
1,3.8,1.9,122.474350576
1,3.8,1.9,127.339821641
1,3.8,2.0,121.618993109
1,3.8,2.0,121.073595401
1,3.8,2.0,124.51010878
1,3.8,2.0,121.654784086
1,3.8,2.0,121.104526588
5,3.6,1.8,95.5010458797
5,3.6,1.8,96.2918593317
5,3.6,1.8,93.8962166172
5,3.6,1.8,99.305260057
5,3.6,1.8,102.734087959
5,3.6,1.9,101.368300513
5,3.6,1.9,94.7046947691
5,3.6,1.9,103.568030143
5,3.6,1.9,98.6652392759
5,3.6,1.9,102.975243828
5,3.6,2.0,96.4464672202
5,3.6,2.0,98.2487313236
5,3.6,2.0,103.143711816
5,3.6,2.0,100.014076616
5,3.6,2.0,95.1927295697
5,3.7,1.8,97.9974435547
5,3.7,1.8,101.773834232
5,3.7,1.8,98.2721467376
5,3.7,1.8,96.9688058766
5,3.7,1.8,103.44715016
5,3.7,1.9,99.1093121213
5,3.7,1.9,104.465030552
5,3.7,1.9,104.606082176
5,3.7,1.9,100.887951397
5,3.7,1.9,101.043245395
5,3.7,2.0,99.8385296057
5,3.7,2.0,102.191669379
5,3.7,2.0,102.790812321
5,3.7,2.0,97.1083872499
5,3.7,2.0,100.272441349
5,3.8,1.8,97.7896285326
5,3.8,1.8,100.536283637
5,3.8,1.8,103.354142061
5,3.8,1.8,94.6901836499
5,3.8,1.8,99.6983621269
5,3.8,1.9,100.332863769
5,3.8,1.9,94.0508277789
5,3.8,1.9,100.536405325
5,3.8,1.9,99.7205424411
5,3.8,1.9,99.247546165
5,3.8,2.0,104.996060746
5,3.8,2.0,104.109507116
5,3.8,2.0,97.84619345
5,3.8,2.0,97.8614161866
5,3.8,2.0,104.426723744
10,3.6,1.8,86.5551003744
10,3.6,1.8,79.8182377688
10,3.6,1.8,83.1474184448
10,3.6,1.8,82.8992391835
10,3.6,1.8,86.7086806048
10,3.6,1.9,80.8639039379
10,3.6,1.9,72.7381149092
10,3.6,1.9,77.5629664266
10,3.6,1.9,79.2306394113
10,3.6,1.9,86.5709788319
10,3.6,2.0,79.9064587314
10,3.6,2.0,79.5279262314
10,3.6,2.0,87.4135721198
10,3.6,2.0,75.4611031923
10,3.6,2.0,81.5621476393
10,3.7,1.8,77.5101985771
10,3.7,1.8,79.7716775033
10,3.7,1.8,82.057579294
10,3.7,1.8,83.8109338852
10,3.7,1.8,82.6955014151
10,3.7,1.9,83.2845394546
10,3.7,1.9,85.1089065787
10,3.7,1.9,79.1102881589
10,3.7,1.9,82.5837578868
10,3.7,1.9,81.2211285222
10,3.7,2.0,79.9382136684
10,3.7,2.0,86.9428789067
10,3.7,2.0,80.6697698545
10,3.7,2.0,81.0944445444
10,3.7,2.0,79.6461508485
10,3.8,1.8,88.7564625014
10,3.8,1.8,85.3458594079
10,3.8,1.8,77.1934419477
10,3.8,1.8,80.4413606104
10,3.8,1.8,82.5624446477
10,3.8,1.9,84.4415574172
10,3.8,1.9,81.2734143036
10,3.8,1.9,85.6671932605
10,3.8,1.9,88.4059865445
10,3.8,1.9,79.4734461973
10,3.8,2.0,80.0344081186
10,3.8,2.0,83.9311084164
10,3.8,2.0,82.6426536146
10,3.8,2.0,85.5423936013
10,3.8,2.0,82.7497772785
20,3.6,1.8,60.4988887015
20,3.6,1.8,69.1627297699
20,3.6,1.8,65.206146542
20,3.6,1.8,64.0737408474
20,3.6,1.8,60.6088491004
20,3.6,1.9,60.0368044034
20,3.6,1.9,68.1912361807
20,3.6,1.9,60.117200714
20,3.6,1.9,64.3794862041
20,3.6,1.9,61.6956984476
20,3.6,2.0,67.6376457093
20,3.6,2.0,63.6949816895
20,3.6,2.0,63.75261333
20,3.6,2.0,74.8385502473
20,3.6,2.0,60.3268854643
20,3.7,1.8,61.2007111513
20,3.7,1.8,66.9288196475
20,3.7,1.8,70.2183593223
20,3.7,1.8,63.2398556689
20,3.7,1.8,68.0902488351
20,3.7,1.9,65.0152841978
20,3.7,1.9,59.8671087067
20,3.7,1.9,64.6318910178
20,3.7,1.9,63.1414575308
20,3.7,1.9,70.0586264616
20,3.7,2.0,64.5610059435
20,3.7,2.0,63.1614971159
20,3.7,2.0,61.6846018725
20,3.7,2.0,61.4308251071
20,3.7,2.0,66.433070163
20,3.8,1.8,64.7458270893
20,3.8,1.8,65.5062954864
20,3.8,1.8,62.1970973801
20,3.8,1.8,69.4736087683
20,3.8,1.8,63.4990583242
20,3.8,1.9,61.92726449
20,3.8,1.9,68.1575064604
20,3.8,1.9,67.8124679577
20,3.8,1.9,61.0533378401
20,3.8,1.9,72.6955694315
20,3.8,2.0,61.9935299239
20,3.8,2.0,64.8132567404
20,3.8,2.0,61.6095539862
20,3.8,2.0,61.1688736117
20,3.8,2.0,67.5733521792
30,3.6,1.8,57.8140577369
30,3.6,1.8,54.5072876464
30,3.6,1.8,58.4744761893
30,3.6,1.8,55.7226103181
30,3.6,1.8,57.1737675695
30,3.6,1.9,55.9241598569
30,3.6,1.9,55.2707113126
30,3.6,1.9,60.3625223102
30,3.6,1.9,54.9955826148
30,3.6,1.9,60.59378326
30,3.6,2.0,59.4543380277
30,3.6,2.0,57.1684434899
30,3.6,2.0,56.334720219
30,3.6,2.0,56.8261596978
30,3.6,2.0,58.3618272888
30,3.7,1.8,55.9214662125
30,3.7,1.8,54.9495825887
30,3.7,1.8,60.9016933265
30,3.7,1.8,58.5838979455
30,3.7,1.8,55.7246351996
30,3.7,1.9,58.3080731506
30,3.7,1.9,57.1750823218
30,3.7,1.9,60.0536329534
30,3.7,1.9,55.6014750655
30,3.7,1.9,62.9306568837
30,3.7,2.0,54.5862579638
30,3.7,2.0,56.5515474521
30,3.7,2.0,57.7032113155
30,3.7,2.0,58.4992471212
30,3.7,2.0,55.6207520971
30,3.8,1.8,56.4787706395
30,3.8,1.8,53.7474291766
30,3.8,1.8,57.0664178287
30,3.8,1.8,53.8695669143
30,3.8,1.8,53.4388248493
30,3.8,1.9,55.9174860039
30,3.8,1.9,57.8133212811
30,3.8,1.9,56.190892265
30,3.8,1.9,62.8586114559
30,3.8,1.9,63.0117278454
30,3.8,2.0,55.9124839571
30,3.8,2.0,54.6098320261
30,3.8,2.0,57.1333474867
30,3.8,2.0,52.21343343
30,3.8,2.0,59.7957492768
1,3.7,1.8,122.770339249
1,3.7,1.8,118.271260117
1,3.7,1.8,118.772545082
1,3.7,1.8,118.497514677
1,3.7,1.8,120.053466155
1,3.7,1.9,120.358696158
1,3.7,1.9,123.937357456
1,3.7,1.9,124.491523164
1,3.7,1.9,126.793166521
1,3.7,1.9,122.383597721
1,3.7,2.0,120.347384835
1,3.7,2.0,122.62353999
1,3.7,2.0,122.491408566
1,3.7,2.0,119.247692546
1,3.7,2.0,122.061751352
1,3.8,1.8,122.526374652
1,3.8,1.8,121.286327903
1,3.8,1.8,125.697944812
1,3.8,1.8,123.990458333
1,3.8,1.8,123.305289632
1,3.8,1.9,122.591494307
1,3.8,1.9,121.885689022
1,3.8,1.9,126.150424258
1,3.8,1.9,122.503736734
1,3.8,1.9,121.867320441
1,3.8,2.0,126.622151461
1,3.8,2.0,122.264588526
1,3.8,2.0,120.895131892
1,3.8,2.0,121.789030653
1,3.8,2.0,120.599667758
1,3.9,1.8,122.294985357
1,3.9,1.8,123.650572702
1,3.9,1.8,119.556295907
1,3.9,1.8,124.331309862
1,3.9,1.8,123.178066998
1,3.9,1.9,117.344308148
1,3.9,1.9,121.889746595
1,3.9,1.9,120.64014187
1,3.9,1.9,120.253588974
1,3.9,1.9,126.073306956
1,3.9,2.0,120.167056243
1,3.9,2.0,120.766106915
1,3.9,2.0,120.04222295
1,3.9,2.0,121.48716456
1,3.9,2.0,119.638023501
5,3.7,1.8,105.027337977
5,3.7,1.8,99.2638236573
5,3.7,1.8,95.8651748176
5,3.7,1.8,98.7931452556
5,3.7,1.8,98.8082734235
5,3.7,1.9,99.5592051056
5,3.7,1.9,101.264834914
5,3.7,1.9,99.3833372667
5,3.7,1.9,102.084292731
5,3.7,1.9,100.042970112
5,3.7,2.0,95.9004530669
5,3.7,2.0,99.0849227295
5,3.7,2.0,107.259838589
5,3.7,2.0,100.672724021
5,3.7,2.0,98.751432325
5,3.8,1.8,100.517528339
5,3.8,1.8,96.8651639592
5,3.8,1.8,98.0017413349
5,3.8,1.8,103.179422034
5,3.8,1.8,100.556478447
5,3.8,1.9,95.6641103965
5,3.8,1.9,96.1946666167
5,3.8,1.9,97.8333967405
5,3.8,1.9,98.9975651664
5,3.8,1.9,98.8409964322
5,3.8,2.0,101.62648773
5,3.8,2.0,98.8579387755
5,3.8,2.0,101.293143695
5,3.8,2.0,100.649236869
5,3.8,2.0,98.3501274555
5,3.9,1.8,98.4209519938
5,3.9,1.8,98.1220885432
5,3.9,1.8,105.505717017
5,3.9,1.8,103.930935041
5,3.9,1.8,101.585349506
5,3.9,1.9,97.9666401523
5,3.9,1.9,95.3430145205
5,3.9,1.9,100.250409361
5,3.9,1.9,101.742344544
5,3.9,1.9,101.736256379
5,3.9,2.0,100.813157289
5,3.9,2.0,98.4334093021
5,3.9,2.0,96.3296950063
5,3.9,2.0,97.7961160771
5,3.9,2.0,103.6530611
10,3.7,1.8,79.6093945772
10,3.7,1.8,76.5897797991
10,3.7,1.8,85.2949522199
10,3.7,1.8,87.2403662479
10,3.7,1.8,82.5318011506
10,3.7,1.9,83.7193802513
10,3.7,1.9,81.3008513202
10,3.7,1.9,77.6095684599
10,3.7,1.9,91.5656315318
10,3.7,1.9,83.1110672981
10,3.7,2.0,84.3842702415
10,3.7,2.0,84.1310576464
10,3.7,2.0,76.2532319392
10,3.7,2.0,77.6798724239
10,3.7,2.0,73.5949804431
10,3.8,1.8,88.7599916434
10,3.8,1.8,82.1017218648
10,3.8,1.8,81.7298634884
10,3.8,1.8,76.8302318256
10,3.8,1.8,78.4975443162
10,3.8,1.9,79.5185008938
10,3.8,1.9,81.2659915268
10,3.8,1.9,80.8914557071
10,3.8,1.9,80.3385541205
10,3.8,1.9,90.9827887636
10,3.8,2.0,89.2597139641
10,3.8,2.0,79.7246103591
10,3.8,2.0,81.821076543
10,3.8,2.0,89.2945990984
10,3.8,2.0,87.6169433706
10,3.9,1.8,80.6321381771
10,3.9,1.8,76.3241539436
10,3.9,1.8,78.9540467996
10,3.9,1.8,79.1086730845
10,3.9,1.8,84.7582910488
10,3.9,1.9,81.218304365
10,3.9,1.9,81.9675250993
10,3.9,1.9,80.8649487406
10,3.9,1.9,74.6171327067
10,3.9,1.9,83.8658003461
10,3.9,2.0,82.6003946975
10,3.9,2.0,88.6005784982
10,3.9,2.0,82.0870014157
10,3.9,2.0,77.3364093365
10,3.9,2.0,76.9829225392
20,3.7,1.8,70.5426708599
20,3.7,1.8,64.1564181659
20,3.7,1.8,64.897315819
20,3.7,1.8,63.0448949222
20,3.7,1.8,60.4180721105
20,3.7,1.9,60.6996628365
20,3.7,1.9,65.4128469852
20,3.7,1.9,69.3049035129
20,3.7,1.9,60.375686237
20,3.7,1.9,63.6089405051
20,3.7,2.0,62.5936894509
20,3.7,2.0,66.9189983475
20,3.7,2.0,66.7022365077
20,3.7,2.0,71.7473624834
20,3.7,2.0,64.3424538698
20,3.8,1.8,64.4367350362
20,3.8,1.8,66.9642203078
20,3.8,1.8,62.2557929368
20,3.8,1.8,67.1524426702
20,3.8,1.8,71.9611084439
20,3.8,1.9,61.0820066684
20,3.8,1.9,69.6527662063
20,3.8,1.9,62.1966474163
20,3.8,1.9,63.5234263294
20,3.8,1.9,60.0920967186
20,3.8,2.0,63.5887343403
20,3.8,2.0,59.1045232543
20,3.8,2.0,69.9123919839
20,3.8,2.0,61.9753268455
20,3.8,2.0,69.3208001223
20,3.9,1.8,58.0432741694
20,3.9,1.8,65.9127931452
20,3.9,1.8,65.0499748153
20,3.9,1.8,61.9939739668
20,3.9,1.8,64.5505178511
20,3.9,1.9,63.7920534737
20,3.9,1.9,67.3482511811
20,3.9,1.9,67.2778796929
20,3.9,1.9,61.9613355552
20,3.9,1.9,68.7948050193
20,3.9,2.0,66.7783918712
20,3.9,2.0,63.0388924127
20,3.9,2.0,67.1479296157
20,3.9,2.0,69.639180207
20,3.9,2.0,65.9369571913
30,3.7,1.8,57.3679067697
30,3.7,1.8,53.7173002657
30,3.7,1.8,53.7955937181
30,3.7,1.8,55.5833504725
30,3.7,1.8,63.6975656033
30,3.7,1.9,53.8243610155
30,3.7,1.9,54.6728498871
30,3.7,1.9,63.0368783567
30,3.7,1.9,59.1887838131
30,3.7,1.9,57.1287709814
30,3.7,2.0,54.3231270725
30,3.7,2.0,56.176199776
30,3.7,2.0,58.2044511362
30,3.7,2.0,55.4977967936
30,3.7,2.0,54.8446104283
30,3.8,1.8,55.8091552761
30,3.8,1.8,58.0636604077
30,3.8,1.8,58.9898591106
30,3.8,1.8,53.2032752313
30,3.8,1.8,56.4549968325
30,3.8,1.9,54.6882635995
30,3.8,1.9,59.5546600235
30,3.8,1.9,55.1571864585
30,3.8,1.9,57.9968181051
30,3.8,1.9,64.9282328814
30,3.8,2.0,56.3098748421
30,3.8,2.0,54.0033554755
30,3.8,2.0,60.1714223493
30,3.8,2.0,56.6887779609
30,3.8,2.0,55.3940774746
30,3.9,1.8,57.8275054989
30,3.9,1.8,54.3174509997
30,3.9,1.8,65.1531003593
30,3.9,1.8,55.8078990788
30,3.9,1.8,59.034309268
30,3.9,1.9,54.1503636873
30,3.9,1.9,62.1813388563
30,3.9,1.9,57.0045936281
30,3.9,1.9,58.3207727072
30,3.9,1.9,57.5734027178
30,3.9,2.0,53.838478389
30,3.9,2.0,58.8122205819
30,3.9,2.0,66.8326867692
30,3.9,2.0,54.1592706425
30,3.9,2.0,60.5088832161
