Noise,SigD,SigI,PSNR
1,2.0,2.0,123.955460274
1,2.0,2.0,122.597882917
1,2.0,2.0,130.139178153
1,2.0,2.0,124.567293778
1,2.0,2.0,123.000397309
1,2.0,2.5,128.021794261
1,2.0,2.5,128.092950137
1,2.0,2.5,127.422145256
1,2.0,2.5,125.996981835
1,2.0,2.5,128.647983998
1,2.0,3.0,128.495253413
1,2.0,3.0,122.661734381
1,2.0,3.0,127.602518011
1,2.0,3.0,125.236147898
1,2.0,3.0,127.56733882
1,2.5,2.0,126.175292758
1,2.5,2.0,124.139233454
1,2.5,2.0,124.834431652
1,2.5,2.0,128.412144938
1,2.5,2.0,127.027760083
1,2.5,2.5,128.06766111
1,2.5,2.5,120.072041356
1,2.5,2.5,124.997780657
1,2.5,2.5,126.196308764
1,2.5,2.5,128.119284426
1,2.5,3.0,125.984932863
1,2.5,3.0,125.020459117
1,2.5,3.0,125.772654435
1,2.5,3.0,124.843999562
1,2.5,3.0,123.237800517
1,3.0,2.0,122.270840218
1,3.0,2.0,119.621731079
1,3.0,2.0,125.748810068
1,3.0,2.0,124.562304828
1,3.0,2.0,127.513690179
1,3.0,2.5,125.058125869
1,3.0,2.5,129.138897619
1,3.0,2.5,125.296945163
1,3.0,2.5,123.869769405
1,3.0,2.5,127.278105956
1,3.0,3.0,123.047117292
1,3.0,3.0,124.230125785
1,3.0,3.0,125.064000782
1,3.0,3.0,123.978789266
1,3.0,3.0,125.537847567
5,2.0,2.0,92.6498177975
5,2.0,2.0,96.0761059372
5,2.0,2.0,95.906828327
5,2.0,2.0,91.8400439024
5,2.0,2.0,94.1272596776
5,2.0,2.5,96.2063322181
5,2.0,2.5,95.8766637877
5,2.0,2.5,98.4314238074
5,2.0,2.5,98.4076480872
5,2.0,2.5,97.9744682089
5,2.0,3.0,97.0931034128
5,2.0,3.0,95.7235203898
5,2.0,3.0,96.4561378693
5,2.0,3.0,97.6496906802
5,2.0,3.0,96.9899971494
5,2.5,2.0,102.542468951
5,2.5,2.0,102.579840846
5,2.5,2.0,99.2241919727
5,2.5,2.0,97.753175552
5,2.5,2.0,92.9575662701
5,2.5,2.5,98.9495898421
5,2.5,2.5,99.4003233602
5,2.5,2.5,95.9950624588
5,2.5,2.5,100.417552033
5,2.5,2.5,96.9185125913
5,2.5,3.0,98.9266039534
5,2.5,3.0,99.6958999866
5,2.5,3.0,98.8684954179
5,2.5,3.0,98.0136648934
5,2.5,3.0,99.5756289385
5,3.0,2.0,99.6725684536
5,3.0,2.0,95.3221854529
5,3.0,2.0,97.9958541577
5,3.0,2.0,97.4148659449
5,3.0,2.0,100.358932988
5,3.0,2.5,98.9014769285
5,3.0,2.5,98.5191241479
5,3.0,2.5,99.0759831846
5,3.0,2.5,98.9891804894
5,3.0,2.5,101.915130588
5,3.0,3.0,96.2302933925
5,3.0,3.0,99.4071743268
5,3.0,3.0,99.6337780671
5,3.0,3.0,99.3371881305
5,3.0,3.0,97.2389962958
10,2.0,2.0,80.3888011271
10,2.0,2.0,77.2803992328
10,2.0,2.0,79.0517297859
10,2.0,2.0,75.7870904733
10,2.0,2.0,82.222737167
10,2.0,2.5,79.5506042085
10,2.0,2.5,85.1310785676
10,2.0,2.5,79.6322438875
10,2.0,2.5,76.7250731001
10,2.0,2.5,79.7620984774
10,2.0,3.0,83.6808631022
10,2.0,3.0,83.889172563
10,2.0,3.0,82.7057247947
10,2.0,3.0,80.923690971
10,2.0,3.0,76.1403414612
10,2.5,2.0,81.2864942894
10,2.5,2.0,79.7471999282
10,2.5,2.0,79.2695596707
10,2.5,2.0,82.3159296217
10,2.5,2.0,80.698235788
10,2.5,2.5,82.7367954785
10,2.5,2.5,80.1151240688
10,2.5,2.5,83.850732149
10,2.5,2.5,84.6668820569
10,2.5,2.5,85.0150608904
10,2.5,3.0,79.6336106304
10,2.5,3.0,79.3034922189
10,2.5,3.0,84.7388796939
10,2.5,3.0,82.3454809105
10,2.5,3.0,83.143311853
10,3.0,2.0,79.3246437671
10,3.0,2.0,81.0305714964
10,3.0,2.0,85.7497457103
10,3.0,2.0,83.5523215216
10,3.0,2.0,83.2348299841
10,3.0,2.5,83.3641541275
10,3.0,2.5,88.1735347815
10,3.0,2.5,81.7220771976
10,3.0,2.5,88.5470202164
10,3.0,2.5,83.0527059985
10,3.0,3.0,86.1320794708
10,3.0,3.0,81.465451393
10,3.0,3.0,82.308277588
10,3.0,3.0,84.3125922708
10,3.0,3.0,82.3502826604
20,2.0,2.0,64.1621901918
20,2.0,2.0,66.5529039745
20,2.0,2.0,66.234053522
20,2.0,2.0,63.1646095654
20,2.0,2.0,66.0121228955
20,2.0,2.5,67.5008655113
20,2.0,2.5,65.2772447226
20,2.0,2.5,65.3607184682
20,2.0,2.5,65.8862437339
20,2.0,2.5,65.2476895241
20,2.0,3.0,69.1234976982
20,2.0,3.0,64.43560113
20,2.0,3.0,66.0570372798
20,2.0,3.0,64.6779164315
20,2.0,3.0,68.3626656152
20,2.5,2.0,67.1558557782
20,2.5,2.0,67.9648602223
20,2.5,2.0,66.4061183696
20,2.5,2.0,67.6602906301
20,2.5,2.0,66.2034990235
20,2.5,2.5,70.2492335325
20,2.5,2.5,72.5537098679
20,2.5,2.5,72.3947305123
20,2.5,2.5,68.7680018723
20,2.5,2.5,68.3353741487
20,2.5,3.0,69.3982804715
20,2.5,3.0,66.6129482871
20,2.5,3.0,70.0833865505
20,2.5,3.0,66.1666903206
20,2.5,3.0,71.5112318216
20,3.0,2.0,66.5547225358
20,3.0,2.0,70.8748473357
20,3.0,2.0,72.2895682913
20,3.0,2.0,69.9784519292
20,3.0,2.0,62.8071361833
20,3.0,2.5,73.8198621964
20,3.0,2.5,66.8178069756
20,3.0,2.5,70.8160785239
20,3.0,2.5,66.4528794048
20,3.0,2.5,67.6174496367
20,3.0,3.0,68.7209799376
20,3.0,3.0,71.2522427498
20,3.0,3.0,68.447068132
20,3.0,3.0,70.7231294748
20,3.0,3.0,71.514459994
30,2.0,2.0,56.9066510438
30,2.0,2.0,59.4399586551
30,2.0,2.0,57.7713127094
30,2.0,2.0,56.3263327534
30,2.0,2.0,54.1986614732
30,2.0,2.5,57.8023751763
30,2.0,2.5,59.1431089718
30,2.0,2.5,60.6032333378
30,2.0,2.5,56.3518680791
30,2.0,2.5,60.5635991953
30,2.0,3.0,56.5755248092
30,2.0,3.0,59.6863756262
30,2.0,3.0,63.9313042666
30,2.0,3.0,62.8532317908
30,2.0,3.0,58.7052431101
30,2.5,2.0,62.3639219227
30,2.5,2.0,62.8914414083
30,2.5,2.0,58.6799138377
30,2.5,2.0,63.262267506
30,2.5,2.0,65.3070382998
30,2.5,2.5,60.7961948386
30,2.5,2.5,62.479423858
30,2.5,2.5,62.5114953608
30,2.5,2.5,63.4596218954
30,2.5,2.5,57.9253678167
30,2.5,3.0,65.4794086184
30,2.5,3.0,62.12661623
30,2.5,3.0,57.9604951622
30,2.5,3.0,58.5127209679
30,2.5,3.0,61.227741867
30,3.0,2.0,57.8665305127
30,3.0,2.0,60.5710604808
30,3.0,2.0,62.2758586909
30,3.0,2.0,60.8631596915
30,3.0,2.0,60.2310950078
30,3.0,2.5,59.0299295719
30,3.0,2.5,65.04116852
30,3.0,2.5,63.6971878705
30,3.0,2.5,65.4617239473
30,3.0,2.5,62.8900449559
30,3.0,3.0,61.6480394776
30,3.0,3.0,66.7277090357
30,3.0,3.0,61.2694889302
30,3.0,3.0,62.6104230871
30,3.0,3.0,60.3435966788
1,2.8,2.5,123.196559495
1,2.8,2.5,122.97306908
1,2.8,2.5,125.895266236
1,2.8,2.5,123.854331117
1,2.8,2.5,125.98185734
1,2.8,2.6,127.698409514
1,2.8,2.6,123.575683679
1,2.8,2.6,125.076841297
1,2.8,2.6,124.051778109
1,2.8,2.6,125.583237041
1,2.8,2.7,124.186963181
1,2.8,2.7,128.036675221
1,2.8,2.7,125.746870487
1,2.8,2.7,131.350193803
1,2.8,2.7,125.48294538
1,2.9,2.5,124.219573614
1,2.9,2.5,125.146845426
1,2.9,2.5,125.524845093
1,2.9,2.5,123.338096686
1,2.9,2.5,123.594899811
1,2.9,2.6,124.813509538
1,2.9,2.6,120.935133218
1,2.9,2.6,122.463309397
1,2.9,2.6,124.210555469
1,2.9,2.6,125.462743768
1,2.9,2.7,127.227568277
1,2.9,2.7,124.630223916
1,2.9,2.7,126.164712548
1,2.9,2.7,124.742902453
1,2.9,2.7,123.640179227
1,3.0,2.5,123.440856958
1,3.0,2.5,123.303984878
1,3.0,2.5,124.359064188
1,3.0,2.5,125.895872963
1,3.0,2.5,125.060628676
1,3.0,2.6,123.491930066
1,3.0,2.6,124.640848467
1,3.0,2.6,125.342896633
1,3.0,2.6,121.286345503
1,3.0,2.6,128.221810654
1,3.0,2.7,127.232765763
1,3.0,2.7,125.221792373
1,3.0,2.7,125.894269782
1,3.0,2.7,122.906419751
1,3.0,2.7,123.286958477
5,2.8,2.5,103.464455786
5,2.8,2.5,100.868919684
5,2.8,2.5,93.0884475376
5,2.8,2.5,99.5298931584
5,2.8,2.5,98.6138054122
5,2.8,2.6,94.2341722225
5,2.8,2.6,96.4773099652
5,2.8,2.6,103.05306753
5,2.8,2.6,99.3837252206
5,2.8,2.6,97.6352711321
5,2.8,2.7,96.3640501785
5,2.8,2.7,98.8676966604
5,2.8,2.7,98.0438304581
5,2.8,2.7,103.94616537
5,2.8,2.7,99.5724562022
5,2.9,2.5,99.081797164
5,2.9,2.5,94.7727332544
5,2.9,2.5,100.119197379
5,2.9,2.5,99.4432248996
5,2.9,2.5,96.1076472376
5,2.9,2.6,98.1080794971
5,2.9,2.6,100.46981627
5,2.9,2.6,97.9575392827
5,2.9,2.6,96.6519271743
5,2.9,2.6,100.046107834
5,2.9,2.7,97.5830954541
5,2.9,2.7,97.9888003047
5,2.9,2.7,101.665469228
5,2.9,2.7,102.257632912
5,2.9,2.7,101.600503886
5,3.0,2.5,105.586338422
5,3.0,2.5,98.2710052524
5,3.0,2.5,96.0651827948
5,3.0,2.5,101.294514571
5,3.0,2.5,96.5921759441
5,3.0,2.6,96.5093748514
5,3.0,2.6,97.9291516208
5,3.0,2.6,98.5960079333
5,3.0,2.6,94.2389722663
5,3.0,2.6,96.7608136935
5,3.0,2.7,96.443789442
5,3.0,2.7,96.5084393852
5,3.0,2.7,101.235093729
5,3.0,2.7,99.9561541655
5,3.0,2.7,100.570421796
10,2.8,2.5,79.316065351
10,2.8,2.5,78.7712712951
10,2.8,2.5,83.741145537
10,2.8,2.5,82.2270227974
10,2.8,2.5,86.2232266005
10,2.8,2.6,89.062612685
10,2.8,2.6,84.3246031979
10,2.8,2.6,85.4637683338
10,2.8,2.6,83.8819127584
10,2.8,2.6,78.7436243564
10,2.8,2.7,82.3723942198
10,2.8,2.7,84.8270232318
10,2.8,2.7,82.5774316927
10,2.8,2.7,82.30673862
10,2.8,2.7,82.1633055784
10,2.9,2.5,83.3429439308
10,2.9,2.5,85.1004789742
10,2.9,2.5,84.4803427327
10,2.9,2.5,84.2305211254
10,2.9,2.5,83.0658477882
10,2.9,2.6,78.71914029
10,2.9,2.6,86.3560243179
10,2.9,2.6,84.5856115667
10,2.9,2.6,84.0517621555
10,2.9,2.6,91.52751324
10,2.9,2.7,86.9566199071
10,2.9,2.7,82.7832301176
10,2.9,2.7,81.4753964059
10,2.9,2.7,85.6042759837
10,2.9,2.7,86.8134776936
10,3.0,2.5,86.2155385576
10,3.0,2.5,86.4179189505
10,3.0,2.5,88.9194371194
10,3.0,2.5,82.102849381
10,3.0,2.5,84.8914209485
10,3.0,2.6,82.0180219257
10,3.0,2.6,83.9772036782
10,3.0,2.6,82.5419540482
10,3.0,2.6,82.5704469038
10,3.0,2.6,83.2382231665
10,3.0,2.7,90.0790834506
10,3.0,2.7,83.2888559771
10,3.0,2.7,82.4481725946
10,3.0,2.7,81.2249787451
10,3.0,2.7,82.7732171888
20,2.8,2.5,68.675927002
20,2.8,2.5,70.2905012346
20,2.8,2.5,71.2628070706
20,2.8,2.5,68.3001433127
20,2.8,2.5,67.2088824667
20,2.8,2.6,67.0467669581
20,2.8,2.6,71.2918398968
20,2.8,2.6,68.9525099098
20,2.8,2.6,69.4118774621
20,2.8,2.6,65.3307754486
20,2.8,2.7,69.1772850193
20,2.8,2.7,69.6929107857
20,2.8,2.7,72.0192823058
20,2.8,2.7,72.0258115121
20,2.8,2.7,68.9642975302
20,2.9,2.5,68.991191273
20,2.9,2.5,73.1228019691
20,2.9,2.5,68.8766140873
20,2.9,2.5,65.5329072378
20,2.9,2.5,66.2534649744
20,2.9,2.6,61.3964497897
20,2.9,2.6,67.8263663842
20,2.9,2.6,65.0258190877
20,2.9,2.6,72.9182725377
20,2.9,2.6,68.4661070393
20,2.9,2.7,67.7147652521
20,2.9,2.7,71.0180704396
20,2.9,2.7,67.4506787953
20,2.9,2.7,70.247418582
20,2.9,2.7,68.0665469835
20,3.0,2.5,65.6697835999
20,3.0,2.5,66.4791794176
20,3.0,2.5,74.7259193914
20,3.0,2.5,74.990544546
20,3.0,2.5,69.9785138759
20,3.0,2.6,71.4855608437
20,3.0,2.6,71.8018071567
20,3.0,2.6,74.3160053949
20,3.0,2.6,71.7683702321
20,3.0,2.6,68.845248305
20,3.0,2.7,73.3358700209
20,3.0,2.7,67.5479354114
20,3.0,2.7,69.4069604139
20,3.0,2.7,71.2344095766
20,3.0,2.7,70.8848932665
30,2.8,2.5,62.3332745105
30,2.8,2.5,60.2733295215
30,2.8,2.5,59.806970074
30,2.8,2.5,60.2980912414
30,2.8,2.5,61.0571521482
30,2.8,2.6,62.3002361157
30,2.8,2.6,63.6954055286
30,2.8,2.6,64.2689610595
30,2.8,2.6,61.6019233056
30,2.8,2.6,60.7128751133
30,2.8,2.7,63.670775746
30,2.8,2.7,62.2765719878
30,2.8,2.7,58.8940281934
30,2.8,2.7,62.1887335254
30,2.8,2.7,63.8282522907
30,2.9,2.5,62.8799354132
30,2.9,2.5,59.4265195324
30,2.9,2.5,62.3314476749
30,2.9,2.5,58.9038877644
30,2.9,2.5,65.4176461454
30,2.9,2.6,62.0430646369
30,2.9,2.6,65.31827339
30,2.9,2.6,62.1470818711
30,2.9,2.6,63.9247272251
30,2.9,2.6,61.225978233
30,2.9,2.7,60.1510288627
30,2.9,2.7,68.341961386
30,2.9,2.7,61.4239809315
30,2.9,2.7,63.1764521222
30,2.9,2.7,61.4209670377
30,3.0,2.5,63.7906003231
30,3.0,2.5,64.4062799473
30,3.0,2.5,60.8732249611
30,3.0,2.5,61.9393118198
30,3.0,2.5,60.6991318387
30,3.0,2.6,61.5182413542
30,3.0,2.6,60.2480144776
30,3.0,2.6,57.0987436947
30,3.0,2.6,66.363144869
30,3.0,2.6,65.1631516649
30,3.0,2.7,60.6209990652
30,3.0,2.7,65.863190665
30,3.0,2.7,66.042056071
30,3.0,2.7,61.5243265067
30,3.0,2.7,62.4648169308
1,2.9,2.5,124.909902173
1,2.9,2.5,126.114012287
1,2.9,2.5,126.82595061
1,2.9,2.5,125.704343306
1,2.9,2.5,124.48963165
1,2.9,2.6,122.315778431
1,2.9,2.6,125.688490859
1,2.9,2.6,124.200962075
1,2.9,2.6,125.04395713
1,2.9,2.6,127.400200382
1,2.9,2.7,123.330996527
1,2.9,2.7,123.622738059
1,2.9,2.7,127.987918904
1,2.9,2.7,128.037640491
1,2.9,2.7,125.464596836
1,3.0,2.5,122.996696277
1,3.0,2.5,122.902419608
1,3.0,2.5,124.119347273
1,3.0,2.5,123.576326718
1,3.0,2.5,121.562885386
1,3.0,2.6,120.425843277
1,3.0,2.6,122.62787448
1,3.0,2.6,124.10129041
1,3.0,2.6,124.558150325
1,3.0,2.6,121.964680893
1,3.0,2.7,123.240150596
1,3.0,2.7,119.818490569
1,3.0,2.7,123.431895277
1,3.0,2.7,123.147235235
1,3.0,2.7,123.822203339
1,3.1,2.5,122.658338693
1,3.1,2.5,124.752022483
1,3.1,2.5,124.576702438
1,3.1,2.5,121.57374062
1,3.1,2.5,124.312676646
1,3.1,2.6,124.415631114
1,3.1,2.6,122.888592505
1,3.1,2.6,126.620856549
1,3.1,2.6,123.3645208
1,3.1,2.6,120.635025257
1,3.1,2.7,124.183107391
1,3.1,2.7,123.829553809
1,3.1,2.7,125.917920087
1,3.1,2.7,123.358244708
1,3.1,2.7,122.211029731
5,2.9,2.5,102.785051351
5,2.9,2.5,105.091430481
5,2.9,2.5,97.4226792641
5,2.9,2.5,99.5671751519
5,2.9,2.5,96.7613389034
5,2.9,2.6,98.7452484406
5,2.9,2.6,99.626484767
5,2.9,2.6,98.5472610891
5,2.9,2.6,97.0010835725
5,2.9,2.6,103.106748235
5,2.9,2.7,97.939233063
5,2.9,2.7,97.0052132171
5,2.9,2.7,99.4104365101
5,2.9,2.7,99.825022209
5,2.9,2.7,98.6793964961
5,3.0,2.5,100.315250858
5,3.0,2.5,96.0478925618
5,3.0,2.5,101.307539047
5,3.0,2.5,96.1421985487
5,3.0,2.5,104.648327317
5,3.0,2.6,101.660535277
5,3.0,2.6,100.322418374
5,3.0,2.6,99.2582704491
5,3.0,2.6,100.306565248
5,3.0,2.6,96.3646845021
5,3.0,2.7,98.4366804376
5,3.0,2.7,105.43281516
5,3.0,2.7,98.3025641719
5,3.0,2.7,100.43374328
5,3.0,2.7,102.938942534
5,3.1,2.5,97.0101968061
5,3.1,2.5,102.139600679
5,3.1,2.5,96.5199686479
5,3.1,2.5,102.860400694
5,3.1,2.5,101.579217074
5,3.1,2.6,96.0621353111
5,3.1,2.6,98.3316548939
5,3.1,2.6,96.9100368635
5,3.1,2.6,106.93310808
5,3.1,2.6,106.80571752
5,3.1,2.7,95.922211126
5,3.1,2.7,99.1830098428
5,3.1,2.7,104.566287614
5,3.1,2.7,98.3683555421
5,3.1,2.7,106.255040239
10,2.9,2.5,82.4065016933
10,2.9,2.5,83.7865480693
10,2.9,2.5,78.5589633565
10,2.9,2.5,87.4596000629
10,2.9,2.5,82.0149716487
10,2.9,2.6,85.7182083079
10,2.9,2.6,80.9754537292
10,2.9,2.6,84.8499037434
10,2.9,2.6,84.6296758845
10,2.9,2.6,84.9448204438
10,2.9,2.7,86.8279056938
10,2.9,2.7,83.5335802404
10,2.9,2.7,85.0316826561
10,2.9,2.7,83.9938477542
10,2.9,2.7,81.9191674483
10,3.0,2.5,84.017628067
10,3.0,2.5,88.6069473218
10,3.0,2.5,84.2351605072
10,3.0,2.5,85.0119084977
10,3.0,2.5,84.0589646446
10,3.0,2.6,83.5769156544
10,3.0,2.6,88.6463313867
10,3.0,2.6,81.3226105014
10,3.0,2.6,84.6334065735
10,3.0,2.6,84.0860502471
10,3.0,2.7,84.3513190695
10,3.0,2.7,86.4445661912
10,3.0,2.7,80.7155671342
10,3.0,2.7,82.2733903836
10,3.0,2.7,82.6964654467
10,3.1,2.5,80.4152851172
10,3.1,2.5,82.1573504898
10,3.1,2.5,80.2100152935
10,3.1,2.5,86.8409920909
10,3.1,2.5,84.4021875686
10,3.1,2.6,88.8243590867
10,3.1,2.6,84.8247755094
10,3.1,2.6,84.0580429616
10,3.1,2.6,82.0460525824
10,3.1,2.6,85.3968165115
10,3.1,2.7,82.9790238961
10,3.1,2.7,85.6720173632
10,3.1,2.7,82.1410332216
10,3.1,2.7,86.084691286
10,3.1,2.7,81.0244868274
20,2.9,2.5,72.7710164718
20,2.9,2.5,66.4612563444
20,2.9,2.5,69.9204818416
20,2.9,2.5,72.4478812729
20,2.9,2.5,69.2091920862
20,2.9,2.6,68.7538305152
20,2.9,2.6,70.8328615895
20,2.9,2.6,69.3447050924
20,2.9,2.6,71.372805192
20,2.9,2.6,67.3544696414
20,2.9,2.7,74.6336833958
20,2.9,2.7,67.3752133096
20,2.9,2.7,71.1728581514
20,2.9,2.7,70.8905436081
20,2.9,2.7,66.4785801204
20,3.0,2.5,71.2078004846
20,3.0,2.5,67.8770763366
20,3.0,2.5,71.8253919655
20,3.0,2.5,69.2554940343
20,3.0,2.5,70.0717479694
20,3.0,2.6,70.8718331912
20,3.0,2.6,70.7157855027
20,3.0,2.6,71.472116421
20,3.0,2.6,68.5995596301
20,3.0,2.6,71.2117927523
20,3.0,2.7,64.8075125791
20,3.0,2.7,70.4450329169
20,3.0,2.7,68.3037589733
20,3.0,2.7,69.2883797016
20,3.0,2.7,74.1259236825
20,3.1,2.5,66.6530995849
20,3.1,2.5,77.0682738833
20,3.1,2.5,70.8487329804
20,3.1,2.5,67.0502797407
20,3.1,2.5,72.9739923954
20,3.1,2.6,67.2990225891
20,3.1,2.6,73.5991613008
20,3.1,2.6,72.1097202866
20,3.1,2.6,70.3938023182
20,3.1,2.6,66.5512114308
20,3.1,2.7,70.625238235
20,3.1,2.7,68.7890647417
20,3.1,2.7,69.8081174955
20,3.1,2.7,72.2062247418
20,3.1,2.7,68.6883133887
30,2.9,2.5,57.3287441489
30,2.9,2.5,63.1475814545
30,2.9,2.5,62.1829242374
30,2.9,2.5,60.9689782607
30,2.9,2.5,63.9023673553
30,2.9,2.6,59.4272232003
30,2.9,2.6,63.8664728682
30,2.9,2.6,61.0452164105
30,2.9,2.6,61.3596354375
30,2.9,2.6,67.9166148257
30,2.9,2.7,60.9230326399
30,2.9,2.7,61.2482942947
30,2.9,2.7,56.9448722459
30,2.9,2.7,63.335806725
30,2.9,2.7,62.1987610912
30,3.0,2.5,66.7185038628
30,3.0,2.5,63.7649589791
30,3.0,2.5,61.2604162786
30,3.0,2.5,64.1959671252
30,3.0,2.5,63.6095046981
30,3.0,2.6,62.4252350842
30,3.0,2.6,65.9533713996
30,3.0,2.6,62.3966025198
30,3.0,2.6,61.1268320633
30,3.0,2.6,62.6558073586
30,3.0,2.7,60.2577651661
30,3.0,2.7,62.5729055482
30,3.0,2.7,60.7704605263
30,3.0,2.7,63.6837400349
30,3.0,2.7,61.2975551404
30,3.1,2.5,64.0910922034
30,3.1,2.5,60.1132685141
30,3.1,2.5,59.8184791383
30,3.1,2.5,62.770251427
30,3.1,2.5,61.6805256078
30,3.1,2.6,63.0156998587
30,3.1,2.6,63.2577918593
30,3.1,2.6,59.7733971551
30,3.1,2.6,65.647141823
30,3.1,2.6,63.2841704059
30,3.1,2.7,59.895554336
30,3.1,2.7,62.3744278908
30,3.1,2.7,64.0875807245
30,3.1,2.7,61.7361200101
30,3.1,2.7,62.2762268674
1,3.0,2.5,124.3468694
1,3.0,2.5,122.742887457
1,3.0,2.5,127.678667358
1,3.0,2.5,123.6556768
1,3.0,2.5,122.441612704
1,3.0,2.6,126.298594886
1,3.0,2.6,122.575260534
1,3.0,2.6,124.286640627
1,3.0,2.6,124.378279486
1,3.0,2.6,126.549762325
1,3.0,2.7,124.315223605
1,3.0,2.7,129.930628696
1,3.0,2.7,124.54340146
1,3.0,2.7,123.600587829
1,3.0,2.7,124.1276125
1,3.1,2.5,122.566892338
1,3.1,2.5,125.108258784
1,3.1,2.5,119.416745944
1,3.1,2.5,123.43725441
1,3.1,2.5,126.360543615
1,3.1,2.6,123.150207417
1,3.1,2.6,124.138380694
1,3.1,2.6,123.777357422
1,3.1,2.6,122.338913162
1,3.1,2.6,122.202718149
1,3.1,2.7,120.272351501
1,3.1,2.7,125.404562467
1,3.1,2.7,127.114322871
1,3.1,2.7,127.061249747
1,3.1,2.7,120.058944717
1,3.2,2.5,123.353121793
1,3.2,2.5,124.561724138
1,3.2,2.5,122.957888673
1,3.2,2.5,121.051689463
1,3.2,2.5,119.739305639
1,3.2,2.6,122.220888227
1,3.2,2.6,122.911116855
1,3.2,2.6,121.447172623
1,3.2,2.6,124.348435
1,3.2,2.6,122.840628002
1,3.2,2.7,121.404001453
1,3.2,2.7,127.104241651
1,3.2,2.7,126.428450553
1,3.2,2.7,123.511648826
1,3.2,2.7,120.639809435
5,3.0,2.5,98.3737973673
5,3.0,2.5,97.7782193928
5,3.0,2.5,99.7914864734
5,3.0,2.5,96.7617378971
5,3.0,2.5,93.4544635081
5,3.0,2.6,98.1782238501
5,3.0,2.6,97.2952305244
5,3.0,2.6,99.4725235634
5,3.0,2.6,98.1252171986
5,3.0,2.6,100.768769765
5,3.0,2.7,101.687323024
5,3.0,2.7,101.284208239
5,3.0,2.7,100.503650014
5,3.0,2.7,99.5383933618
5,3.0,2.7,98.5225446183
5,3.1,2.5,102.838638524
5,3.1,2.5,102.41738024
5,3.1,2.5,95.7379885889
5,3.1,2.5,102.30024979
5,3.1,2.5,98.4192135457
5,3.1,2.6,96.9340939324
5,3.1,2.6,97.0969826995
5,3.1,2.6,96.439434484
5,3.1,2.6,103.788805048
5,3.1,2.6,96.1991233224
5,3.1,2.7,97.0554132887
5,3.1,2.7,105.35026277
5,3.1,2.7,100.101737747
5,3.1,2.7,100.390065496
5,3.1,2.7,103.150541231
5,3.2,2.5,96.3801509631
5,3.2,2.5,103.650980933
5,3.2,2.5,98.0136770769
5,3.2,2.5,102.835915738
5,3.2,2.5,97.3783974953
5,3.2,2.6,100.55920005
5,3.2,2.6,99.4223603742
5,3.2,2.6,98.5160162648
5,3.2,2.6,99.2618255239
5,3.2,2.6,100.759158167
5,3.2,2.7,97.7449626434
5,3.2,2.7,101.87687606
5,3.2,2.7,102.301339263
5,3.2,2.7,102.059218118
5,3.2,2.7,98.8267050347
10,3.0,2.5,84.0182312536
10,3.0,2.5,85.5024232557
10,3.0,2.5,87.9771510857
10,3.0,2.5,84.1009694384
10,3.0,2.5,78.011319011
10,3.0,2.6,83.5870394493
10,3.0,2.6,83.3082815996
10,3.0,2.6,87.7165499837
10,3.0,2.6,90.2061731747
10,3.0,2.6,86.6870361984
10,3.0,2.7,80.2314209347
10,3.0,2.7,83.7954963434
10,3.0,2.7,85.3239329927
10,3.0,2.7,85.2301863868
10,3.0,2.7,79.2337836572
10,3.1,2.5,85.2819189784
10,3.1,2.5,82.4223101255
10,3.1,2.5,85.7600098719
10,3.1,2.5,84.2479205395
10,3.1,2.5,84.9136567179
10,3.1,2.6,82.6110537985
10,3.1,2.6,86.3457003227
10,3.1,2.6,87.5542867184
10,3.1,2.6,82.5825171454
10,3.1,2.6,86.801222983
10,3.1,2.7,83.8079648665
10,3.1,2.7,82.8501000418
10,3.1,2.7,79.9982757076
10,3.1,2.7,89.0082931079
10,3.1,2.7,85.0044419579
10,3.2,2.5,86.5446214618
10,3.2,2.5,84.3035053124
10,3.2,2.5,86.5547055835
10,3.2,2.5,86.5666061509
10,3.2,2.5,80.8993772589
10,3.2,2.6,89.8334522807
10,3.2,2.6,84.6099101606
10,3.2,2.6,90.7729725219
10,3.2,2.6,78.1004716148
10,3.2,2.6,87.1125419965
10,3.2,2.7,85.9244454443
10,3.2,2.7,80.3268996915
10,3.2,2.7,82.0569011622
10,3.2,2.7,89.2043618864
10,3.2,2.7,82.5751072906
20,3.0,2.5,71.6002088981
20,3.0,2.5,68.9959698096
20,3.0,2.5,66.0634168826
20,3.0,2.5,69.7333888443
20,3.0,2.5,67.9297697313
20,3.0,2.6,72.7193497274
20,3.0,2.6,72.2832010762
20,3.0,2.6,69.178452313
20,3.0,2.6,72.014882278
20,3.0,2.6,67.109490921
20,3.0,2.7,71.7316330555
20,3.0,2.7,67.8357121648
20,3.0,2.7,69.6723483057
20,3.0,2.7,66.8205514731
20,3.0,2.7,69.2638643148
20,3.1,2.5,70.5447644759
20,3.1,2.5,66.0958663816
20,3.1,2.5,70.3144902943
20,3.1,2.5,66.9374209149
20,3.1,2.5,67.4509195093
20,3.1,2.6,72.4935462485
20,3.1,2.6,67.2804409203
20,3.1,2.6,73.9281275699
20,3.1,2.6,65.9409485804
20,3.1,2.6,71.6281071696
20,3.1,2.7,69.1360083095
20,3.1,2.7,65.5002492683
20,3.1,2.7,68.3040063327
20,3.1,2.7,67.8274706897
20,3.1,2.7,72.3396175736
20,3.2,2.5,73.6073988528
20,3.2,2.5,68.7125842713
20,3.2,2.5,68.5849362996
20,3.2,2.5,66.2622752916
20,3.2,2.5,70.8080736653
20,3.2,2.6,74.1334572413
20,3.2,2.6,70.9188026965
20,3.2,2.6,68.4232487098
20,3.2,2.6,67.8899746748
20,3.2,2.6,71.5553586684
20,3.2,2.7,67.0828931497
20,3.2,2.7,70.1720964454
20,3.2,2.7,71.6147215996
20,3.2,2.7,73.172650098
20,3.2,2.7,68.5469752652
30,3.0,2.5,60.7462811722
30,3.0,2.5,60.5323822578
30,3.0,2.5,62.9966950388
30,3.0,2.5,60.8408891323
30,3.0,2.5,59.1092646118
30,3.0,2.6,61.0190741326
30,3.0,2.6,61.9278911267
30,3.0,2.6,61.096583909
30,3.0,2.6,64.5278419683
30,3.0,2.6,67.1472089201
30,3.0,2.7,60.4857154751
30,3.0,2.7,61.1230557318
30,3.0,2.7,62.0022134781
30,3.0,2.7,58.707624674
30,3.0,2.7,61.2467344681
30,3.1,2.5,64.562707617
30,3.1,2.5,63.5049464771
30,3.1,2.5,63.2747101064
30,3.1,2.5,60.4111864956
30,3.1,2.5,65.4092288002
30,3.1,2.6,61.5129383301
30,3.1,2.6,58.7686694249
30,3.1,2.6,62.1984603388
30,3.1,2.6,58.7326395742
30,3.1,2.6,60.6760060979
30,3.1,2.7,63.2949007367
30,3.1,2.7,63.8461362424
30,3.1,2.7,58.1290640896
30,3.1,2.7,65.9994199775
30,3.1,2.7,62.2693396478
30,3.2,2.5,61.2047035533
30,3.2,2.5,63.3706494651
30,3.2,2.5,61.2630072896
30,3.2,2.5,63.521590209
30,3.2,2.5,61.3286614451
30,3.2,2.6,59.6335149488
30,3.2,2.6,62.7755619212
30,3.2,2.6,61.0487865765
30,3.2,2.6,64.2463089663
30,3.2,2.6,60.8634562801
30,3.2,2.7,63.0868861831
30,3.2,2.7,60.5117177086
30,3.2,2.7,61.6482997049
30,3.2,2.7,62.9492537094
30,3.2,2.7,61.7323780238
1,2.9,2.5,120.661931669
1,2.9,2.5,124.248806252
1,2.9,2.5,123.850868127
1,2.9,2.5,127.107090932
1,2.9,2.5,126.876572247
1,2.9,2.6,123.667013992
1,2.9,2.6,124.116098278
1,2.9,2.6,125.276786982
1,2.9,2.6,123.063437462
1,2.9,2.6,123.149781263
1,2.9,2.7,122.574127493
1,2.9,2.7,120.488680017
1,2.9,2.7,124.332143128
1,2.9,2.7,128.350090822
1,2.9,2.7,123.39880771
1,3.0,2.5,122.884178695
1,3.0,2.5,126.063544599
1,3.0,2.5,126.096014784
1,3.0,2.5,126.87791263
1,3.0,2.5,122.867669994
1,3.0,2.6,121.704933013
1,3.0,2.6,126.130224884
1,3.0,2.6,126.146122747
1,3.0,2.6,127.663331812
1,3.0,2.6,123.241647834
1,3.0,2.7,122.341885094
1,3.0,2.7,125.777187415
1,3.0,2.7,121.184495836
1,3.0,2.7,122.647873354
1,3.0,2.7,124.346934567
1,3.1,2.5,123.145280245
1,3.1,2.5,121.629071895
1,3.1,2.5,123.475292739
1,3.1,2.5,125.697509626
1,3.1,2.5,125.663233286
1,3.1,2.6,125.333831238
1,3.1,2.6,123.893629973
1,3.1,2.6,124.198657934
1,3.1,2.6,126.279567169
1,3.1,2.6,125.032456279
1,3.1,2.7,125.251250491
1,3.1,2.7,119.526231452
1,3.1,2.7,121.152807882
1,3.1,2.7,124.637961292
1,3.1,2.7,122.441642881
5,2.9,2.5,99.670145581
5,2.9,2.5,99.9525060283
5,2.9,2.5,96.1661801907
5,2.9,2.5,103.678678428
5,2.9,2.5,97.7485322387
5,2.9,2.6,99.9593447561
5,2.9,2.6,98.4053807656
5,2.9,2.6,96.4760972068
5,2.9,2.6,93.7190140401
5,2.9,2.6,95.7006936233
5,2.9,2.7,96.5348592501
5,2.9,2.7,103.845030908
5,2.9,2.7,97.813096495
5,2.9,2.7,95.5311453743
5,2.9,2.7,97.822125747
5,3.0,2.5,98.1049729363
5,3.0,2.5,97.4448767352
5,3.0,2.5,101.325224524
5,3.0,2.5,99.568637803
5,3.0,2.5,100.64848886
5,3.0,2.6,95.3276704929
5,3.0,2.6,95.6474965749
5,3.0,2.6,92.0036753049
5,3.0,2.6,101.78644649
5,3.0,2.6,99.7012550586
5,3.0,2.7,100.577835873
5,3.0,2.7,97.3614856247
5,3.0,2.7,99.0151816647
5,3.0,2.7,100.87832309
5,3.0,2.7,107.770504342
5,3.1,2.5,97.748027176
5,3.1,2.5,97.7514052977
5,3.1,2.5,101.678973452
5,3.1,2.5,103.635972031
5,3.1,2.5,102.353502886
5,3.1,2.6,100.875800948
5,3.1,2.6,98.2370293777
5,3.1,2.6,100.573270175
5,3.1,2.6,97.7942798608
5,3.1,2.6,102.438131213
5,3.1,2.7,96.7637760989
5,3.1,2.7,101.96997931
5,3.1,2.7,101.881365809
5,3.1,2.7,95.8848332524
5,3.1,2.7,98.7673733668
10,2.9,2.5,79.8134471763
10,2.9,2.5,86.6354843105
10,2.9,2.5,85.3806838316
10,2.9,2.5,89.0829602974
10,2.9,2.5,84.8826509115
10,2.9,2.6,84.2268166625
10,2.9,2.6,84.5808440278
10,2.9,2.6,82.7638443447
10,2.9,2.6,85.4590720892
10,2.9,2.6,86.3383371268
10,2.9,2.7,80.1972427709
10,2.9,2.7,79.0657927408
10,2.9,2.7,81.9312862111
10,2.9,2.7,83.746214904
10,2.9,2.7,81.2462257552
10,3.0,2.5,81.7079987398
10,3.0,2.5,82.6121650346
10,3.0,2.5,80.9627631427
10,3.0,2.5,90.2989986395
10,3.0,2.5,81.6371629921
10,3.0,2.6,80.1285586486
10,3.0,2.6,89.1200135888
10,3.0,2.6,80.594826103
10,3.0,2.6,82.1534070652
10,3.0,2.6,79.5181973699
10,3.0,2.7,90.2254747344
10,3.0,2.7,84.2157784476
10,3.0,2.7,84.9027107153
10,3.0,2.7,83.2644367233
10,3.0,2.7,85.8398865918
10,3.1,2.5,79.3598113699
10,3.1,2.5,79.4970000884
10,3.1,2.5,81.3449377692
10,3.1,2.5,83.3148584631
10,3.1,2.5,81.1335276538
10,3.1,2.6,81.8872744993
10,3.1,2.6,85.6084195479
10,3.1,2.6,82.2135227584
10,3.1,2.6,86.1871650114
10,3.1,2.6,84.8479794667
10,3.1,2.7,83.4418911644
10,3.1,2.7,82.3381515615
10,3.1,2.7,85.0233353854
10,3.1,2.7,90.2738509312
10,3.1,2.7,80.8230396063
20,2.9,2.5,69.5046825982
20,2.9,2.5,68.3111861444
20,2.9,2.5,72.9697129593
20,2.9,2.5,69.5081855186
20,2.9,2.5,69.9455879094
20,2.9,2.6,68.7730849077
20,2.9,2.6,74.7643760116
20,2.9,2.6,68.6143431991
20,2.9,2.6,71.8253135939
20,2.9,2.6,71.0658150914
20,2.9,2.7,68.954482019
20,2.9,2.7,73.7543238515
20,2.9,2.7,67.0137029967
20,2.9,2.7,71.7167450818
20,2.9,2.7,69.3602212449
20,3.0,2.5,65.6532046336
20,3.0,2.5,66.827190676
20,3.0,2.5,68.8335791228
20,3.0,2.5,72.6903748516
20,3.0,2.5,71.3779312219
20,3.0,2.6,69.128389114
20,3.0,2.6,67.9365661684
20,3.0,2.6,69.8876107677
20,3.0,2.6,67.3616919425
20,3.0,2.6,72.2278631469
20,3.0,2.7,71.7561911517
20,3.0,2.7,64.6199618442
20,3.0,2.7,67.1041064965
20,3.0,2.7,71.6704365558
20,3.0,2.7,70.7012822269
20,3.1,2.5,69.1083800849
20,3.1,2.5,67.289210274
20,3.1,2.5,70.2773128149
20,3.1,2.5,70.4011185663
20,3.1,2.5,72.8021661391
20,3.1,2.6,69.2388113399
20,3.1,2.6,68.4543262008
20,3.1,2.6,64.8811643314
20,3.1,2.6,71.6881747981
20,3.1,2.6,66.8330558605
20,3.1,2.7,70.4653642019
20,3.1,2.7,70.0692704812
20,3.1,2.7,70.4994179857
20,3.1,2.7,70.596155358
20,3.1,2.7,77.2193893596
30,2.9,2.5,60.3759534532
30,2.9,2.5,58.3455525537
30,2.9,2.5,62.6939148257
30,2.9,2.5,65.4006253453
30,2.9,2.5,61.8341631828
30,2.9,2.6,58.8203117717
30,2.9,2.6,60.3303214515
30,2.9,2.6,66.5634432773
30,2.9,2.6,60.0795007593
30,2.9,2.6,64.0519673729
30,2.9,2.7,60.3283881855
30,2.9,2.7,63.5673027354
30,2.9,2.7,57.2178682726
30,2.9,2.7,63.5494670528
30,2.9,2.7,60.8309267349
30,3.0,2.5,61.5810647623
30,3.0,2.5,62.7160371788
30,3.0,2.5,62.4821165338
30,3.0,2.5,61.7660535332
30,3.0,2.5,62.8481555822
30,3.0,2.6,61.83429393
30,3.0,2.6,61.5414826427
30,3.0,2.6,64.0356165013
30,3.0,2.6,60.3662805659
30,3.0,2.6,60.5060561261
30,3.0,2.7,64.518827799
30,3.0,2.7,61.7990788897
30,3.0,2.7,62.0340660048
30,3.0,2.7,65.9849674093
30,3.0,2.7,63.4044790242
30,3.1,2.5,60.6203941235
30,3.1,2.5,62.3452279226
30,3.1,2.5,58.5929619942
30,3.1,2.5,59.8968478366
30,3.1,2.5,63.7884247783
30,3.1,2.6,61.8170416132
30,3.1,2.6,66.2125005603
30,3.1,2.6,67.9266298771
30,3.1,2.6,61.6099985441
30,3.1,2.6,61.1537260525
30,3.1,2.7,61.3618019986
30,3.1,2.7,59.1306061747
30,3.1,2.7,68.3908223986
30,3.1,2.7,66.2119909596
30,3.1,2.7,63.6263384244
1,2.9,2.5,122.337898828
1,2.9,2.5,126.657280019
1,2.9,2.5,127.941861613
1,2.9,2.5,129.015861883
1,2.9,2.5,124.301317903
1,2.9,2.6,124.964877825
1,2.9,2.6,120.194868732
1,2.9,2.6,124.094729341
1,2.9,2.6,123.108646218
1,2.9,2.6,126.330913006
1,2.9,2.7,124.562008682
1,2.9,2.7,127.183888223
1,2.9,2.7,125.244797921
1,2.9,2.7,123.633556319
1,2.9,2.7,125.491731154
1,3.0,2.5,119.696477657
1,3.0,2.5,121.550857003
1,3.0,2.5,123.038545879
1,3.0,2.5,119.570760258
1,3.0,2.5,122.914516999
1,3.0,2.6,125.601765332
1,3.0,2.6,126.796259909
1,3.0,2.6,123.98959082
1,3.0,2.6,123.608897902
1,3.0,2.6,122.746322936
1,3.0,2.7,125.69656944
1,3.0,2.7,123.019801331
1,3.0,2.7,122.280388493
1,3.0,2.7,123.963035281
1,3.0,2.7,124.045637911
1,3.1,2.5,121.794821716
1,3.1,2.5,123.445423969
1,3.1,2.5,124.476598526
1,3.1,2.5,125.834051737
1,3.1,2.5,119.655457493
1,3.1,2.6,120.866585024
1,3.1,2.6,124.406603402
1,3.1,2.6,121.646373727
1,3.1,2.6,124.068644078
1,3.1,2.6,120.836535657
1,3.1,2.7,123.577910746
1,3.1,2.7,124.045751819
1,3.1,2.7,124.173221298
1,3.1,2.7,128.568959518
1,3.1,2.7,125.933277194
5,2.9,2.5,96.993557029
5,2.9,2.5,102.702399378
5,2.9,2.5,95.8910203053
5,2.9,2.5,102.83349122
5,2.9,2.5,97.5422688015
5,2.9,2.6,97.5470027607
5,2.9,2.6,95.7130377172
5,2.9,2.6,98.8760338381
5,2.9,2.6,95.7323715741
5,2.9,2.6,101.86565256
5,2.9,2.7,100.05289544
5,2.9,2.7,95.6219428594
5,2.9,2.7,97.9309226027
5,2.9,2.7,102.370907416
5,2.9,2.7,104.307012563
5,3.0,2.5,103.210933385
5,3.0,2.5,96.8416508211
5,3.0,2.5,100.598325488
5,3.0,2.5,104.065748475
5,3.0,2.5,93.8549146494
5,3.0,2.6,99.2531951895
5,3.0,2.6,95.3908152191
5,3.0,2.6,97.210200848
5,3.0,2.6,96.7124942371
5,3.0,2.6,100.731974153
5,3.0,2.7,98.4966997712
5,3.0,2.7,97.6956669455
5,3.0,2.7,101.816819125
5,3.0,2.7,101.188885179
5,3.0,2.7,99.544269755
5,3.1,2.5,106.54099786
5,3.1,2.5,101.560273965
5,3.1,2.5,95.3437906989
5,3.1,2.5,101.052650001
5,3.1,2.5,97.6953384781
5,3.1,2.6,104.385234361
5,3.1,2.6,99.3981938434
5,3.1,2.6,95.4736562973
5,3.1,2.6,95.4219267491
5,3.1,2.6,101.03630308
5,3.1,2.7,98.2988643495
5,3.1,2.7,103.84328447
5,3.1,2.7,93.4380310976
5,3.1,2.7,98.0880539796
5,3.1,2.7,103.533405478
10,2.9,2.5,84.9939684145
10,2.9,2.5,83.4024891223
10,2.9,2.5,81.7467022418
10,2.9,2.5,80.8117137383
10,2.9,2.5,79.5806881112
10,2.9,2.6,79.9785861017
10,2.9,2.6,77.6731165112
10,2.9,2.6,85.7530331187
10,2.9,2.6,85.2401668042
10,2.9,2.6,85.7775577249
10,2.9,2.7,87.4808394714
10,2.9,2.7,84.0110687644
10,2.9,2.7,85.5331178548
10,2.9,2.7,79.3194304315
10,2.9,2.7,86.3593854103
10,3.0,2.5,83.7693451171
10,3.0,2.5,81.567312113
10,3.0,2.5,82.3783439278
10,3.0,2.5,78.6719645772
10,3.0,2.5,81.9050974518
10,3.0,2.6,82.8963108854
10,3.0,2.6,84.261137773
10,3.0,2.6,83.4734325325
10,3.0,2.6,87.3820876362
10,3.0,2.6,83.4587047158
10,3.0,2.7,82.5248687369
10,3.0,2.7,81.7743923119
10,3.0,2.7,85.2925009819
10,3.0,2.7,85.9657561461
10,3.0,2.7,86.3066760092
10,3.1,2.5,85.2596475626
10,3.1,2.5,82.3900774349
10,3.1,2.5,87.6848105052
10,3.1,2.5,85.4875796198
10,3.1,2.5,82.6384057078
10,3.1,2.6,83.6570357238
10,3.1,2.6,86.5716556546
10,3.1,2.6,79.8103861288
10,3.1,2.6,90.5614497185
10,3.1,2.6,83.2290921583
10,3.1,2.7,85.3481042253
10,3.1,2.7,85.0954957546
10,3.1,2.7,84.1268963045
10,3.1,2.7,85.1518007011
10,3.1,2.7,82.4910321223
20,2.9,2.5,73.3509545076
20,2.9,2.5,69.6618708306
20,2.9,2.5,70.2539244736
20,2.9,2.5,72.0286928463
20,2.9,2.5,70.3833631963
20,2.9,2.6,66.9075570123
20,2.9,2.6,70.4863822062
20,2.9,2.6,76.0840682895
20,2.9,2.6,66.7950210778
20,2.9,2.6,71.3457725027
20,2.9,2.7,66.7842463273
20,2.9,2.7,65.2106053815
20,2.9,2.7,67.1727030642
20,2.9,2.7,70.3534664575
20,2.9,2.7,68.0550546951
20,3.0,2.5,68.4403277373
20,3.0,2.5,71.3820968595
20,3.0,2.5,70.7666123927
20,3.0,2.5,73.6403739248
20,3.0,2.5,70.1772264216
20,3.0,2.6,65.9042242047
20,3.0,2.6,68.6760738724
20,3.0,2.6,69.9557576212
20,3.0,2.6,70.1798316924
20,3.0,2.6,66.5481753279
20,3.0,2.7,69.0717495358
20,3.0,2.7,71.6982388678
20,3.0,2.7,67.8566477667
20,3.0,2.7,68.1904271359
20,3.0,2.7,70.2619698524
20,3.1,2.5,69.023325521
20,3.1,2.5,68.2803468428
20,3.1,2.5,71.4424955551
20,3.1,2.5,68.013263367
20,3.1,2.5,70.0483006448
20,3.1,2.6,66.987126607
20,3.1,2.6,71.2549889253
20,3.1,2.6,75.1886409434
20,3.1,2.6,65.4862305379
20,3.1,2.6,67.9792593582
20,3.1,2.7,67.6504600653
20,3.1,2.7,66.226113101
20,3.1,2.7,71.3953715053
20,3.1,2.7,68.2440193941
20,3.1,2.7,71.7619990777
30,2.9,2.5,65.7100258463
30,2.9,2.5,61.2356028234
30,2.9,2.5,60.842367577
30,2.9,2.5,62.2476339729
30,2.9,2.5,62.7018585896
30,2.9,2.6,65.057086228
30,2.9,2.6,63.9416457563
30,2.9,2.6,61.9743001243
30,2.9,2.6,61.494983131
30,2.9,2.6,58.9970766408
30,2.9,2.7,61.1829376958
30,2.9,2.7,59.5611094648
30,2.9,2.7,61.8851941599
30,2.9,2.7,60.1010073346
30,2.9,2.7,63.2633488902
30,3.0,2.5,61.1580147381
30,3.0,2.5,64.0829348278
30,3.0,2.5,60.3324902534
30,3.0,2.5,66.3184281721
30,3.0,2.5,62.9501151456
30,3.0,2.6,65.2186636241
30,3.0,2.6,64.279492994
30,3.0,2.6,64.6465583068
30,3.0,2.6,61.6113118644
30,3.0,2.6,61.6222470874
30,3.0,2.7,63.0422612306
30,3.0,2.7,61.4889735668
30,3.0,2.7,63.6392016622
30,3.0,2.7,60.3625411473
30,3.0,2.7,62.199873527
30,3.1,2.5,60.8336819224
30,3.1,2.5,64.4964258696
30,3.1,2.5,58.6060781586
30,3.1,2.5,61.4708073963
30,3.1,2.5,59.1880089751
30,3.1,2.6,61.2560512921
30,3.1,2.6,62.5637938639
30,3.1,2.6,62.4336352133
30,3.1,2.6,61.5952011466
30,3.1,2.6,66.3976686788
30,3.1,2.7,63.7472787615
30,3.1,2.7,65.6304476315
30,3.1,2.7,62.0393688358
30,3.1,2.7,61.8062548051
30,3.1,2.7,61.6247416485
1,3.0,2.6,121.732061493
1,3.0,2.6,123.787165225
1,3.0,2.6,124.975986911
1,3.0,2.6,120.805253958
1,3.0,2.6,125.490078747
1,3.0,2.7,120.958227348
1,3.0,2.7,119.173860632
1,3.0,2.7,126.256968459
1,3.0,2.7,117.885804672
1,3.0,2.7,124.753533025
1,3.0,2.8,121.979464176
1,3.0,2.8,121.438594201
1,3.0,2.8,121.690038966
1,3.0,2.8,123.632122671
1,3.0,2.8,123.47763165
1,3.1,2.6,122.054803495
1,3.1,2.6,121.893305423
1,3.1,2.6,124.991187855
1,3.1,2.6,123.652062517
1,3.1,2.6,123.477675737
1,3.1,2.7,120.362874865
1,3.1,2.7,120.992573257
1,3.1,2.7,125.371504973
1,3.1,2.7,123.270068531
1,3.1,2.7,124.405283639
1,3.1,2.8,122.858099316
1,3.1,2.8,122.607800526
1,3.1,2.8,118.990023253
1,3.1,2.8,120.013777118
1,3.1,2.8,121.689038279
1,3.2,2.6,124.506272691
1,3.2,2.6,124.433917217
1,3.2,2.6,125.335278867
1,3.2,2.6,122.480826135
1,3.2,2.6,120.066283919
1,3.2,2.7,120.694246127
1,3.2,2.7,124.472793999
1,3.2,2.7,122.657147655
1,3.2,2.7,122.633784669
1,3.2,2.7,120.850231718
1,3.2,2.8,121.124979099
1,3.2,2.8,126.71784941
1,3.2,2.8,124.930699658
1,3.2,2.8,122.807598509
1,3.2,2.8,126.094948023
5,3.0,2.6,105.049220475
5,3.0,2.6,98.5241380382
5,3.0,2.6,99.9554992411
5,3.0,2.6,101.154242911
5,3.0,2.6,97.1918536317
5,3.0,2.7,98.2308322283
5,3.0,2.7,95.6466478397
5,3.0,2.7,101.499347762
5,3.0,2.7,96.0870483892
5,3.0,2.7,100.872689729
5,3.0,2.8,98.6215256723
5,3.0,2.8,103.166167667
5,3.0,2.8,100.105111672
5,3.0,2.8,98.4001889081
5,3.0,2.8,101.838975551
5,3.1,2.6,101.374097806
5,3.1,2.6,103.715223951
5,3.1,2.6,101.142278772
5,3.1,2.6,100.071917837
5,3.1,2.6,100.216523782
5,3.1,2.7,101.770973085
5,3.1,2.7,97.1190909677
5,3.1,2.7,99.7596830653
5,3.1,2.7,100.194511694
5,3.1,2.7,102.677047767
5,3.1,2.8,100.09214798
5,3.1,2.8,100.349691513
5,3.1,2.8,99.5910100029
5,3.1,2.8,100.669516745
5,3.1,2.8,98.4683745528
5,3.2,2.6,97.2797521805
5,3.2,2.6,96.8167056536
5,3.2,2.6,95.7984574944
5,3.2,2.6,106.284635359
5,3.2,2.6,97.0396822394
5,3.2,2.7,100.363185706
5,3.2,2.7,98.5574805528
5,3.2,2.7,101.338514535
5,3.2,2.7,101.520733399
5,3.2,2.7,99.8427009751
5,3.2,2.8,103.863007227
5,3.2,2.8,97.6836168608
5,3.2,2.8,99.0116853204
5,3.2,2.8,100.517444251
5,3.2,2.8,100.994320987
10,3.0,2.6,81.7008143948
10,3.0,2.6,78.9123461177
10,3.0,2.6,83.3527198153
10,3.0,2.6,84.5902798734
10,3.0,2.6,82.7069041589
10,3.0,2.7,80.633588884
10,3.0,2.7,85.33269229
10,3.0,2.7,81.7243483726
10,3.0,2.7,85.9357577685
10,3.0,2.7,89.0417084474
10,3.0,2.8,84.0078377856
10,3.0,2.8,82.0410934607
10,3.0,2.8,76.5515801525
10,3.0,2.8,79.4867641357
10,3.0,2.8,88.1661654629
10,3.1,2.6,88.1873729213
10,3.1,2.6,79.7829566814
10,3.1,2.6,84.7936268189
10,3.1,2.6,84.7311487246
10,3.1,2.6,81.8339330422
10,3.1,2.7,83.4063085425
10,3.1,2.7,80.6222967431
10,3.1,2.7,82.4005420026
10,3.1,2.7,85.4819684691
10,3.1,2.7,86.858364657
10,3.1,2.8,82.9777052796
10,3.1,2.8,87.0989286367
10,3.1,2.8,81.4327614702
10,3.1,2.8,86.1861609678
10,3.1,2.8,89.1823602039
10,3.2,2.6,86.7113782728
10,3.2,2.6,84.5750192595
10,3.2,2.6,86.1742120926
10,3.2,2.6,83.6044861703
10,3.2,2.6,82.2025678102
10,3.2,2.7,78.2364951029
10,3.2,2.7,80.2280514427
10,3.2,2.7,85.1303235809
10,3.2,2.7,86.4321654539
10,3.2,2.7,86.0431441226
10,3.2,2.8,84.2888744826
10,3.2,2.8,77.9138827756
10,3.2,2.8,89.0440040448
10,3.2,2.8,84.3237336465
10,3.2,2.8,82.7171399211
20,3.0,2.6,72.4561627997
20,3.0,2.6,69.7826458878
20,3.0,2.6,71.5857387447
20,3.0,2.6,76.1946920954
20,3.0,2.6,69.1562007505
20,3.0,2.7,66.7486222651
20,3.0,2.7,67.6646033887
20,3.0,2.7,74.9278471849
20,3.0,2.7,73.0761753704
20,3.0,2.7,68.3078251398
20,3.0,2.8,67.3767338887
20,3.0,2.8,66.935586596
20,3.0,2.8,69.751858239
20,3.0,2.8,67.1224307081
20,3.0,2.8,69.9968113573
20,3.1,2.6,72.2395848447
20,3.1,2.6,72.6418957232
20,3.1,2.6,68.4806699492
20,3.1,2.6,73.8903453041
20,3.1,2.6,69.7650726217
20,3.1,2.7,70.7554683717
20,3.1,2.7,69.8456376954
20,3.1,2.7,66.5464849268
20,3.1,2.7,66.3223938254
20,3.1,2.7,69.1246872816
20,3.1,2.8,65.9994078635
20,3.1,2.8,67.9073571537
20,3.1,2.8,68.9908018839
20,3.1,2.8,70.1431454235
20,3.1,2.8,75.2696910072
20,3.2,2.6,72.1996048481
20,3.2,2.6,71.477975373
20,3.2,2.6,67.2740104794
20,3.2,2.6,71.1595643483
20,3.2,2.6,68.2362476105
20,3.2,2.7,74.2027386319
20,3.2,2.7,72.2980133168
20,3.2,2.7,74.5638376222
20,3.2,2.7,70.1618504336
20,3.2,2.7,69.3432170058
20,3.2,2.8,66.3202500098
20,3.2,2.8,69.1987415311
20,3.2,2.8,70.3287176733
20,3.2,2.8,68.8746475105
20,3.2,2.8,69.9528843228
30,3.0,2.6,60.5541669097
30,3.0,2.6,65.4964962107
30,3.0,2.6,65.1588268536
30,3.0,2.6,61.0107450906
30,3.0,2.6,61.7923822523
30,3.0,2.7,61.8939365002
30,3.0,2.7,64.3435840765
30,3.0,2.7,64.5676944233
30,3.0,2.7,64.242732785
30,3.0,2.7,61.5769703198
30,3.0,2.8,62.0745186056
30,3.0,2.8,59.2904420402
30,3.0,2.8,64.9714213889
30,3.0,2.8,61.0564089231
30,3.0,2.8,57.8991983867
30,3.1,2.6,61.6408384153
30,3.1,2.6,61.4935192777
30,3.1,2.6,63.7533614855
30,3.1,2.6,62.9242463745
30,3.1,2.6,64.0129902752
30,3.1,2.7,62.4597184499
30,3.1,2.7,62.765318657
30,3.1,2.7,66.7665151961
30,3.1,2.7,68.417785853
30,3.1,2.7,64.1773887462
30,3.1,2.8,62.9173467278
30,3.1,2.8,57.9866982381
30,3.1,2.8,64.3849403621
30,3.1,2.8,65.0423616201
30,3.1,2.8,64.3363001343
30,3.2,2.6,64.1016170379
30,3.2,2.6,66.4007500617
30,3.2,2.6,62.988782695
30,3.2,2.6,60.7893358838
30,3.2,2.6,64.9484092197
30,3.2,2.7,65.5289802831
30,3.2,2.7,63.2232482455
30,3.2,2.7,64.9903337465
30,3.2,2.7,64.3913179703
30,3.2,2.7,63.5540861142
30,3.2,2.8,58.0651830064
30,3.2,2.8,64.4768364771
30,3.2,2.8,63.0152918083
30,3.2,2.8,61.9149477397
30,3.2,2.8,65.0305946542
1,3.1,2.5,124.064173895
1,3.1,2.5,123.890969004
1,3.1,2.5,127.308437872
1,3.1,2.5,122.635630142
1,3.1,2.5,122.499823974
1,3.1,2.6,125.536488726
1,3.1,2.6,121.878339777
1,3.1,2.6,121.679576517
1,3.1,2.6,119.862234905
1,3.1,2.6,121.781007418
1,3.1,2.7,122.798155196
1,3.1,2.7,125.543312124
1,3.1,2.7,124.184914833
1,3.1,2.7,118.971095041
1,3.1,2.7,121.897100189
1,3.2,2.5,125.479956156
1,3.2,2.5,122.424612432
1,3.2,2.5,123.252487536
1,3.2,2.5,121.435979079
1,3.2,2.5,124.560353819
1,3.2,2.6,122.874722013
1,3.2,2.6,122.118264096
1,3.2,2.6,120.484461602
1,3.2,2.6,123.279115533
1,3.2,2.6,122.819964243
1,3.2,2.7,119.818899372
1,3.2,2.7,122.317801607
1,3.2,2.7,124.776783143
1,3.2,2.7,123.64525252
1,3.2,2.7,122.777269025
1,3.3,2.5,121.740744999
1,3.3,2.5,125.942573459
1,3.3,2.5,121.262938186
1,3.3,2.5,121.404450948
1,3.3,2.5,122.101654536
1,3.3,2.6,121.271254438
1,3.3,2.6,121.479655483
1,3.3,2.6,122.918138351
1,3.3,2.6,121.74702819
1,3.3,2.6,119.977922766
1,3.3,2.7,122.106324746
1,3.3,2.7,119.899063436
1,3.3,2.7,121.537579106
1,3.3,2.7,121.457740914
1,3.3,2.7,123.551091683
5,3.1,2.5,98.1984353162
5,3.1,2.5,96.4505298649
5,3.1,2.5,99.7651986921
5,3.1,2.5,102.560001324
5,3.1,2.5,99.3128545924
5,3.1,2.6,101.197640133
5,3.1,2.6,100.285701778
5,3.1,2.6,103.28477259
5,3.1,2.6,101.010882415
5,3.1,2.6,99.103385245
5,3.1,2.7,95.7848358718
5,3.1,2.7,100.687669741
5,3.1,2.7,100.097673638
5,3.1,2.7,105.221069796
5,3.1,2.7,101.533941852
5,3.2,2.5,102.266840781
5,3.2,2.5,102.249060188
5,3.2,2.5,103.761488706
5,3.2,2.5,98.6370789509
5,3.2,2.5,97.8150710351
5,3.2,2.6,99.0816620291
5,3.2,2.6,101.814450905
5,3.2,2.6,101.533164147
5,3.2,2.6,103.10077458
5,3.2,2.6,100.296589514
5,3.2,2.7,104.040304263
5,3.2,2.7,104.529444331
5,3.2,2.7,99.7629099429
5,3.2,2.7,96.4932589439
5,3.2,2.7,99.3364585673
5,3.3,2.5,95.9031224588
5,3.3,2.5,96.9091718435
5,3.3,2.5,102.215758614
5,3.3,2.5,100.730870372
5,3.3,2.5,98.3553315139
5,3.3,2.6,102.07116924
5,3.3,2.6,102.770354363
5,3.3,2.6,99.1698244706
5,3.3,2.6,99.3185598117
5,3.3,2.6,99.7851284848
5,3.3,2.7,97.3556724905
5,3.3,2.7,104.186641145
5,3.3,2.7,99.6929358024
5,3.3,2.7,101.777308673
5,3.3,2.7,103.945464274
10,3.1,2.5,79.4140277472
10,3.1,2.5,84.8011043837
10,3.1,2.5,85.2361793998
10,3.1,2.5,81.7240571168
10,3.1,2.5,83.1965720287
10,3.1,2.6,79.2709635807
10,3.1,2.6,88.6767122593
10,3.1,2.6,87.2502576051
10,3.1,2.6,88.0560660395
10,3.1,2.6,86.0656837606
10,3.1,2.7,78.3294905115
10,3.1,2.7,83.7597148207
10,3.1,2.7,80.4240736845
10,3.1,2.7,87.5895355896
10,3.1,2.7,89.6207994407
10,3.2,2.5,86.5125100131
10,3.2,2.5,81.663948114
10,3.2,2.5,84.0742758128
10,3.2,2.5,87.10027882
10,3.2,2.5,82.9956187635
10,3.2,2.6,84.8825340531
10,3.2,2.6,83.9909516191
10,3.2,2.6,86.0900533536
10,3.2,2.6,85.9765164291
10,3.2,2.6,84.6426824716
10,3.2,2.7,85.6715605959
10,3.2,2.7,88.5222683438
10,3.2,2.7,85.4254663258
10,3.2,2.7,82.1293077784
10,3.2,2.7,79.6380780215
10,3.3,2.5,88.7356809084
10,3.3,2.5,88.1882925048
10,3.3,2.5,82.4853165286
10,3.3,2.5,83.743228961
10,3.3,2.5,85.8704046115
10,3.3,2.6,85.6354233936
10,3.3,2.6,86.0962332531
10,3.3,2.6,83.4677515476
10,3.3,2.6,85.4486614298
10,3.3,2.6,83.3824374582
10,3.3,2.7,83.0006396864
10,3.3,2.7,86.6175526114
10,3.3,2.7,82.3694442342
10,3.3,2.7,86.6030310637
10,3.3,2.7,84.1567336891
20,3.1,2.5,69.6810043833
20,3.1,2.5,66.9367659578
20,3.1,2.5,67.9477696718
20,3.1,2.5,69.7347815503
20,3.1,2.5,69.8909346878
20,3.1,2.6,72.7193458492
20,3.1,2.6,68.9879799506
20,3.1,2.6,65.5795349571
20,3.1,2.6,73.7710576489
20,3.1,2.6,71.2171040611
20,3.1,2.7,65.4241772046
20,3.1,2.7,71.4081956295
20,3.1,2.7,73.1120775064
20,3.1,2.7,70.7957605626
20,3.1,2.7,68.7049800227
20,3.2,2.5,71.0012077559
20,3.2,2.5,66.8668666528
20,3.2,2.5,65.5427750265
20,3.2,2.5,73.549761749
20,3.2,2.5,77.7036439383
20,3.2,2.6,74.7650384348
20,3.2,2.6,70.3743881405
20,3.2,2.6,68.4189536147
20,3.2,2.6,70.3636171082
20,3.2,2.6,68.9360374043
20,3.2,2.7,72.7614911048
20,3.2,2.7,72.2258958975
20,3.2,2.7,71.0938447389
20,3.2,2.7,70.3798713397
20,3.2,2.7,70.2497522162
20,3.3,2.5,72.4855811107
20,3.3,2.5,68.7040007315
20,3.3,2.5,71.7255329437
20,3.3,2.5,70.0506420155
20,3.3,2.5,69.2311068544
20,3.3,2.6,69.1212726598
20,3.3,2.6,68.674248148
20,3.3,2.6,70.8053095199
20,3.3,2.6,69.833940567
20,3.3,2.6,71.9618255642
20,3.3,2.7,65.7918650804
20,3.3,2.7,67.7904058399
20,3.3,2.7,69.4291846532
20,3.3,2.7,69.127322459
20,3.3,2.7,68.6490393626
30,3.1,2.5,62.9695188582
30,3.1,2.5,65.399727697
30,3.1,2.5,61.589113893
30,3.1,2.5,62.9336350127
30,3.1,2.5,63.0047659285
30,3.1,2.6,62.3843524911
30,3.1,2.6,64.2151561962
30,3.1,2.6,61.3751597001
30,3.1,2.6,58.6655678848
30,3.1,2.6,65.3569349794
30,3.1,2.7,62.7321195823
30,3.1,2.7,63.8602976357
30,3.1,2.7,61.3065592484
30,3.1,2.7,61.1384101528
30,3.1,2.7,64.6696313767
30,3.2,2.5,66.1004162588
30,3.2,2.5,62.316690317
30,3.2,2.5,64.0880107287
30,3.2,2.5,63.5986772343
30,3.2,2.5,62.8807061725
30,3.2,2.6,63.9755490166
30,3.2,2.6,65.7238440382
30,3.2,2.6,62.7387355533
30,3.2,2.6,60.9293045379
30,3.2,2.6,63.4610640527
30,3.2,2.7,65.488645006
30,3.2,2.7,64.3807589753
30,3.2,2.7,62.4741045362
30,3.2,2.7,64.647166451
30,3.2,2.7,62.6376437677
30,3.3,2.5,62.9301572289
30,3.3,2.5,63.1580335887
30,3.3,2.5,63.0470964238
30,3.3,2.5,60.9343196489
30,3.3,2.5,65.1857946707
30,3.3,2.6,65.6035396013
30,3.3,2.6,63.4974896879
30,3.3,2.6,61.0319930796
30,3.3,2.6,58.484515251
30,3.3,2.6,65.9812508586
30,3.3,2.7,66.0263598726
30,3.3,2.7,62.7870937676
30,3.3,2.7,69.3337141222
30,3.3,2.7,65.0044322252
30,3.3,2.7,60.534669724
1,3.2,2.4,122.428624794
1,3.2,2.4,120.801706571
1,3.2,2.4,122.744775905
1,3.2,2.4,124.032046749
1,3.2,2.4,123.479241843
1,3.2,2.5,124.758597167
1,3.2,2.5,124.905004303
1,3.2,2.5,123.798855546
1,3.2,2.5,124.866153688
1,3.2,2.5,124.278876262
1,3.2,2.6,123.604644569
1,3.2,2.6,120.639241734
1,3.2,2.6,120.798704551
1,3.2,2.6,123.507830838
1,3.2,2.6,120.852740534
1,3.3,2.4,124.56021821
1,3.3,2.4,124.142730467
1,3.3,2.4,122.172198914
1,3.3,2.4,124.570451033
1,3.3,2.4,126.293609658
1,3.3,2.5,122.194937636
1,3.3,2.5,120.386103772
1,3.3,2.5,121.196559804
1,3.3,2.5,122.89692609
1,3.3,2.5,123.506513107
1,3.3,2.6,120.565037583
1,3.3,2.6,122.479652174
1,3.3,2.6,123.963650574
1,3.3,2.6,118.476679407
1,3.3,2.6,120.771678222
1,3.4,2.4,122.16020616
1,3.4,2.4,122.319188922
1,3.4,2.4,124.589832373
1,3.4,2.4,121.9029548
1,3.4,2.4,119.834078463
1,3.4,2.5,122.372933345
1,3.4,2.5,123.807988066
1,3.4,2.5,121.3280459
1,3.4,2.5,119.103822507
1,3.4,2.5,121.019176795
1,3.4,2.6,124.688042597
1,3.4,2.6,123.007324862
1,3.4,2.6,121.729499948
1,3.4,2.6,119.423919427
1,3.4,2.6,123.11399265
5,3.2,2.4,101.70805778
5,3.2,2.4,101.079572821
5,3.2,2.4,99.4086279136
5,3.2,2.4,100.759248262
5,3.2,2.4,98.1644678524
5,3.2,2.5,99.5158592564
5,3.2,2.5,97.7873613662
5,3.2,2.5,101.935028892
5,3.2,2.5,99.827673813
5,3.2,2.5,101.949199288
5,3.2,2.6,98.0484813234
5,3.2,2.6,97.3660626741
5,3.2,2.6,101.778245136
5,3.2,2.6,95.9104282916
5,3.2,2.6,98.9412956228
5,3.3,2.4,98.6015605783
5,3.3,2.4,98.5016261909
5,3.3,2.4,103.06864253
5,3.3,2.4,100.803551856
5,3.3,2.4,104.276098353
5,3.3,2.5,92.4437716268
5,3.3,2.5,94.3429062725
5,3.3,2.5,100.227564163
5,3.3,2.5,97.6413671709
5,3.3,2.5,104.981269105
5,3.3,2.6,103.160371444
5,3.3,2.6,98.997081262
5,3.3,2.6,99.5633729148
5,3.3,2.6,100.179426423
5,3.3,2.6,102.399120734
5,3.4,2.4,101.586197537
5,3.4,2.4,102.975442448
5,3.4,2.4,99.1592867119
5,3.4,2.4,97.5040394989
5,3.4,2.4,97.1829502322
5,3.4,2.5,100.94084529
5,3.4,2.5,97.7055656644
5,3.4,2.5,96.9367913805
5,3.4,2.5,99.9449369413
5,3.4,2.5,98.0618257967
5,3.4,2.6,98.1536419114
5,3.4,2.6,99.3884458246
5,3.4,2.6,96.6845166713
5,3.4,2.6,109.526841644
5,3.4,2.6,98.6286442254
10,3.2,2.4,83.9177833451
10,3.2,2.4,88.0336584378
10,3.2,2.4,91.5834777328
10,3.2,2.4,84.1085671343
10,3.2,2.4,79.5087123022
10,3.2,2.5,85.2914510855
10,3.2,2.5,85.2282823844
10,3.2,2.5,83.153028253
10,3.2,2.5,85.9178038037
10,3.2,2.5,82.2523425504
10,3.2,2.6,90.6636480168
10,3.2,2.6,86.5217927456
10,3.2,2.6,83.5584616017
10,3.2,2.6,89.1693661487
10,3.2,2.6,84.5330819969
10,3.3,2.4,85.6579838185
10,3.3,2.4,85.0061306364
10,3.3,2.4,87.1486760012
10,3.3,2.4,81.5569789023
10,3.3,2.4,84.1881916668
10,3.3,2.5,85.2609233771
10,3.3,2.5,81.4916777244
10,3.3,2.5,82.7262267625
10,3.3,2.5,86.0997484755
10,3.3,2.5,79.1521849609
10,3.3,2.6,84.797658699
10,3.3,2.6,85.9761200087
10,3.3,2.6,83.3943010416
10,3.3,2.6,85.6934915487
10,3.3,2.6,81.5827788977
10,3.4,2.4,85.9704399161
10,3.4,2.4,82.2838306639
10,3.4,2.4,82.2680340475
10,3.4,2.4,84.8222648529
10,3.4,2.4,82.6790532554
10,3.4,2.5,91.0530903533
10,3.4,2.5,80.7009279965
10,3.4,2.5,80.4782541307
10,3.4,2.5,84.085510218
10,3.4,2.5,88.1758822985
10,3.4,2.6,88.0492036058
10,3.4,2.6,82.3851386083
10,3.4,2.6,84.3647521798
10,3.4,2.6,80.6199644278
10,3.4,2.6,80.8421202923
20,3.2,2.4,72.6842841794
20,3.2,2.4,68.4993941232
20,3.2,2.4,69.0254107317
20,3.2,2.4,73.8853309561
20,3.2,2.4,69.1439048502
20,3.2,2.5,69.1204971478
20,3.2,2.5,66.8422345028
20,3.2,2.5,70.0399507098
20,3.2,2.5,68.4864144775
20,3.2,2.5,72.2508295357
20,3.2,2.6,72.5248846143
20,3.2,2.6,68.077813358
20,3.2,2.6,71.0537999596
20,3.2,2.6,74.4890776149
20,3.2,2.6,70.1799750907
20,3.3,2.4,70.4497650616
20,3.3,2.4,66.1996612777
20,3.3,2.4,69.0858671557
20,3.3,2.4,68.4072561834
20,3.3,2.4,71.8863782679
20,3.3,2.5,66.3312382965
20,3.3,2.5,65.3790393987
20,3.3,2.5,70.2840853115
20,3.3,2.5,75.6256629028
20,3.3,2.5,73.1477722711
20,3.3,2.6,68.5710426998
20,3.3,2.6,72.6034957123
20,3.3,2.6,69.6362011793
20,3.3,2.6,69.7041144044
20,3.3,2.6,71.6373239127
20,3.4,2.4,73.0710497351
20,3.4,2.4,71.200294832
20,3.4,2.4,73.1030420462
20,3.4,2.4,70.6870872213
20,3.4,2.4,68.197510601
20,3.4,2.5,73.6778028163
20,3.4,2.5,71.5059098908
20,3.4,2.5,70.4348456715
20,3.4,2.5,71.2843395058
20,3.4,2.5,69.6287099377
20,3.4,2.6,71.1775110674
20,3.4,2.6,71.4055267725
20,3.4,2.6,71.5461076792
20,3.4,2.6,69.8741747855
20,3.4,2.6,66.5486860792
30,3.2,2.4,62.2119785381
30,3.2,2.4,63.861044581
30,3.2,2.4,63.6443374834
30,3.2,2.4,67.2327880012
30,3.2,2.4,61.8578710571
30,3.2,2.5,61.8219692469
30,3.2,2.5,65.0918190884
30,3.2,2.5,60.6739948227
30,3.2,2.5,62.7594702495
30,3.2,2.5,62.496145529
30,3.2,2.6,62.8432955991
30,3.2,2.6,63.3461461001
30,3.2,2.6,60.1356420716
30,3.2,2.6,63.3523171679
30,3.2,2.6,62.1325839865
30,3.3,2.4,62.5191624995
30,3.3,2.4,61.2962812633
30,3.3,2.4,65.9698399756
30,3.3,2.4,64.0079213193
30,3.3,2.4,68.7360195017
30,3.3,2.5,61.4926825331
30,3.3,2.5,60.8431983425
30,3.3,2.5,63.6247129706
30,3.3,2.5,58.2761636656
30,3.3,2.5,61.5386956188
30,3.3,2.6,61.8455028561
30,3.3,2.6,68.5538328137
30,3.3,2.6,64.919093282
30,3.3,2.6,63.5085061265
30,3.3,2.6,62.0740442525
30,3.4,2.4,65.1739567474
30,3.4,2.4,60.0545497272
30,3.4,2.4,61.047088856
30,3.4,2.4,63.6255212323
30,3.4,2.4,60.9836681537
30,3.4,2.5,60.7085245129
30,3.4,2.5,62.729640976
30,3.4,2.5,62.4469976516
30,3.4,2.5,65.1356203388
30,3.4,2.5,62.9216683729
30,3.4,2.6,64.358798459
30,3.4,2.6,62.5041104759
30,3.4,2.6,61.1151755636
30,3.4,2.6,64.8102679668
30,3.4,2.6,59.3776979094
1,3.2,2.4,122.373255225
1,3.2,2.4,120.687962279
1,3.2,2.4,122.715896365
1,3.2,2.4,120.484696415
1,3.2,2.4,125.181874041
1,3.2,2.5,122.012511524
1,3.2,2.5,123.575305099
1,3.2,2.5,124.786509329
1,3.2,2.5,121.618687742
1,3.2,2.5,121.108418796
1,3.2,2.6,119.299955816
1,3.2,2.6,122.635052376
1,3.2,2.6,122.247254837
1,3.2,2.6,120.76076795
1,3.2,2.6,124.353306008
1,3.3,2.4,121.463505906
1,3.3,2.4,125.811518896
1,3.3,2.4,119.130482413
1,3.3,2.4,122.470679758
1,3.3,2.4,120.211518686
1,3.3,2.5,119.842863628
1,3.3,2.5,123.545365802
1,3.3,2.5,123.696445383
1,3.3,2.5,124.873766308
1,3.3,2.5,121.153325313
1,3.3,2.6,121.951695841
1,3.3,2.6,125.146694327
1,3.3,2.6,119.325056451
1,3.3,2.6,119.935443378
1,3.3,2.6,123.010886781
1,3.4,2.4,120.098326336
1,3.4,2.4,120.742739639
1,3.4,2.4,121.934270008
1,3.4,2.4,121.086591791
1,3.4,2.4,122.693631824
1,3.4,2.5,123.090092833
1,3.4,2.5,122.81146828
1,3.4,2.5,120.825647213
1,3.4,2.5,124.094491677
1,3.4,2.5,124.438668745
1,3.4,2.6,119.872789765
1,3.4,2.6,126.155836213
1,3.4,2.6,122.926159699
1,3.4,2.6,120.729114957
1,3.4,2.6,119.042545693
5,3.2,2.4,100.699826
5,3.2,2.4,99.693640432
5,3.2,2.4,99.8959750787
5,3.2,2.4,100.618053922
5,3.2,2.4,95.2454483278
5,3.2,2.5,100.189180227
5,3.2,2.5,99.569891937
5,3.2,2.5,95.4976154032
5,3.2,2.5,99.2494422556
5,3.2,2.5,101.996897139
5,3.2,2.6,102.767732473
5,3.2,2.6,103.459562742
5,3.2,2.6,99.5256894411
5,3.2,2.6,106.086909111
5,3.2,2.6,99.7426136821
5,3.3,2.4,95.8439495163
5,3.3,2.4,102.059081267
5,3.3,2.4,101.722438538
5,3.3,2.4,100.42057847
5,3.3,2.4,103.557235654
5,3.3,2.5,101.95567924
5,3.3,2.5,103.553974455
5,3.3,2.5,101.955971865
5,3.3,2.5,101.325981776
5,3.3,2.5,98.7053326667
5,3.3,2.6,102.640659242
5,3.3,2.6,96.6892591445
5,3.3,2.6,94.4715718299
5,3.3,2.6,98.2748558117
5,3.3,2.6,98.5827075267
5,3.4,2.4,102.001295836
5,3.4,2.4,97.1987565928
5,3.4,2.4,96.6191567251
5,3.4,2.4,98.4299097983
5,3.4,2.4,103.295738325
5,3.4,2.5,100.069279337
5,3.4,2.5,99.0671223819
5,3.4,2.5,106.507223161
5,3.4,2.5,96.9973299522
5,3.4,2.5,95.7940912182
5,3.4,2.6,102.619059055
5,3.4,2.6,98.0495367271
5,3.4,2.6,104.560174174
5,3.4,2.6,97.9014693556
5,3.4,2.6,99.1591748018
10,3.2,2.4,84.2121179825
10,3.2,2.4,86.3527791413
10,3.2,2.4,80.829587642
10,3.2,2.4,81.4483481406
10,3.2,2.4,84.0346771425
10,3.2,2.5,87.3370884776
10,3.2,2.5,82.7429905346
10,3.2,2.5,81.7416396429
10,3.2,2.5,86.1964237723
10,3.2,2.5,83.8070049171
10,3.2,2.6,84.7691719408
10,3.2,2.6,86.1374669038
10,3.2,2.6,84.0257529706
10,3.2,2.6,79.4358199634
10,3.2,2.6,87.2846219316
10,3.3,2.4,86.1912550408
10,3.3,2.4,82.4499492565
10,3.3,2.4,85.6305501567
10,3.3,2.4,88.2908421005
10,3.3,2.4,80.0909326501
10,3.3,2.5,88.1697785167
10,3.3,2.5,86.2118749567
10,3.3,2.5,84.7942597184
10,3.3,2.5,81.6485380905
10,3.3,2.5,84.2449733867
10,3.3,2.6,87.1621340892
10,3.3,2.6,79.7715276961
10,3.3,2.6,89.5743837048
10,3.3,2.6,84.298477146
10,3.3,2.6,85.3632715174
10,3.4,2.4,79.6453419285
10,3.4,2.4,90.2339938243
10,3.4,2.4,83.3125498034
10,3.4,2.4,85.7637793871
10,3.4,2.4,87.5286339854
10,3.4,2.5,86.6503424376
10,3.4,2.5,85.9001400107
10,3.4,2.5,81.7704543716
10,3.4,2.5,84.7029315587
10,3.4,2.5,82.831503141
10,3.4,2.6,86.0168922986
10,3.4,2.6,82.6311541436
10,3.4,2.6,87.2324834492
10,3.4,2.6,82.8163931705
10,3.4,2.6,89.0024746219
20,3.2,2.4,68.9751798423
20,3.2,2.4,70.297210097
20,3.2,2.4,74.068743
20,3.2,2.4,68.2925222258
20,3.2,2.4,63.1017067044
20,3.2,2.5,68.6479759197
20,3.2,2.5,68.7897600516
20,3.2,2.5,71.0051018753
20,3.2,2.5,69.7025053383
20,3.2,2.5,73.3263751489
20,3.2,2.6,69.7322567986
20,3.2,2.6,68.0622982383
20,3.2,2.6,69.5664116403
20,3.2,2.6,70.4867247029
20,3.2,2.6,71.4793300173
20,3.3,2.4,70.3171868613
20,3.3,2.4,75.1154227119
20,3.3,2.4,69.317628638
20,3.3,2.4,70.4820702139
20,3.3,2.4,66.9803616539
20,3.3,2.5,70.3071529281
20,3.3,2.5,75.7256772067
20,3.3,2.5,72.1554704724
20,3.3,2.5,70.6506305143
20,3.3,2.5,71.2036469346
20,3.3,2.6,69.6277231083
20,3.3,2.6,69.713502576
20,3.3,2.6,67.4513094412
20,3.3,2.6,71.5901185882
20,3.3,2.6,67.9443304518
20,3.4,2.4,68.5248181871
20,3.4,2.4,72.9415250213
20,3.4,2.4,70.4701873591
20,3.4,2.4,67.9784718838
20,3.4,2.4,68.6280549133
20,3.4,2.5,69.3948751381
20,3.4,2.5,72.4642581446
20,3.4,2.5,69.3081358647
20,3.4,2.5,71.488821789
20,3.4,2.5,71.5108300488
20,3.4,2.6,74.9650549776
20,3.4,2.6,74.7081908634
20,3.4,2.6,71.7297243424
20,3.4,2.6,72.8675261678
20,3.4,2.6,68.8091559615
30,3.2,2.4,61.1302534443
30,3.2,2.4,70.0929373792
30,3.2,2.4,60.3984123344
30,3.2,2.4,59.4059024348
30,3.2,2.4,67.2555577034
30,3.2,2.5,61.8864564415
30,3.2,2.5,67.1117489615
30,3.2,2.5,64.0367436457
30,3.2,2.5,63.1165370587
30,3.2,2.5,65.4477031059
30,3.2,2.6,57.5034258491
30,3.2,2.6,63.4926055258
30,3.2,2.6,61.4369891196
30,3.2,2.6,59.9211024777
30,3.2,2.6,58.6987670154
30,3.3,2.4,63.143019036
30,3.3,2.4,62.833901874
30,3.3,2.4,60.1429048554
30,3.3,2.4,64.2843002394
30,3.3,2.4,63.5209077475
30,3.3,2.5,60.1960081769
30,3.3,2.5,62.094064282
30,3.3,2.5,67.6925405534
30,3.3,2.5,59.6459403461
30,3.3,2.5,59.8229171536
30,3.3,2.6,60.6160029793
30,3.3,2.6,62.1374867659
30,3.3,2.6,61.0094840126
30,3.3,2.6,66.0992284039
30,3.3,2.6,61.8476255263
30,3.4,2.4,61.6004962127
30,3.4,2.4,62.6688435294
30,3.4,2.4,68.399838161
30,3.4,2.4,65.8012800681
30,3.4,2.4,58.9479114786
30,3.4,2.5,65.0669027162
30,3.4,2.5,61.0920383426
30,3.4,2.5,62.5391996737
30,3.4,2.5,65.4598744849
30,3.4,2.5,65.3807706923
30,3.4,2.6,63.6758667201
30,3.4,2.6,59.7342607627
30,3.4,2.6,64.1489418709
30,3.4,2.6,63.4162958196
30,3.4,2.6,66.3329861139
