Noise,SigD,SigI,PSNR
1,2.0,2.0,105.503063127
1,2.0,2.0,106.641677237
1,2.0,2.0,106.647061189
1,2.0,2.0,106.524567786
1,2.0,2.0,105.910744425
1,2.0,2.5,105.752466491
1,2.0,2.5,105.558362863
1,2.0,2.5,105.766079364
1,2.0,2.5,106.480357437
1,2.0,2.5,105.976430742
1,2.0,3.0,104.743871287
1,2.0,3.0,105.026869978
1,2.0,3.0,106.20629877
1,2.0,3.0,104.604685017
1,2.0,3.0,104.216300305
1,2.5,2.0,102.428966833
1,2.5,2.0,101.988989558
1,2.5,2.0,102.330243731
1,2.5,2.0,100.920535595
1,2.5,2.0,102.052659353
1,2.5,2.5,100.398447069
1,2.5,2.5,100.429493989
1,2.5,2.5,100.503804752
1,2.5,2.5,100.148791632
1,2.5,2.5,100.220694469
1,2.5,3.0,99.3223857103
1,2.5,3.0,98.9242505859
1,2.5,3.0,99.4090060475
1,2.5,3.0,98.7109770576
1,2.5,3.0,100.409992988
1,3.0,2.0,99.0549038843
1,3.0,2.0,97.8766542823
1,3.0,2.0,98.3439441807
1,3.0,2.0,98.0081599895
1,3.0,2.0,97.8524057867
1,3.0,2.5,96.2849640262
1,3.0,2.5,96.2596364213
1,3.0,2.5,96.5361054202
1,3.0,2.5,96.797333515
1,3.0,2.5,96.2887079489
1,3.0,3.0,94.8112516638
1,3.0,3.0,94.7483522901
1,3.0,3.0,94.9704050318
1,3.0,3.0,95.5006401272
1,3.0,3.0,95.8994923951
5,2.0,2.0,96.7513963299
5,2.0,2.0,99.3092410749
5,2.0,2.0,93.6946109584
5,2.0,2.0,96.3129713183
5,2.0,2.0,92.4090363815
5,2.0,2.5,97.2395721122
5,2.0,2.5,93.090575155
5,2.0,2.5,95.6138512102
5,2.0,2.5,95.6926386275
5,2.0,2.5,94.9370070551
5,2.0,3.0,96.1021340653
5,2.0,3.0,94.530321555
5,2.0,3.0,95.4375190984
5,2.0,3.0,95.3967713887
5,2.0,3.0,95.7741628564
5,2.5,2.0,92.7330342273
5,2.5,2.0,95.6911707633
5,2.5,2.0,93.4239292969
5,2.5,2.0,96.9428926625
5,2.5,2.0,91.6090141579
5,2.5,2.5,93.5322949704
5,2.5,2.5,93.4716891132
5,2.5,2.5,93.8025682364
5,2.5,2.5,92.9175514482
5,2.5,2.5,91.3017765091
5,2.5,3.0,94.5062346029
5,2.5,3.0,95.2822915794
5,2.5,3.0,93.5404260324
5,2.5,3.0,91.9287854915
5,2.5,3.0,94.7561904359
5,3.0,2.0,93.8336036917
5,3.0,2.0,91.8963640603
5,3.0,2.0,94.1447870207
5,3.0,2.0,93.1938270711
5,3.0,2.0,89.1526458123
5,3.0,2.5,92.4055693
5,3.0,2.5,90.9896931271
5,3.0,2.5,91.469955517
5,3.0,2.5,97.0464699897
5,3.0,2.5,93.5243045493
5,3.0,3.0,92.0800961196
5,3.0,3.0,90.6884723616
5,3.0,3.0,89.1877636817
5,3.0,3.0,89.537809796
5,3.0,3.0,89.5292241036
10,2.0,2.0,82.4417148836
10,2.0,2.0,86.7353722365
10,2.0,2.0,84.5093869303
10,2.0,2.0,86.2427893294
10,2.0,2.0,87.0104840165
10,2.0,2.5,82.1038792445
10,2.0,2.5,85.8456787234
10,2.0,2.5,85.6838235013
10,2.0,2.5,85.8869698086
10,2.0,2.5,81.4657665284
10,2.0,3.0,87.8124122794
10,2.0,3.0,85.7015879971
10,2.0,3.0,84.0299160604
10,2.0,3.0,88.0368989788
10,2.0,3.0,85.4499360184
10,2.5,2.0,84.2959338729
10,2.5,2.0,86.5392040713
10,2.5,2.0,88.4794726637
10,2.5,2.0,84.7099192051
10,2.5,2.0,85.0556117967
10,2.5,2.5,85.7757719084
10,2.5,2.5,87.5389030646
10,2.5,2.5,85.8011085347
10,2.5,2.5,79.560675197
10,2.5,2.5,85.6424809382
10,2.5,3.0,84.3459605257
10,2.5,3.0,86.6895185037
10,2.5,3.0,87.4264871962
10,2.5,3.0,87.5728700254
10,2.5,3.0,89.6090235563
10,3.0,2.0,83.4004186891
10,3.0,2.0,82.6386990227
10,3.0,2.0,86.6015916119
10,3.0,2.0,83.8930580942
10,3.0,2.0,84.5950002343
10,3.0,2.5,86.3309112384
10,3.0,2.5,82.0866641356
10,3.0,2.5,85.0572099637
10,3.0,2.5,85.552103306
10,3.0,2.5,83.4826720074
10,3.0,3.0,85.5366369757
10,3.0,3.0,85.3069470583
10,3.0,3.0,84.7871511514
10,3.0,3.0,84.7155315593
10,3.0,3.0,84.0335363689
20,2.0,2.0,68.4016801806
20,2.0,2.0,69.2857099458
20,2.0,2.0,66.3750474983
20,2.0,2.0,71.6598104046
20,2.0,2.0,69.4895775232
20,2.0,2.5,72.5049344848
20,2.0,2.5,69.2689703298
20,2.0,2.5,71.8888021921
20,2.0,2.5,75.5562520748
20,2.0,2.5,78.5997038312
20,2.0,3.0,70.5535334014
20,2.0,3.0,69.940627735
20,2.0,3.0,70.1587649875
20,2.0,3.0,66.6315686453
20,2.0,3.0,70.219492457
20,2.5,2.0,69.7208613962
20,2.5,2.0,74.1163938092
20,2.5,2.0,71.1937388186
20,2.5,2.0,72.8186686093
20,2.5,2.0,74.354557138
20,2.5,2.5,72.7197042196
20,2.5,2.5,69.2401896247
20,2.5,2.5,70.9645136357
20,2.5,2.5,65.9815478133
20,2.5,2.5,71.4832174253
20,2.5,3.0,66.6598127133
20,2.5,3.0,69.3486084047
20,2.5,3.0,67.2977890087
20,2.5,3.0,72.9816405666
20,2.5,3.0,68.8522129004
20,3.0,2.0,72.2183572035
20,3.0,2.0,68.1711678349
20,3.0,2.0,74.6798163788
20,3.0,2.0,68.7861007677
20,3.0,2.0,70.7433664806
20,3.0,2.5,74.0318180202
20,3.0,2.5,71.5388569482
20,3.0,2.5,75.3200130049
20,3.0,2.5,71.5679870145
20,3.0,2.5,73.1029354262
20,3.0,3.0,73.1670914701
20,3.0,3.0,68.9845452407
20,3.0,3.0,71.2170798411
20,3.0,3.0,73.0181432766
20,3.0,3.0,69.1645349571
30,2.0,2.0,54.7980904289
30,2.0,2.0,60.8025765389
30,2.0,2.0,59.4862999558
30,2.0,2.0,61.0645971907
30,2.0,2.0,62.7336009602
30,2.0,2.5,59.017211017
30,2.0,2.5,59.894119048
30,2.0,2.5,61.9734649921
30,2.0,2.5,64.0725207619
30,2.0,2.5,64.2037732266
30,2.0,3.0,60.5010001375
30,2.0,3.0,55.439716042
30,2.0,3.0,64.4029278765
30,2.0,3.0,66.757925125
30,2.0,3.0,60.9781583413
30,2.5,2.0,65.6668196504
30,2.5,2.0,61.2997331484
30,2.5,2.0,62.9665139301
30,2.5,2.0,64.6170278313
30,2.5,2.0,63.6862524073
30,2.5,2.5,61.2621146771
30,2.5,2.5,62.0455842013
30,2.5,2.5,68.0039675286
30,2.5,2.5,66.0888425285
30,2.5,2.5,62.7845855038
30,2.5,3.0,65.2359518993
30,2.5,3.0,60.0077898819
30,2.5,3.0,69.074002975
30,2.5,3.0,63.2587987345
30,2.5,3.0,61.7892507327
30,3.0,2.0,65.6148848958
30,3.0,2.0,63.5901927501
30,3.0,2.0,60.3087731269
30,3.0,2.0,68.9386232828
30,3.0,2.0,67.559384361
30,3.0,2.5,61.3591504601
30,3.0,2.5,66.8562245245
30,3.0,2.5,61.6971391568
30,3.0,2.5,61.9099373786
30,3.0,2.5,67.5174747548
30,3.0,3.0,63.1019139333
30,3.0,3.0,60.8273209719
30,3.0,3.0,57.8861179977
30,3.0,3.0,64.3093207973
30,3.0,3.0,60.9042517423
1,1.4,2.1,114.682995451
1,1.4,2.1,114.731046183
1,1.4,2.1,114.573065859
1,1.4,2.1,114.505072942
1,1.4,2.1,114.053887208
1,1.4,2.2,113.115022174
1,1.4,2.2,113.305754684
1,1.4,2.2,114.644418182
1,1.4,2.2,115.704249809
1,1.4,2.2,115.115485489
1,1.4,2.3,112.275595005
1,1.4,2.3,115.084330388
1,1.4,2.3,114.416476156
1,1.4,2.3,112.873786654
1,1.4,2.3,114.341028556
1,1.5,2.1,111.784078575
1,1.5,2.1,113.491972378
1,1.5,2.1,112.828707126
1,1.5,2.1,112.858353022
1,1.5,2.1,113.188839214
1,1.5,2.2,114.799674905
1,1.5,2.2,111.236491745
1,1.5,2.2,111.409574162
1,1.5,2.2,116.171616953
1,1.5,2.2,111.681938944
1,1.5,2.3,112.185237361
1,1.5,2.3,112.814286699
1,1.5,2.3,111.390103415
1,1.5,2.3,112.692369306
1,1.5,2.3,113.373594373
1,1.6,2.1,111.06021495
1,1.6,2.1,112.108868171
1,1.6,2.1,112.133418442
1,1.6,2.1,111.510375633
1,1.6,2.1,110.216654487
1,1.6,2.2,111.290019567
1,1.6,2.2,111.726310102
1,1.6,2.2,110.055318771
1,1.6,2.2,111.303681158
1,1.6,2.2,110.886110847
1,1.6,2.3,110.538639536
1,1.6,2.3,112.057923596
1,1.6,2.3,109.809674141
1,1.6,2.3,110.641027497
1,1.6,2.3,111.790455448
5,1.4,2.1,94.760716193
5,1.4,2.1,93.8345994377
5,1.4,2.1,97.6836089705
5,1.4,2.1,97.9294414282
5,1.4,2.1,96.7895243532
5,1.4,2.2,96.4636433847
5,1.4,2.2,96.5360449754
5,1.4,2.2,92.9293125998
5,1.4,2.2,95.9377934174
5,1.4,2.2,98.785746447
5,1.4,2.3,94.1238868316
5,1.4,2.3,93.2043684059
5,1.4,2.3,93.990457121
5,1.4,2.3,98.4574309397
5,1.4,2.3,95.9864785821
5,1.5,2.1,95.8583913351
5,1.5,2.1,95.769308395
5,1.5,2.1,96.9927025117
5,1.5,2.1,97.9214412868
5,1.5,2.1,95.7218587491
5,1.5,2.2,97.083547024
5,1.5,2.2,97.2349158865
5,1.5,2.2,95.7207759409
5,1.5,2.2,101.211340914
5,1.5,2.2,96.0875160674
5,1.5,2.3,95.7888799842
5,1.5,2.3,96.9232169727
5,1.5,2.3,96.4773739541
5,1.5,2.3,96.587087249
5,1.5,2.3,97.4263812865
5,1.6,2.1,96.4458656548
5,1.6,2.1,96.0174837455
5,1.6,2.1,96.3694111654
5,1.6,2.1,98.8789633429
5,1.6,2.1,93.736616525
5,1.6,2.2,98.8296193658
5,1.6,2.2,97.4252802122
5,1.6,2.2,95.6332515965
5,1.6,2.2,95.1225564976
5,1.6,2.2,97.1023429036
5,1.6,2.3,99.2232911341
5,1.6,2.3,94.7825818377
5,1.6,2.3,99.6616857895
5,1.6,2.3,92.1961228342
5,1.6,2.3,95.2558730301
10,1.4,2.1,86.1626965501
10,1.4,2.1,80.6794981918
10,1.4,2.1,84.6655418973
10,1.4,2.1,82.9192396524
10,1.4,2.1,82.1918937219
10,1.4,2.2,83.1923062814
10,1.4,2.2,83.2327982988
10,1.4,2.2,84.719415334
10,1.4,2.2,83.1012257142
10,1.4,2.2,83.3182390034
10,1.4,2.3,84.1859963375
10,1.4,2.3,79.7024692682
10,1.4,2.3,85.1976936304
10,1.4,2.3,85.079160623
10,1.4,2.3,83.2153936485
10,1.5,2.1,81.8251336974
10,1.5,2.1,84.5417253028
10,1.5,2.1,79.2337140182
10,1.5,2.1,84.7825936294
10,1.5,2.1,81.7281257989
10,1.5,2.2,81.9517302213
10,1.5,2.2,88.0421319098
10,1.5,2.2,83.3449707729
10,1.5,2.2,82.661099945
10,1.5,2.2,84.4435796669
10,1.5,2.3,83.4883872201
10,1.5,2.3,82.9781275417
10,1.5,2.3,83.8622167968
10,1.5,2.3,84.9515234442
10,1.5,2.3,81.9653742949
10,1.6,2.1,85.213155118
10,1.6,2.1,85.021500644
10,1.6,2.1,84.0601738203
10,1.6,2.1,83.9558319562
10,1.6,2.1,84.8740626236
10,1.6,2.2,84.4753852347
10,1.6,2.2,84.0132377924
10,1.6,2.2,84.8627429461
10,1.6,2.2,82.9416961403
10,1.6,2.2,84.3996658781
10,1.6,2.3,86.4642579817
10,1.6,2.3,84.250656636
10,1.6,2.3,85.1014745503
10,1.6,2.3,83.8374705466
10,1.6,2.3,80.3693314173
20,1.4,2.1,69.9393078171
20,1.4,2.1,68.8407487864
20,1.4,2.1,68.0411005268
20,1.4,2.1,69.0614174004
20,1.4,2.1,66.9291676517
20,1.4,2.2,70.1855273975
20,1.4,2.2,73.1654407015
20,1.4,2.2,65.0050438871
20,1.4,2.2,66.2365604164
20,1.4,2.2,69.5781103463
20,1.4,2.3,70.9638676005
20,1.4,2.3,67.9278038956
20,1.4,2.3,66.5037012842
20,1.4,2.3,67.2223478936
20,1.4,2.3,64.3082364931
20,1.5,2.1,69.4071229926
20,1.5,2.1,68.5020724882
20,1.5,2.1,70.4478324594
20,1.5,2.1,67.6941580085
20,1.5,2.1,66.7973196389
20,1.5,2.2,69.2082708925
20,1.5,2.2,68.2184591331
20,1.5,2.2,68.2657443177
20,1.5,2.2,69.2191394294
20,1.5,2.2,70.2091219965
20,1.5,2.3,68.6677061951
20,1.5,2.3,69.1244119063
20,1.5,2.3,69.2103529189
20,1.5,2.3,69.5390742904
20,1.5,2.3,71.4704820068
20,1.6,2.1,68.8989246912
20,1.6,2.1,71.6473756146
20,1.6,2.1,69.2239166551
20,1.6,2.1,68.9339675157
20,1.6,2.1,67.2095628044
20,1.6,2.2,67.0633239334
20,1.6,2.2,67.8324935223
20,1.6,2.2,69.6830763033
20,1.6,2.2,66.6266561376
20,1.6,2.2,68.8375247811
20,1.6,2.3,72.7266046994
20,1.6,2.3,70.5960647645
20,1.6,2.3,68.5186626361
20,1.6,2.3,71.0053645613
20,1.6,2.3,74.2726151257
30,1.4,2.1,55.6151252077
30,1.4,2.1,57.5776464978
30,1.4,2.1,63.2153981158
30,1.4,2.1,58.3407949993
30,1.4,2.1,60.532036097
30,1.4,2.2,59.4169431411
30,1.4,2.2,61.720827592
30,1.4,2.2,54.497415375
30,1.4,2.2,57.9950305473
30,1.4,2.2,57.6539525407
30,1.4,2.3,58.1650395695
30,1.4,2.3,61.2482483793
30,1.4,2.3,60.8933091235
30,1.4,2.3,60.8716152129
30,1.4,2.3,61.4979727654
30,1.5,2.1,58.7908934034
30,1.5,2.1,58.1666666044
30,1.5,2.1,59.5316652798
30,1.5,2.1,66.4937822506
30,1.5,2.1,56.573031202
30,1.5,2.2,60.3315966599
30,1.5,2.2,59.6375857792
30,1.5,2.2,60.8504281816
30,1.5,2.2,59.8154797852
30,1.5,2.2,59.889019849
30,1.5,2.3,61.3061455015
30,1.5,2.3,56.6706463507
30,1.5,2.3,58.6992023404
30,1.5,2.3,59.9618261006
30,1.5,2.3,59.8081061927
30,1.6,2.1,61.6416763244
30,1.6,2.1,59.2262615535
30,1.6,2.1,59.0123124871
30,1.6,2.1,59.5795496833
30,1.6,2.1,60.6572344261
30,1.6,2.2,61.0207624014
30,1.6,2.2,63.2577005376
30,1.6,2.2,57.8496824976
30,1.6,2.2,59.5088017273
30,1.6,2.2,59.1561831293
30,1.6,2.3,58.4517069504
30,1.6,2.3,60.475692191
30,1.6,2.3,61.4442789522
30,1.6,2.3,62.3262271959
30,1.6,2.3,60.351100733
1,0.9,2.2,120.840508316
1,0.9,2.2,120.891225625
1,0.9,2.2,118.088166757
1,0.9,2.2,117.950621663
1,0.9,2.2,121.158966916
1,0.9,2.3,121.360415505
1,0.9,2.3,119.799705477
1,0.9,2.3,120.961193103
1,0.9,2.3,120.837437183
1,0.9,2.3,121.374001631
1,0.9,2.4,119.673354564
1,0.9,2.4,118.315265344
1,0.9,2.4,119.526950763
1,0.9,2.4,120.988385004
1,0.9,2.4,120.442191403
1,1.0,2.2,117.174155503
1,1.0,2.2,119.741864174
1,1.0,2.2,120.854552837
1,1.0,2.2,118.969835054
1,1.0,2.2,118.791274321
1,1.0,2.3,119.480396794
1,1.0,2.3,117.418064718
1,1.0,2.3,118.626250062
1,1.0,2.3,119.33554299
1,1.0,2.3,119.238465863
1,1.0,2.4,119.445139917
1,1.0,2.4,120.639495452
1,1.0,2.4,118.704661785
1,1.0,2.4,120.252354675
1,1.0,2.4,122.796245
1,1.1,2.2,117.667853645
1,1.1,2.2,118.031811461
1,1.1,2.2,119.185807391
1,1.1,2.2,119.01500749
1,1.1,2.2,119.566471243
1,1.1,2.3,118.829043755
1,1.1,2.3,117.488614191
1,1.1,2.3,118.190429344
1,1.1,2.3,118.606747779
1,1.1,2.3,118.827723185
1,1.1,2.4,119.246459024
1,1.1,2.4,117.846482963
1,1.1,2.4,119.505292277
1,1.1,2.4,117.924297809
1,1.1,2.4,121.362616579
5,0.9,2.2,94.1003650697
5,0.9,2.2,92.7759724677
5,0.9,2.2,93.1909455334
5,0.9,2.2,91.0813421672
5,0.9,2.2,93.6457221906
5,0.9,2.3,90.641648344
5,0.9,2.3,94.1274096843
5,0.9,2.3,95.4772301343
5,0.9,2.3,93.5920374198
5,0.9,2.3,95.5337697771
5,0.9,2.4,96.2262329873
5,0.9,2.4,92.0870400408
5,0.9,2.4,93.5459697962
5,0.9,2.4,91.3713348023
5,0.9,2.4,94.0310499656
5,1.0,2.2,94.0370193489
5,1.0,2.2,93.6435609269
5,1.0,2.2,93.0348863843
5,1.0,2.2,94.2491232885
5,1.0,2.2,95.465999564
5,1.0,2.3,95.30280037
5,1.0,2.3,95.6712350009
5,1.0,2.3,95.9120860609
5,1.0,2.3,94.1590931596
5,1.0,2.3,95.9842800043
5,1.0,2.4,93.4348401955
5,1.0,2.4,93.8885784475
5,1.0,2.4,95.7655204711
5,1.0,2.4,97.7043471975
5,1.0,2.4,93.4385655326
5,1.1,2.2,98.9786511861
5,1.1,2.2,96.5007136188
5,1.1,2.2,94.4830746732
5,1.1,2.2,94.1385122967
5,1.1,2.2,96.692483044
5,1.1,2.3,94.8286201088
5,1.1,2.3,93.2988033657
5,1.1,2.3,93.4113139406
5,1.1,2.3,96.4285678595
5,1.1,2.3,92.5610162864
5,1.1,2.4,95.8540756474
5,1.1,2.4,95.3191215262
5,1.1,2.4,95.3474127909
5,1.1,2.4,93.5808490138
5,1.1,2.4,94.918408198
10,0.9,2.2,78.2189175793
10,0.9,2.2,80.4150700564
10,0.9,2.2,78.1288822844
10,0.9,2.2,77.4675100138
10,0.9,2.2,83.5438645228
10,0.9,2.3,80.344812923
10,0.9,2.3,78.5527919096
10,0.9,2.3,80.081412494
10,0.9,2.3,79.9852577837
10,0.9,2.3,78.9067676964
10,0.9,2.4,78.8676311468
10,0.9,2.4,80.5006806042
10,0.9,2.4,78.4858308484
10,0.9,2.4,79.4593176371
10,0.9,2.4,80.7165718343
10,1.0,2.2,78.1234256419
10,1.0,2.2,79.6008523624
10,1.0,2.2,80.3917192415
10,1.0,2.2,80.0699454711
10,1.0,2.2,80.3484588598
10,1.0,2.3,79.0460722294
10,1.0,2.3,79.242624174
10,1.0,2.3,79.7879315949
10,1.0,2.3,81.6721173502
10,1.0,2.3,80.7586070113
10,1.0,2.4,79.3012908327
10,1.0,2.4,83.689246529
10,1.0,2.4,80.9550084468
10,1.0,2.4,78.832819836
10,1.0,2.4,78.171099602
10,1.1,2.2,79.775429412
10,1.1,2.2,79.5776910913
10,1.1,2.2,79.1633411316
10,1.1,2.2,78.7925144118
10,1.1,2.2,82.2155588211
10,1.1,2.3,81.8183396266
10,1.1,2.3,82.7257951191
10,1.1,2.3,81.321175766
10,1.1,2.3,79.3398568294
10,1.1,2.3,79.315653553
10,1.1,2.4,85.0065577209
10,1.1,2.4,82.4250611243
10,1.1,2.4,81.3788732081
10,1.1,2.4,80.0059339308
10,1.1,2.4,80.1485093561
20,0.9,2.2,65.7497347711
20,0.9,2.2,63.8800885444
20,0.9,2.2,63.6237048059
20,0.9,2.2,65.2048287296
20,0.9,2.2,64.7252643001
20,0.9,2.3,64.7443147688
20,0.9,2.3,65.2954023005
20,0.9,2.3,68.3352264285
20,0.9,2.3,66.0458167509
20,0.9,2.3,66.48502702
20,0.9,2.4,62.5263340996
20,0.9,2.4,65.1105090038
20,0.9,2.4,62.1654267359
20,0.9,2.4,65.9181506002
20,0.9,2.4,62.5822570641
20,1.0,2.2,67.6998096761
20,1.0,2.2,62.6480181986
20,1.0,2.2,65.5844075503
20,1.0,2.2,66.2903759073
20,1.0,2.2,66.7500202437
20,1.0,2.3,64.4075253994
20,1.0,2.3,66.6487902916
20,1.0,2.3,64.2093338344
20,1.0,2.3,65.964131869
20,1.0,2.3,65.5784483227
20,1.0,2.4,66.2073742162
20,1.0,2.4,64.6749955012
20,1.0,2.4,64.3614820461
20,1.0,2.4,67.9427562307
20,1.0,2.4,63.8454203657
20,1.1,2.2,67.722369898
20,1.1,2.2,65.1170181072
20,1.1,2.2,66.5508845526
20,1.1,2.2,68.5870297633
20,1.1,2.2,70.2364429929
20,1.1,2.3,67.7658292892
20,1.1,2.3,65.2580959366
20,1.1,2.3,64.4951207433
20,1.1,2.3,66.7950533186
20,1.1,2.3,66.2736704878
20,1.1,2.4,68.8596396864
20,1.1,2.4,63.6955884715
20,1.1,2.4,67.8610052852
20,1.1,2.4,63.4634603687
20,1.1,2.4,67.1622669864
30,0.9,2.2,56.5196031684
30,0.9,2.2,58.2256556451
30,0.9,2.2,55.1826265075
30,0.9,2.2,58.4372398691
30,0.9,2.2,53.8576726115
30,0.9,2.3,58.6684938301
30,0.9,2.3,58.9866495585
30,0.9,2.3,57.945675036
30,0.9,2.3,57.2289286802
30,0.9,2.3,56.2865043686
30,0.9,2.4,55.4361329326
30,0.9,2.4,55.9904123883
30,0.9,2.4,54.3043309597
30,0.9,2.4,57.9433506312
30,0.9,2.4,58.7840209601
30,1.0,2.2,57.8422406158
30,1.0,2.2,57.7509884231
30,1.0,2.2,57.9104725444
30,1.0,2.2,56.6980997648
30,1.0,2.2,55.4588915963
30,1.0,2.3,57.1542523554
30,1.0,2.3,54.1436379594
30,1.0,2.3,56.1641252694
30,1.0,2.3,59.4154203983
30,1.0,2.3,54.5700796018
30,1.0,2.4,58.9124435825
30,1.0,2.4,60.744533854
30,1.0,2.4,58.6873449288
30,1.0,2.4,59.0656486814
30,1.0,2.4,58.5293437437
30,1.1,2.2,58.693970262
30,1.1,2.2,57.0872497717
30,1.1,2.2,57.2720446377
30,1.1,2.2,58.6757046843
30,1.1,2.2,59.4531581513
30,1.1,2.3,56.6434467809
30,1.1,2.3,61.4493078096
30,1.1,2.3,59.1600582102
30,1.1,2.3,56.9939427654
30,1.1,2.3,55.2563784107
30,1.1,2.4,58.20417635
30,1.1,2.4,56.3308079587
30,1.1,2.4,56.0072279572
30,1.1,2.4,60.6425925075
30,1.1,2.4,60.4945930101
1,1.5,2.1,114.226769944
1,1.5,2.1,111.09441248
1,1.5,2.1,113.182862243
1,1.5,2.1,114.1340912
1,1.5,2.1,112.407246119
1,1.5,2.2,111.734787032
1,1.5,2.2,111.7121712
1,1.5,2.2,111.053050622
1,1.5,2.2,112.003107
1,1.5,2.2,111.983861315
1,1.5,2.3,111.892005123
1,1.5,2.3,111.200737203
1,1.5,2.3,112.182032997
1,1.5,2.3,113.004628633
1,1.5,2.3,113.477059001
1,1.6,2.1,111.301080936
1,1.6,2.1,111.483393287
1,1.6,2.1,112.013803553
1,1.6,2.1,111.919776835
1,1.6,2.1,112.467868885
1,1.6,2.2,112.025939763
1,1.6,2.2,110.489064458
1,1.6,2.2,110.25426491
1,1.6,2.2,111.417318813
1,1.6,2.2,110.022252701
1,1.6,2.3,111.356036736
1,1.6,2.3,109.521981105
1,1.6,2.3,111.594083295
1,1.6,2.3,110.27964839
1,1.6,2.3,110.455887182
1,1.7,2.1,110.18692552
1,1.7,2.1,109.380441048
1,1.7,2.1,110.056747627
1,1.7,2.1,107.33945184
1,1.7,2.1,113.367951088
1,1.7,2.2,109.587194094
1,1.7,2.2,110.072943623
1,1.7,2.2,110.545518367
1,1.7,2.2,109.194044616
1,1.7,2.2,111.273716386
1,1.7,2.3,111.558722763
1,1.7,2.3,110.077154495
1,1.7,2.3,108.839524282
1,1.7,2.3,110.203599645
1,1.7,2.3,109.888202416
5,1.5,2.1,101.442681059
5,1.5,2.1,96.911828813
5,1.5,2.1,97.4627417911
5,1.5,2.1,94.5581399748
5,1.5,2.1,97.6612140645
5,1.5,2.2,98.1151152414
5,1.5,2.2,95.3532838483
5,1.5,2.2,99.2102071314
5,1.5,2.2,96.1994342676
5,1.5,2.2,97.4134559014
5,1.5,2.3,96.8176205077
5,1.5,2.3,94.1707103322
5,1.5,2.3,98.4259723109
5,1.5,2.3,95.436159457
5,1.5,2.3,96.400406382
5,1.6,2.1,99.6859129197
5,1.6,2.1,96.181521654
5,1.6,2.1,97.2554074473
5,1.6,2.1,98.1857180022
5,1.6,2.1,93.1669621787
5,1.6,2.2,96.4459353254
5,1.6,2.2,96.4425201747
5,1.6,2.2,94.9541498812
5,1.6,2.2,97.501453584
5,1.6,2.2,97.5437569814
5,1.6,2.3,92.1590853085
5,1.6,2.3,97.3494203554
5,1.6,2.3,99.4551078138
5,1.6,2.3,95.5096098007
5,1.6,2.3,92.8629123397
5,1.7,2.1,96.53834606
5,1.7,2.1,96.7742409212
5,1.7,2.1,98.1019064067
5,1.7,2.1,95.0690812499
5,1.7,2.1,97.1599743054
5,1.7,2.2,94.6608718611
5,1.7,2.2,97.7366977273
5,1.7,2.2,93.7285178681
5,1.7,2.2,96.5312670172
5,1.7,2.2,97.3344017287
5,1.7,2.3,97.2740971961
5,1.7,2.3,100.078992213
5,1.7,2.3,101.804141997
5,1.7,2.3,96.2712791145
5,1.7,2.3,98.8136358088
10,1.5,2.1,83.1876201604
10,1.5,2.1,82.6369127403
10,1.5,2.1,82.9195470484
10,1.5,2.1,84.8208688555
10,1.5,2.1,81.5531398961
10,1.5,2.2,87.3399070183
10,1.5,2.2,83.2635133153
10,1.5,2.2,82.0343284618
10,1.5,2.2,86.2136046465
10,1.5,2.2,84.7724019678
10,1.5,2.3,80.5359927117
10,1.5,2.3,83.8150816793
10,1.5,2.3,83.3806103857
10,1.5,2.3,82.8398630821
10,1.5,2.3,82.3466380636
10,1.6,2.1,82.2141090727
10,1.6,2.1,81.4299567631
10,1.6,2.1,87.3272050886
10,1.6,2.1,86.3081046911
10,1.6,2.1,85.6038693807
10,1.6,2.2,82.7291923943
10,1.6,2.2,82.4626785512
10,1.6,2.2,85.6058732739
10,1.6,2.2,82.4727940429
10,1.6,2.2,80.2140649575
10,1.6,2.3,84.4231618702
10,1.6,2.3,84.1026899058
10,1.6,2.3,84.4031816553
10,1.6,2.3,78.3662022847
10,1.6,2.3,80.0033555355
10,1.7,2.1,85.7662721515
10,1.7,2.1,84.9778172562
10,1.7,2.1,83.3335111678
10,1.7,2.1,82.5419458434
10,1.7,2.1,80.7433057045
10,1.7,2.2,84.0300378208
10,1.7,2.2,82.9640602109
10,1.7,2.2,84.5894033591
10,1.7,2.2,80.5905236907
10,1.7,2.2,84.8295282034
10,1.7,2.3,84.3283038446
10,1.7,2.3,84.4886447712
10,1.7,2.3,84.2580941106
10,1.7,2.3,83.4150634068
10,1.7,2.3,88.4338374229
20,1.5,2.1,69.8083455149
20,1.5,2.1,68.040335285
20,1.5,2.1,68.0640411796
20,1.5,2.1,68.0590335232
20,1.5,2.1,69.936001027
20,1.5,2.2,70.6411791005
20,1.5,2.2,68.4300374426
20,1.5,2.2,70.9087383443
20,1.5,2.2,67.3423795553
20,1.5,2.2,66.911341447
20,1.5,2.3,74.0261582918
20,1.5,2.3,68.2991042035
20,1.5,2.3,70.1489940756
20,1.5,2.3,72.772947523
20,1.5,2.3,67.4313841011
20,1.6,2.1,67.9608810688
20,1.6,2.1,68.2256379197
20,1.6,2.1,63.7891564217
20,1.6,2.1,69.2820882464
20,1.6,2.1,68.1606150852
20,1.6,2.2,68.0689170122
20,1.6,2.2,67.8848750314
20,1.6,2.2,69.2421955728
20,1.6,2.2,75.0455303803
20,1.6,2.2,71.0254498098
20,1.6,2.3,65.9264085436
20,1.6,2.3,69.3702210467
20,1.6,2.3,71.216783031
20,1.6,2.3,67.775355606
20,1.6,2.3,70.3652228166
20,1.7,2.1,69.909422254
20,1.7,2.1,67.5824503679
20,1.7,2.1,69.5528018533
20,1.7,2.1,66.2289999465
20,1.7,2.1,68.6843555231
20,1.7,2.2,66.230219779
20,1.7,2.2,69.6419300722
20,1.7,2.2,69.4454266949
20,1.7,2.2,69.7915185251
20,1.7,2.2,72.5265675108
20,1.7,2.3,71.0996971384
20,1.7,2.3,73.3869154155
20,1.7,2.3,68.9673565857
20,1.7,2.3,67.4022938309
20,1.7,2.3,70.769306267
30,1.5,2.1,59.6912370545
30,1.5,2.1,62.310256728
30,1.5,2.1,60.6209493793
30,1.5,2.1,58.9164996219
30,1.5,2.1,58.6383526716
30,1.5,2.2,57.0117153273
30,1.5,2.2,59.557577365
30,1.5,2.2,58.3858816178
30,1.5,2.2,62.4880893345
30,1.5,2.2,59.9485230012
30,1.5,2.3,58.5347890765
30,1.5,2.3,63.7830959059
30,1.5,2.3,63.1569978323
30,1.5,2.3,59.1449091602
30,1.5,2.3,60.2792969593
30,1.6,2.1,58.8886842317
30,1.6,2.1,55.3697023909
30,1.6,2.1,61.3035809285
30,1.6,2.1,59.2953008807
30,1.6,2.1,60.0008024218
30,1.6,2.2,59.2775923013
30,1.6,2.2,59.7762813142
30,1.6,2.2,63.0292500735
30,1.6,2.2,57.9684516074
30,1.6,2.2,61.321242259
30,1.6,2.3,57.5270544401
30,1.6,2.3,58.3567822988
30,1.6,2.3,63.6232199866
30,1.6,2.3,60.9068786674
30,1.6,2.3,60.1264236073
30,1.7,2.1,64.3809329094
30,1.7,2.1,61.5336091323
30,1.7,2.1,59.1637210715
30,1.7,2.1,62.9196665339
30,1.7,2.1,58.6785328663
30,1.7,2.2,61.3984505554
30,1.7,2.2,57.7170597317
30,1.7,2.2,60.3093071307
30,1.7,2.2,56.9383166605
30,1.7,2.2,61.4289909419
30,1.7,2.3,58.6454700325
30,1.7,2.3,62.9039624007
30,1.7,2.3,60.3053104108
30,1.7,2.3,62.3201713634
30,1.7,2.3,58.7042986713
1,2.4,2.9,100.000813352
1,2.4,2.9,99.5792429036
1,2.4,2.9,100.194626381
1,2.4,2.9,99.9478318707
1,2.4,2.9,100.526651737
1,2.4,3.0,100.455261763
1,2.4,3.0,99.619250594
1,2.4,3.0,101.712577939
1,2.4,3.0,100.230883678
1,2.4,3.0,100.078158526
1,2.4,3.1,100.379980525
1,2.4,3.1,100.057005947
1,2.4,3.1,99.031269699
1,2.4,3.1,99.3865932103
1,2.4,3.1,100.305823419
1,2.5,2.9,99.5343599463
1,2.5,2.9,100.220624251
1,2.5,2.9,99.7475818925
1,2.5,2.9,98.8741441082
1,2.5,2.9,99.9798913896
1,2.5,3.0,99.0950004889
1,2.5,3.0,99.5720171409
1,2.5,3.0,99.5428752828
1,2.5,3.0,100.4450761
1,2.5,3.0,99.3569591234
1,2.5,3.1,99.5622364625
1,2.5,3.1,99.1046006201
1,2.5,3.1,99.5554682481
1,2.5,3.1,99.2874801703
1,2.5,3.1,98.5703942406
1,2.6,2.9,98.9332371851
1,2.6,2.9,98.3099768467
1,2.6,2.9,98.3227377882
1,2.6,2.9,98.6700680085
1,2.6,2.9,97.958545591
1,2.6,3.0,98.2007800564
1,2.6,3.0,97.9863506463
1,2.6,3.0,98.9392951849
1,2.6,3.0,96.8375318242
1,2.6,3.0,98.8628049295
1,2.6,3.1,97.086362121
1,2.6,3.1,96.9443138208
1,2.6,3.1,98.3684184724
1,2.6,3.1,98.2549859426
1,2.6,3.1,97.6069202302
5,2.4,2.9,92.3879151525
5,2.4,2.9,94.8175239289
5,2.4,2.9,96.736284563
5,2.4,2.9,93.9014628637
5,2.4,2.9,96.2632639579
5,2.4,3.0,94.5448146764
5,2.4,3.0,94.7486375442
5,2.4,3.0,91.6756017779
5,2.4,3.0,94.774428633
5,2.4,3.0,91.98194421
5,2.4,3.1,95.695015986
5,2.4,3.1,94.419058508
5,2.4,3.1,96.9431894621
5,2.4,3.1,95.4602639545
5,2.4,3.1,91.604130814
5,2.5,2.9,95.5011127276
5,2.5,2.9,95.7949247081
5,2.5,2.9,94.8440293345
5,2.5,2.9,93.2466096304
5,2.5,2.9,93.4750318986
5,2.5,3.0,100.221797218
5,2.5,3.0,96.0837244401
5,2.5,3.0,97.073440805
5,2.5,3.0,91.8849030364
5,2.5,3.0,97.1516553981
5,2.5,3.1,92.6797853322
5,2.5,3.1,92.8728854662
5,2.5,3.1,94.9959594798
5,2.5,3.1,93.1912518227
5,2.5,3.1,95.3052225457
5,2.6,2.9,95.4750774312
5,2.6,2.9,91.0194262814
5,2.6,2.9,92.1241640602
5,2.6,2.9,95.2985268347
5,2.6,2.9,91.5814650466
5,2.6,3.0,91.0426725493
5,2.6,3.0,92.3568970286
5,2.6,3.0,94.5327495338
5,2.6,3.0,91.711544024
5,2.6,3.0,90.9710388816
5,2.6,3.1,94.9108401008
5,2.6,3.1,92.7725830138
5,2.6,3.1,94.3209876971
5,2.6,3.1,95.1599936201
5,2.6,3.1,91.3173172512
10,2.4,2.9,83.493440842
10,2.4,2.9,84.8207593411
10,2.4,2.9,85.1852469029
10,2.4,2.9,85.4506888911
10,2.4,2.9,87.0227678788
10,2.4,3.0,84.0082854219
10,2.4,3.0,82.9104094121
10,2.4,3.0,91.0659901797
10,2.4,3.0,81.9569975242
10,2.4,3.0,87.5564802371
10,2.4,3.1,84.5534232934
10,2.4,3.1,85.0283387064
10,2.4,3.1,84.8509965492
10,2.4,3.1,85.3721776866
10,2.4,3.1,87.0696923085
10,2.5,2.9,85.783750858
10,2.5,2.9,86.2782617085
10,2.5,2.9,84.8929203888
10,2.5,2.9,85.5598102087
10,2.5,2.9,86.2392025357
10,2.5,3.0,83.9174387507
10,2.5,3.0,89.2443936108
10,2.5,3.0,86.8351602502
10,2.5,3.0,84.9907210209
10,2.5,3.0,90.1573032955
10,2.5,3.1,83.1294790418
10,2.5,3.1,87.5611209196
10,2.5,3.1,85.2469588928
10,2.5,3.1,85.6114588833
10,2.5,3.1,87.573056375
10,2.6,2.9,87.1265936052
10,2.6,2.9,80.285145375
10,2.6,2.9,87.2213078838
10,2.6,2.9,81.9913285048
10,2.6,2.9,87.1483901001
10,2.6,3.0,86.7362531871
10,2.6,3.0,85.8814194173
10,2.6,3.0,80.4189161493
10,2.6,3.0,81.1249682399
10,2.6,3.0,86.4052130035
10,2.6,3.1,85.2926684541
10,2.6,3.1,85.7162371683
10,2.6,3.1,81.5734396787
10,2.6,3.1,83.0323545348
10,2.6,3.1,86.3297711568
20,2.4,2.9,71.8391014827
20,2.4,2.9,76.8647795937
20,2.4,2.9,72.1451740605
20,2.4,2.9,69.118629583
20,2.4,2.9,70.2865642594
20,2.4,3.0,66.5456126802
20,2.4,3.0,69.0682835554
20,2.4,3.0,75.4921332261
20,2.4,3.0,73.6476070837
20,2.4,3.0,72.3640962947
20,2.4,3.1,70.3040245244
20,2.4,3.1,71.1901326336
20,2.4,3.1,75.1972166029
20,2.4,3.1,75.3535100875
20,2.4,3.1,70.4080402733
20,2.5,2.9,73.5878560966
20,2.5,2.9,75.0360118926
20,2.5,2.9,68.0052251892
20,2.5,2.9,68.5302106966
20,2.5,2.9,71.2887561055
20,2.5,3.0,71.7285736306
20,2.5,3.0,70.8232240549
20,2.5,3.0,72.1332863564
20,2.5,3.0,69.8701595692
20,2.5,3.0,71.0643315665
20,2.5,3.1,71.8646081129
20,2.5,3.1,71.6828682811
20,2.5,3.1,67.876888764
20,2.5,3.1,73.421298159
20,2.5,3.1,72.1918210387
20,2.6,2.9,73.8185299247
20,2.6,2.9,71.7707419232
20,2.6,2.9,74.6821133713
20,2.6,2.9,73.5223007606
20,2.6,2.9,67.7277529664
20,2.6,3.0,73.6493075917
20,2.6,3.0,71.6345733418
20,2.6,3.0,70.492482201
20,2.6,3.0,65.0491987283
20,2.6,3.0,72.3352307562
20,2.6,3.1,69.187391471
20,2.6,3.1,71.7802254577
20,2.6,3.1,74.0624793411
20,2.6,3.1,68.1422699951
20,2.6,3.1,71.207182163
30,2.4,2.9,60.1007957263
30,2.4,2.9,66.9786680283
30,2.4,2.9,59.4434435346
30,2.4,2.9,63.1441103288
30,2.4,2.9,65.5353408873
30,2.4,3.0,64.224245738
30,2.4,3.0,65.8238040033
30,2.4,3.0,65.9545597466
30,2.4,3.0,62.1061806023
30,2.4,3.0,59.1371874177
30,2.4,3.1,61.3431534212
30,2.4,3.1,59.8819210826
30,2.4,3.1,61.0061709953
30,2.4,3.1,58.6643964369
30,2.4,3.1,65.3695288151
30,2.5,2.9,61.390761057
30,2.5,2.9,63.1288770951
30,2.5,2.9,60.2257985643
30,2.5,2.9,64.3640078454
30,2.5,2.9,62.8629289013
30,2.5,3.0,60.9922924915
30,2.5,3.0,61.2674774715
30,2.5,3.0,61.7417154849
30,2.5,3.0,65.8820617558
30,2.5,3.0,60.1229555256
30,2.5,3.1,60.0931623736
30,2.5,3.1,61.8567371439
30,2.5,3.1,68.0969776637
30,2.5,3.1,59.3466269103
30,2.5,3.1,62.8646650662
30,2.6,2.9,60.4945032048
30,2.6,2.9,64.7968370866
30,2.6,2.9,61.6053795449
30,2.6,2.9,62.4373356458
30,2.6,2.9,61.8518391061
30,2.6,3.0,59.8992383839
30,2.6,3.0,61.9828716959
30,2.6,3.0,62.8360802289
30,2.6,3.0,62.8246724216
30,2.6,3.0,59.6521163581
30,2.6,3.1,64.4213765061
30,2.6,3.1,64.4832745849
30,2.6,3.1,60.9056212704
30,2.6,3.1,56.7725820465
30,2.6,3.1,60.5129326672
1,2.4,2.9,101.169505657
1,2.4,2.9,100.843431932
1,2.4,2.9,99.9145486149
1,2.4,2.9,101.280613495
1,2.4,2.9,101.286445126
1,2.4,3.0,100.080892339
1,2.4,3.0,100.483142746
1,2.4,3.0,100.176805457
1,2.4,3.0,100.495977054
1,2.4,3.0,101.164340202
1,2.4,3.1,100.342088392
1,2.4,3.1,99.8616078052
1,2.4,3.1,100.916809208
1,2.4,3.1,100.149882106
1,2.4,3.1,100.523040134
1,2.5,2.9,99.153022194
1,2.5,2.9,99.7579871763
1,2.5,2.9,98.9359808412
1,2.5,2.9,99.0585309617
1,2.5,2.9,99.0411934114
1,2.5,3.0,99.611630137
1,2.5,3.0,98.553790829
1,2.5,3.0,99.1619098535
1,2.5,3.0,98.5650389508
1,2.5,3.0,98.5240492438
1,2.5,3.1,98.7840850889
1,2.5,3.1,99.6872354237
1,2.5,3.1,99.0513445658
1,2.5,3.1,99.3757734446
1,2.5,3.1,99.2893625016
1,2.6,2.9,98.4662665456
1,2.6,2.9,99.0774905745
1,2.6,2.9,97.4269716777
1,2.6,2.9,97.75351858
1,2.6,2.9,98.457957251
1,2.6,3.0,98.0822029769
1,2.6,3.0,98.8844262845
1,2.6,3.0,97.5263806131
1,2.6,3.0,98.2560515301
1,2.6,3.0,98.0067765789
1,2.6,3.1,97.6126312083
1,2.6,3.1,97.3372569577
1,2.6,3.1,97.795219344
1,2.6,3.1,97.4241033498
1,2.6,3.1,97.9146679299
5,2.4,2.9,93.7986660542
5,2.4,2.9,94.2481266338
5,2.4,2.9,93.0845527444
5,2.4,2.9,92.7401361276
5,2.4,2.9,92.6137074898
5,2.4,3.0,95.7100100092
5,2.4,3.0,95.9522542105
5,2.4,3.0,92.9673345112
5,2.4,3.0,92.5990655622
5,2.4,3.0,93.0103860458
5,2.4,3.1,93.6010055153
5,2.4,3.1,92.9678710326
5,2.4,3.1,93.340805763
5,2.4,3.1,94.7339303753
5,2.4,3.1,96.7717851879
5,2.5,2.9,94.5820121983
5,2.5,2.9,93.5061733753
5,2.5,2.9,94.3995359212
5,2.5,2.9,96.35342198
5,2.5,2.9,94.5242171105
5,2.5,3.0,95.5274413163
5,2.5,3.0,96.3443456018
5,2.5,3.0,93.753120472
5,2.5,3.0,92.6140815575
5,2.5,3.0,95.0823437094
5,2.5,3.1,93.0333198323
5,2.5,3.1,92.7444403719
5,2.5,3.1,88.8476089432
5,2.5,3.1,92.7209304764
5,2.5,3.1,92.7350608872
5,2.6,2.9,90.9123975638
5,2.6,2.9,94.0136984214
5,2.6,2.9,92.4576411733
5,2.6,2.9,95.4759308274
5,2.6,2.9,96.3339493876
5,2.6,3.0,94.1812283478
5,2.6,3.0,89.560842723
5,2.6,3.0,91.4765082322
5,2.6,3.0,92.1948122535
5,2.6,3.0,92.4930697123
5,2.6,3.1,95.4336198839
5,2.6,3.1,92.4357081237
5,2.6,3.1,89.8074313207
5,2.6,3.1,93.983985654
5,2.6,3.1,93.1871258352
10,2.4,2.9,89.0781502192
10,2.4,2.9,82.4677131699
10,2.4,2.9,81.51633975
10,2.4,2.9,86.0339985532
10,2.4,2.9,85.1876047715
10,2.4,3.0,84.8402673682
10,2.4,3.0,85.4857764935
10,2.4,3.0,87.3781125348
10,2.4,3.0,89.9749773792
10,2.4,3.0,89.3786845739
10,2.4,3.1,85.755552935
10,2.4,3.1,86.119316125
10,2.4,3.1,83.1008628448
10,2.4,3.1,87.4872454315
10,2.4,3.1,88.9349741648
10,2.5,2.9,84.6890422454
10,2.5,2.9,83.4794191143
10,2.5,2.9,88.0431639946
10,2.5,2.9,84.6087329646
10,2.5,2.9,87.1685162982
10,2.5,3.0,87.3282460436
10,2.5,3.0,85.3830134388
10,2.5,3.0,81.0492458413
10,2.5,3.0,85.6052615761
10,2.5,3.0,83.2837405843
10,2.5,3.1,87.8256727298
10,2.5,3.1,86.3016371346
10,2.5,3.1,88.4229686186
10,2.5,3.1,84.5651095784
10,2.5,3.1,85.7159108354
10,2.6,2.9,81.5280413074
10,2.6,2.9,83.1691759308
10,2.6,2.9,81.754345586
10,2.6,2.9,91.9712150029
10,2.6,2.9,85.0623396503
10,2.6,3.0,87.6293744492
10,2.6,3.0,81.1644824229
10,2.6,3.0,83.4186024909
10,2.6,3.0,87.1817696809
10,2.6,3.0,82.7423986078
10,2.6,3.1,85.6858448197
10,2.6,3.1,85.6411658513
10,2.6,3.1,87.1107661371
10,2.6,3.1,83.2430545764
10,2.6,3.1,84.654013421
20,2.4,2.9,70.217448332
20,2.4,2.9,71.800047326
20,2.4,2.9,75.4414381032
20,2.4,2.9,69.0652860458
20,2.4,2.9,71.1557332676
20,2.4,3.0,72.2037722096
20,2.4,3.0,70.3051239465
20,2.4,3.0,74.191387323
20,2.4,3.0,74.5894869475
20,2.4,3.0,68.1505511376
20,2.4,3.1,70.8129186397
20,2.4,3.1,72.3741466105
20,2.4,3.1,73.8514879892
20,2.4,3.1,69.1055436896
20,2.4,3.1,72.3279064849
20,2.5,2.9,65.3688281133
20,2.5,2.9,74.0626972063
20,2.5,2.9,69.3327124146
20,2.5,2.9,77.0218443915
20,2.5,2.9,71.7513590398
20,2.5,3.0,70.3738284353
20,2.5,3.0,69.4415372845
20,2.5,3.0,73.4663881072
20,2.5,3.0,70.0439742705
20,2.5,3.0,67.6172468698
20,2.5,3.1,69.0172788099
20,2.5,3.1,73.134955575
20,2.5,3.1,67.7239801992
20,2.5,3.1,70.0507552626
20,2.5,3.1,71.1707426654
20,2.6,2.9,70.2268857075
20,2.6,2.9,71.1972287777
20,2.6,2.9,72.8395862307
20,2.6,2.9,73.5079980799
20,2.6,2.9,72.7586453845
20,2.6,3.0,67.5517746899
20,2.6,3.0,69.5439560293
20,2.6,3.0,70.9913887537
20,2.6,3.0,70.7768493237
20,2.6,3.0,71.9977453342
20,2.6,3.1,68.0876395783
20,2.6,3.1,68.6916112673
20,2.6,3.1,69.6296690022
20,2.6,3.1,70.0201396611
20,2.6,3.1,73.3848751954
30,2.4,2.9,60.0887571266
30,2.4,2.9,63.0183775989
30,2.4,2.9,63.2822153837
30,2.4,2.9,64.2840964593
30,2.4,2.9,65.5772122599
30,2.4,3.0,63.3445625493
30,2.4,3.0,63.6628992746
30,2.4,3.0,61.9626434082
30,2.4,3.0,61.1721114166
30,2.4,3.0,68.1630958824
30,2.4,3.1,57.3789400619
30,2.4,3.1,66.5215131025
30,2.4,3.1,63.1089881652
30,2.4,3.1,66.54961472
30,2.4,3.1,62.6273217535
30,2.5,2.9,67.9479753896
30,2.5,2.9,64.7878956397
30,2.5,2.9,62.3744087169
30,2.5,2.9,64.4608703499
30,2.5,2.9,60.7137806277
30,2.5,3.0,58.4172542062
30,2.5,3.0,62.1594353348
30,2.5,3.0,65.6272147234
30,2.5,3.0,62.8076678416
30,2.5,3.0,61.3723868393
30,2.5,3.1,63.8446198551
30,2.5,3.1,58.3020343187
30,2.5,3.1,66.1443038896
30,2.5,3.1,64.3039610801
30,2.5,3.1,65.1004847773
30,2.6,2.9,61.2309720032
30,2.6,2.9,67.5602013373
30,2.6,2.9,61.0637553409
30,2.6,2.9,59.1531997035
30,2.6,2.9,62.8206864033
30,2.6,3.0,64.206914328
30,2.6,3.0,60.2515297862
30,2.6,3.0,62.8449174879
30,2.6,3.0,60.6484273156
30,2.6,3.0,58.8066386939
30,2.6,3.1,68.2724234099
30,2.6,3.1,59.853221242
30,2.6,3.1,62.950612483
30,2.6,3.1,60.9474567472
30,2.6,3.1,59.603204255
1,2.3,2.9,101.263246813
1,2.3,2.9,101.169093299
1,2.3,2.9,101.835735284
1,2.3,2.9,100.90978848
1,2.3,2.9,100.883724423
1,2.3,3.0,100.446787634
1,2.3,3.0,100.902481516
1,2.3,3.0,102.081632939
1,2.3,3.0,101.684428305
1,2.3,3.0,101.37516144
1,2.3,3.1,99.9718362692
1,2.3,3.1,101.910220845
1,2.3,3.1,101.489047373
1,2.3,3.1,100.321845369
1,2.3,3.1,100.754775049
1,2.4,2.9,100.634633627
1,2.4,2.9,100.001999446
1,2.4,2.9,100.815853985
1,2.4,2.9,100.009752872
1,2.4,2.9,100.996194578
1,2.4,3.0,100.879892904
1,2.4,3.0,99.9071729046
1,2.4,3.0,99.5607443748
1,2.4,3.0,101.140074868
1,2.4,3.0,99.4724555112
1,2.4,3.1,101.188900066
1,2.4,3.1,100.012388191
1,2.4,3.1,100.208093628
1,2.4,3.1,99.6360308023
1,2.4,3.1,100.7275754
1,2.5,2.9,99.4397684159
1,2.5,2.9,99.0172339704
1,2.5,2.9,98.7353006391
1,2.5,2.9,99.1525615007
1,2.5,2.9,99.0668553767
1,2.5,3.0,99.4880218454
1,2.5,3.0,99.9015586317
1,2.5,3.0,99.0416639233
1,2.5,3.0,98.988646969
1,2.5,3.0,99.198531314
1,2.5,3.1,98.3942083601
1,2.5,3.1,99.2460673243
1,2.5,3.1,99.1173589
1,2.5,3.1,99.4650137169
1,2.5,3.1,98.9814110662
5,2.3,2.9,91.4923488154
5,2.3,2.9,93.5441016617
5,2.3,2.9,94.1961045062
5,2.3,2.9,90.9475599499
5,2.3,2.9,93.6634634764
5,2.3,3.0,92.8603534632
5,2.3,3.0,94.4725696231
5,2.3,3.0,97.0937417502
5,2.3,3.0,92.8184651853
5,2.3,3.0,94.6409967655
5,2.3,3.1,94.6959344915
5,2.3,3.1,95.9363553047
5,2.3,3.1,96.2964280193
5,2.3,3.1,94.9859027993
5,2.3,3.1,93.6829339143
5,2.4,2.9,93.710704739
5,2.4,2.9,92.9470242402
5,2.4,2.9,90.177301534
5,2.4,2.9,94.8170050931
5,2.4,2.9,94.0154195545
5,2.4,3.0,91.3042272658
5,2.4,3.0,95.1308121122
5,2.4,3.0,94.6254912178
5,2.4,3.0,92.7470579405
5,2.4,3.0,92.1594636837
5,2.4,3.1,93.7371674347
5,2.4,3.1,93.5939042816
5,2.4,3.1,94.9545091323
5,2.4,3.1,95.4231593993
5,2.4,3.1,95.8055375559
5,2.5,2.9,92.2199746463
5,2.5,2.9,93.7020578051
5,2.5,2.9,95.3015617
5,2.5,2.9,91.1736772806
5,2.5,2.9,90.8529516028
5,2.5,3.0,92.892920865
5,2.5,3.0,98.2932356896
5,2.5,3.0,96.2610413967
5,2.5,3.0,92.2442475515
5,2.5,3.0,95.9428414978
5,2.5,3.1,91.6027304957
5,2.5,3.1,94.9163243367
5,2.5,3.1,96.0778195917
5,2.5,3.1,96.7644301719
5,2.5,3.1,93.3721282828
10,2.3,2.9,82.3374154055
10,2.3,2.9,86.5745065175
10,2.3,2.9,86.6874921599
10,2.3,2.9,82.2855780411
10,2.3,2.9,87.42899865
10,2.3,3.0,84.5782873897
10,2.3,3.0,86.3406297562
10,2.3,3.0,85.4461652897
10,2.3,3.0,86.0771909574
10,2.3,3.0,85.997465231
10,2.3,3.1,88.6754413463
10,2.3,3.1,86.3864227117
10,2.3,3.1,82.6564723641
10,2.3,3.1,84.2012799504
10,2.3,3.1,90.3813151571
10,2.4,2.9,84.6410809307
10,2.4,2.9,85.771647247
10,2.4,2.9,86.292310262
10,2.4,2.9,83.9262278592
10,2.4,2.9,85.7967307154
10,2.4,3.0,83.6982586733
10,2.4,3.0,81.4021529807
10,2.4,3.0,86.1399693677
10,2.4,3.0,85.8539231441
10,2.4,3.0,88.4963030184
10,2.4,3.1,87.9378416974
10,2.4,3.1,82.8013134911
10,2.4,3.1,83.6387762865
10,2.4,3.1,80.4652548397
10,2.4,3.1,84.8706599954
10,2.5,2.9,81.7109659139
10,2.5,2.9,86.2243120284
10,2.5,2.9,82.1850826774
10,2.5,2.9,84.6857955584
10,2.5,2.9,87.7210087768
10,2.5,3.0,89.3884406498
10,2.5,3.0,84.2100898039
10,2.5,3.0,86.6754291494
10,2.5,3.0,86.0717810232
10,2.5,3.0,88.6997527275
10,2.5,3.1,85.5972693867
10,2.5,3.1,83.378268208
10,2.5,3.1,83.9528978126
10,2.5,3.1,86.7908292411
10,2.5,3.1,84.4191454405
20,2.3,2.9,71.5829942527
20,2.3,2.9,66.9960189167
20,2.3,2.9,68.0843290699
20,2.3,2.9,73.1919970237
20,2.3,2.9,72.0869809242
20,2.3,3.0,72.5885564156
20,2.3,3.0,68.3740433595
20,2.3,3.0,70.3587903236
20,2.3,3.0,73.8242373684
20,2.3,3.0,68.0567206288
20,2.3,3.1,71.4299502437
20,2.3,3.1,67.4476718527
20,2.3,3.1,71.0611360829
20,2.3,3.1,71.6699039673
20,2.3,3.1,68.5017985568
20,2.4,2.9,70.8021590004
20,2.4,2.9,73.095378305
20,2.4,2.9,70.4489133623
20,2.4,2.9,76.3664576084
20,2.4,2.9,68.4509667207
20,2.4,3.0,73.1320936003
20,2.4,3.0,70.3410940895
20,2.4,3.0,75.412342164
20,2.4,3.0,75.700662321
20,2.4,3.0,72.9258471014
20,2.4,3.1,68.6497200374
20,2.4,3.1,74.6488348659
20,2.4,3.1,73.6536787024
20,2.4,3.1,74.7838783382
20,2.4,3.1,73.7257194757
20,2.5,2.9,69.6965655722
20,2.5,2.9,69.5920285877
20,2.5,2.9,74.7176033111
20,2.5,2.9,75.6282104918
20,2.5,2.9,72.3118231487
20,2.5,3.0,71.0114522641
20,2.5,3.0,75.6166005626
20,2.5,3.0,69.8918544286
20,2.5,3.0,71.3433132909
20,2.5,3.0,67.115716275
20,2.5,3.1,69.6320174075
20,2.5,3.1,73.6323752465
20,2.5,3.1,74.5119741739
20,2.5,3.1,71.4167858835
20,2.5,3.1,70.6645666248
30,2.3,2.9,59.4847522636
30,2.3,2.9,61.8260203013
30,2.3,2.9,61.1789088297
30,2.3,2.9,61.0958228105
30,2.3,2.9,60.541512963
30,2.3,3.0,60.5318610065
30,2.3,3.0,58.3300692511
30,2.3,3.0,60.3622691187
30,2.3,3.0,66.3402130458
30,2.3,3.0,62.2440027192
30,2.3,3.1,62.1776908336
30,2.3,3.1,61.0461594315
30,2.3,3.1,61.3777369606
30,2.3,3.1,63.4083354871
30,2.3,3.1,62.800535654
30,2.4,2.9,60.9584391179
30,2.4,2.9,63.1899639853
30,2.4,2.9,63.9506607187
30,2.4,2.9,62.6429124139
30,2.4,2.9,64.1624353254
30,2.4,3.0,61.4965426976
30,2.4,3.0,63.4439761944
30,2.4,3.0,63.0198266169
30,2.4,3.0,63.5102444501
30,2.4,3.0,63.8729088331
30,2.4,3.1,58.6049187677
30,2.4,3.1,59.6542815137
30,2.4,3.1,57.556162147
30,2.4,3.1,61.8272742727
30,2.4,3.1,62.5175578472
30,2.5,2.9,61.7182464618
30,2.5,2.9,63.3671217521
30,2.5,2.9,62.3137062202
30,2.5,2.9,63.2406679934
30,2.5,2.9,62.4368821888
30,2.5,3.0,61.1255992438
30,2.5,3.0,61.7678242199
30,2.5,3.0,63.5585639318
30,2.5,3.0,58.0388360178
30,2.5,3.0,60.3453518506
30,2.5,3.1,61.709643416
30,2.5,3.1,57.4154474918
30,2.5,3.1,59.9951057537
30,2.5,3.1,61.3810385871
30,2.5,3.1,61.7215260238
1,2.4,2.9,100.585148053
1,2.4,2.9,100.011393357
1,2.4,2.9,99.8824515377
1,2.4,2.9,99.9897008405
1,2.4,2.9,101.545297127
1,2.4,3.0,100.891470092
1,2.4,3.0,99.4926073273
1,2.4,3.0,100.0570401
1,2.4,3.0,100.75560568
1,2.4,3.0,99.9718624033
1,2.4,3.1,100.763904905
1,2.4,3.1,99.7837182657
1,2.4,3.1,99.8306332656
1,2.4,3.1,99.8727179284
1,2.4,3.1,99.441341362
1,2.5,2.9,99.9862458391
1,2.5,2.9,100.214112099
1,2.5,2.9,99.3141513386
1,2.5,2.9,99.3667779526
1,2.5,2.9,99.075308297
1,2.5,3.0,99.0247486419
1,2.5,3.0,99.5281058461
1,2.5,3.0,99.6806155292
1,2.5,3.0,99.9722980206
1,2.5,3.0,99.0826303106
1,2.5,3.1,99.5146644796
1,2.5,3.1,99.7439002579
1,2.5,3.1,98.7756089077
1,2.5,3.1,98.9221533589
1,2.5,3.1,98.6262174938
1,2.6,2.9,98.1258926404
1,2.6,2.9,98.1878815946
1,2.6,2.9,98.2095629232
1,2.6,2.9,98.1322170806
1,2.6,2.9,98.4624387683
1,2.6,3.0,97.1029463874
1,2.6,3.0,98.1072414907
1,2.6,3.0,98.4509265837
1,2.6,3.0,97.8411604758
1,2.6,3.0,98.1183101133
1,2.6,3.1,97.6968955275
1,2.6,3.1,97.8617347787
1,2.6,3.1,98.4115639919
1,2.6,3.1,98.6279803501
1,2.6,3.1,98.1514854478
5,2.4,2.9,96.095599174
5,2.4,2.9,95.8108617491
5,2.4,2.9,94.4023422351
5,2.4,2.9,93.9251677542
5,2.4,2.9,93.0824642342
5,2.4,3.0,97.1300379289
5,2.4,3.0,95.7882448822
5,2.4,3.0,96.9429105708
5,2.4,3.0,95.7795727754
5,2.4,3.0,92.8757184022
5,2.4,3.1,94.8132991743
5,2.4,3.1,96.7478241494
5,2.4,3.1,96.958243141
5,2.4,3.1,94.5802350372
5,2.4,3.1,95.4927954898
5,2.5,2.9,91.54644703
5,2.5,2.9,93.2745598763
5,2.5,2.9,93.6008487605
5,2.5,2.9,93.3023600515
5,2.5,2.9,97.0723617314
5,2.5,3.0,97.3747206662
5,2.5,3.0,95.5803221077
5,2.5,3.0,94.0431116199
5,2.5,3.0,98.240678912
5,2.5,3.0,91.7769278779
5,2.5,3.1,96.1946633067
5,2.5,3.1,97.1154867844
5,2.5,3.1,91.0303259253
5,2.5,3.1,95.2959227083
5,2.5,3.1,94.4222579884
5,2.6,2.9,94.4927218663
5,2.6,2.9,93.2347330433
5,2.6,2.9,96.948422481
5,2.6,2.9,93.1131777837
5,2.6,2.9,92.748126841
5,2.6,3.0,92.7642273783
5,2.6,3.0,93.0974866452
5,2.6,3.0,94.32614743
5,2.6,3.0,93.6822513281
5,2.6,3.0,91.8060834224
5,2.6,3.1,95.2404352208
5,2.6,3.1,93.1740401556
5,2.6,3.1,91.1737644481
5,2.6,3.1,95.2145812362
5,2.6,3.1,92.6662362929
10,2.4,2.9,82.3017670975
10,2.4,2.9,86.2577904158
10,2.4,2.9,85.8870701333
10,2.4,2.9,85.8667775349
10,2.4,2.9,83.779857397
10,2.4,3.0,87.570741008
10,2.4,3.0,87.754901845
10,2.4,3.0,89.2322145221
10,2.4,3.0,84.4120229
10,2.4,3.0,86.9694985905
10,2.4,3.1,84.3940759841
10,2.4,3.1,85.8457977085
10,2.4,3.1,86.2317377736
10,2.4,3.1,85.3859380992
10,2.4,3.1,85.9305369598
10,2.5,2.9,85.4701441658
10,2.5,2.9,87.9735435855
10,2.5,2.9,85.6270457382
10,2.5,2.9,85.9974424521
10,2.5,2.9,85.3206496708
10,2.5,3.0,85.5718904661
10,2.5,3.0,85.6675954164
10,2.5,3.0,84.4686594304
10,2.5,3.0,85.7321548031
10,2.5,3.0,84.3037149514
10,2.5,3.1,90.5260062204
10,2.5,3.1,88.822555596
10,2.5,3.1,84.5081354517
10,2.5,3.1,86.1939641485
10,2.5,3.1,86.8775824507
10,2.6,2.9,86.4291078907
10,2.6,2.9,86.9077370184
10,2.6,2.9,85.5879710027
10,2.6,2.9,84.0678533211
10,2.6,2.9,87.8302943747
10,2.6,3.0,84.7688283395
10,2.6,3.0,85.348554687
10,2.6,3.0,84.3647847672
10,2.6,3.0,80.6739619425
10,2.6,3.0,85.6951514311
10,2.6,3.1,78.6040204881
10,2.6,3.1,86.4993345984
10,2.6,3.1,91.9577507466
10,2.6,3.1,85.641697782
10,2.6,3.1,85.5112242272
20,2.4,2.9,71.7256796067
20,2.4,2.9,70.3574428175
20,2.4,2.9,71.6572832935
20,2.4,2.9,70.9728950266
20,2.4,2.9,67.8470994281
20,2.4,3.0,71.8706824731
20,2.4,3.0,72.4873928113
20,2.4,3.0,70.5799713707
20,2.4,3.0,75.2133689412
20,2.4,3.0,72.289251136
20,2.4,3.1,72.7791155565
20,2.4,3.1,71.7977561604
20,2.4,3.1,75.6398056987
20,2.4,3.1,69.4904129674
20,2.4,3.1,67.9820408155
20,2.5,2.9,75.9472255721
20,2.5,2.9,71.1550741245
20,2.5,2.9,70.6612793651
20,2.5,2.9,68.0523155171
20,2.5,2.9,72.9799388665
20,2.5,3.0,67.8973661052
20,2.5,3.0,74.9014367062
20,2.5,3.0,72.2660037292
20,2.5,3.0,74.7141196989
20,2.5,3.0,70.1479422328
20,2.5,3.1,69.8330584083
20,2.5,3.1,68.737625521
20,2.5,3.1,71.2301790534
20,2.5,3.1,66.7245635661
20,2.5,3.1,67.3809675561
20,2.6,2.9,74.9559854715
20,2.6,2.9,69.2465607257
20,2.6,2.9,66.0987638518
20,2.6,2.9,73.1387887876
20,2.6,2.9,69.4828726852
20,2.6,3.0,68.1523040923
20,2.6,3.0,76.4493446669
20,2.6,3.0,68.2493667097
20,2.6,3.0,72.6315143146
20,2.6,3.0,72.6851556438
20,2.6,3.1,69.4438853299
20,2.6,3.1,76.4322404697
20,2.6,3.1,70.6526492274
20,2.6,3.1,69.7179870641
20,2.6,3.1,69.3927360179
30,2.4,2.9,62.6487442071
30,2.4,2.9,63.6489932679
30,2.4,2.9,61.6647549919
30,2.4,2.9,61.618808994
30,2.4,2.9,64.7762086838
30,2.4,3.0,63.9405724548
30,2.4,3.0,61.0770599102
30,2.4,3.0,59.0072352134
30,2.4,3.0,63.3815725087
30,2.4,3.0,66.8974008776
30,2.4,3.1,62.3793904782
30,2.4,3.1,63.2148913291
30,2.4,3.1,66.1111540461
30,2.4,3.1,63.4460922084
30,2.4,3.1,62.0449592317
30,2.5,2.9,64.2620310445
30,2.5,2.9,64.2108907382
30,2.5,2.9,60.5626298033
30,2.5,2.9,62.5585636272
30,2.5,2.9,62.9526446901
30,2.5,3.0,67.8908830727
30,2.5,3.0,61.9739571008
30,2.5,3.0,67.330013583
30,2.5,3.0,62.3544505091
30,2.5,3.0,64.4579665721
30,2.5,3.1,60.0305478609
30,2.5,3.1,64.1910304101
30,2.5,3.1,59.9382528749
30,2.5,3.1,62.5059469007
30,2.5,3.1,65.721183873
30,2.6,2.9,67.9853176484
30,2.6,2.9,61.9761532333
30,2.6,2.9,61.6055031454
30,2.6,2.9,64.1907104987
30,2.6,2.9,64.0359011571
30,2.6,3.0,64.9026288071
30,2.6,3.0,66.3587474119
30,2.6,3.0,59.6241711928
30,2.6,3.0,64.4167118177
30,2.6,3.0,63.7810730896
30,2.6,3.1,62.1726863194
30,2.6,3.1,64.7620150931
30,2.6,3.1,62.3299907773
30,2.6,3.1,62.1048493249
30,2.6,3.1,59.9132365901
